BANKNIFTY-I,20181101,25249.95,25450,25178.95,25377.7,196754,1490780
BANKNIFTY-II,20181101,25290.75,25550,25280,25474.95,1316,50240
BANKNIFTY-III,20181101,25410.45,25610,25370.1,25563.35,44,2360
NIFTY-I,20181101,10440.15,10447,10346,10413.45,153476,23005650
NIFTY-II,20181101,10465.85,10492.5,10391.5,10459.6,3992,891600
NIFTY-III,20181101,10505.15,10533.3,10426.1,10501.5,783,68100
NIFTYIT-I,20181101,15001,15001,14588,14687,453,25950
NIFTYIT-II,20181101,14725,14725,14725,14725,1,100
NIFTYIT-III,20181101,0,0,0,14357,0,0
NIFTYMID50-I,20181101,4783.2,4783.2,4783.2,4783.2,280,710380
NIFTYMID50-II,20181101,0,0,0,4819.75,0,0
ACC-I,20181101,1388.85,1416.65,1382.8,1408.65,4362,904800
ACC-II,20181101,1394.15,1410,1394.15,1409.25,19,10400
ACC-III,20181101,0,0,0,1360.2,0,400
ADANIENT-I,20181101,171.8,179.2,169.5,176.15,4771,31524000
ADANIENT-II,20181101,173.4,179.9,171.05,177.4,43,2580000
ADANIENT-III,20181101,0,0,0,175.6,0,0
ADANIPORTS-I,20181101,321.4,326.8,314.95,320.15,3982,16305000
ADANIPORTS-II,20181101,326,328,318,321.95,57,277500
ADANIPORTS-III,20181101,0,0,0,311.85,0,0
ADANIPOWER-I,20181101,45.7,52.25,45.25,50.5,4080,160240000
ADANIPOWER-II,20181101,46.2,51.15,46.2,51,30,420000
ADANIPOWER-III,20181101,50.45,50.45,50.45,50.45,1,20000
AJANTPHARM-I,20181101,1084.35,1104.2,1046.35,1083.35,2109,622000
AJANTPHARM-II,20181101,1109.15,1109.15,1103.45,1103.45,2,11000
AJANTPHARM-III,20181101,0,0,0,1049.95,0,1500
ALBK-I,20181101,43.8,45.5,42.65,43.45,1383,13618000
ALBK-II,20181101,44.4,45.1,42.8,43.05,7,660000
ALBK-III,20181101,0,0,0,37.95,0,0
AMARAJABAT-I,20181101,753.75,755.5,737.6,749.9,1275,1091300
AMARAJABAT-II,20181101,745,745,745,745,1,5600
AMARAJABAT-III,20181101,0,0,0,788.05,0,0
AMBUJACEM-I,20181101,198.5,201.6,197,200.2,2958,17480000
AMBUJACEM-II,20181101,200.25,201.9,199.55,201,20,47500
AMBUJACEM-III,20181101,0,0,0,195.8,0,0
APOLLOHOSP-I,20181101,1149.55,1184.9,1144.65,1175.8,1387,746000
APOLLOHOSP-II,20181101,1165,1177.95,1160.4,1173.5,14,8500
APOLLOHOSP-III,20181101,0,0,0,1132.2,0,0
APOLLOTYRE-I,20181101,219.45,224.25,217.35,219.15,2128,7137000
APOLLOTYRE-II,20181101,223,223.7,218.75,220.35,20,144000
APOLLOTYRE-III,20181101,0,0,0,211.3,0,0
ARVIND-I,20181101,344.3,356.7,336.9,346.65,10112,5250000
ARVIND-II,20181101,347.2,355.55,338,346.95,157,152000
ARVIND-III,20181101,344.05,344.05,344.05,344.05,1,2000
ASHOKLEY-I,20181101,116.25,117.4,112.3,113.8,12188,49404000
ASHOKLEY-II,20181101,116.8,117.6,112.9,114.4,248,800000
ASHOKLEY-III,20181101,118,118,118,118,1,8000
ASIANPAINT-I,20181101,1231.1,1244.4,1215.2,1222.4,4116,4866000
ASIANPAINT-II,20181101,1236,1242,1222.3,1228.65,29,31800
ASIANPAINT-III,20181101,0,0,0,1224.5,0,0
AUROPHARMA-I,20181101,800,804.65,785.1,792.4,7286,18754000
AUROPHARMA-II,20181101,800,808.65,790,794.9,109,175000
AUROPHARMA-III,20181101,802.55,802.55,796.1,796.1,2,2000
AXISBANK-I,20181101,583.25,608.7,582.65,603.45,23588,37389600
AXISBANK-II,20181101,586.3,611.5,586.3,605.05,327,416400
AXISBANK-III,20181101,595,612,595,607,6,4800
BAJAJ-AUTO-I,20181101,2612,2627,2578,2610.7,3418,2331250
BAJAJ-AUTO-II,20181101,2621,2640.85,2601,2618.8,31,16000
BAJAJ-AUTO-III,20181101,0,0,0,2527.95,0,0
BAJAJFINSV-I,20181101,5424.25,5484.3,5393.5,5413.7,2248,692500
BAJAJFINSV-II,20181101,5440.05,5486.3,5439.15,5461.5,14,5625
BAJAJFINSV-III,20181101,0,0,0,5476.85,0,0
BAJFINANCE-I,20181101,2392,2446.8,2372.3,2429.35,21803,6392250
BAJFINANCE-II,20181101,2399,2455.95,2397,2440.1,246,67000
BAJFINANCE-III,20181101,2463,2468.65,2463,2468.65,2,3250
BALKRISIND-I,20181101,1104.5,1152.85,1096.7,1130.15,3458,1544000
BALKRISIND-II,20181101,1122.5,1142.7,1122.5,1140,13,26400
BALKRISIND-III,20181101,0,0,0,1073.1,0,800
BANKBARODA-I,20181101,112.05,112.1,107.4,107.95,12480,77672000
BANKBARODA-II,20181101,111.2,112.45,108,108.5,298,1644000
BANKBARODA-III,20181101,111.2,111.2,109.3,109.3,3,20000
BANKINDIA-I,20181101,86.3,88,85.2,86.5,2684,18810000
BANKINDIA-II,20181101,86.65,88.4,86.25,87.25,7,552000
BANKINDIA-III,20181101,0,0,0,84,0,6000
BATAINDIA-I,20181101,976,1018.6,960.85,1014.15,8932,1818300
BATAINDIA-II,20181101,974.65,1022.05,966,1015.7,39,11550
BATAINDIA-III,20181101,0,0,0,941.95,0,0
BEL-I,20181101,93.25,98.3,93,97.1,4718,21720600
BEL-II,20181101,94.8,98.6,94.8,97.55,72,613800
BEL-III,20181101,96.3,96.3,96.3,96.3,1,48000
BEML-I,20181101,590,641.4,590,635.65,4580,1699500
BEML-II,20181101,595,640.35,595,638.4,17,16500
BEML-III,20181101,0,0,0,554.3,0,0
BERGEPAINT-I,20181101,281.5,294.9,276.8,293.1,3158,1962400
BERGEPAINT-II,20181101,274.1,291.5,274.1,291.5,5,44000
BERGEPAINT-III,20181101,0,0,0,296.9,0,0
BHARATFIN-I,20181101,877.2,928.35,858.95,912.4,7815,7473500
BHARATFIN-II,20181101,867.85,930.65,867.85,916.3,26,43500
BHARATFIN-III,20181101,0,0,0,923,0,0
BHARATFORG-I,20181101,584.95,589.65,576.25,581.05,1417,6888000
BHARATFORG-II,20181101,588.9,588.9,580,580,10,30000
BHARATFORG-III,20181101,0,0,0,557.85,0,0
BHARTIARTL-I,20181101,290.65,295.8,285.5,291.85,4150,44999000
BHARTIARTL-II,20181101,292.2,297.6,287.45,293.1,45,253300
BHARTIARTL-III,20181101,0,0,0,301.6,0,0
BHEL-I,20181101,67.95,69.7,67.85,68.85,3691,46192500
BHEL-II,20181101,68,69.6,68,68.9,160,2617500
BHEL-III,20181101,69.05,69.35,69.05,69.35,3,105000
BIOCON-I,20181101,658.45,667.45,642.15,645.95,4520,5463900
BIOCON-II,20181101,664.55,665,647,648.9,53,61200
BIOCON-III,20181101,660,660,650,650,9,8100
BOSCHLTD-I,20181101,20405.2,20499.95,19554.4,19695.6,1333,138570
BOSCHLTD-II,20181101,0,0,0,20145.95,0,0
BOSCHLTD-III,20181101,0,0,0,19418.95,0,0
BPCL-I,20181101,279.35,286.25,276.1,284.1,5035,12279600
BPCL-II,20181101,278.85,286.65,278.85,285.25,70,165600
BPCL-III,20181101,279.65,282.45,279.65,282.45,2,36000
BRITANNIA-I,20181101,5690,5730,5595,5606.1,1793,1392100
BRITANNIA-II,20181101,5676.05,5676.05,5676,5676,3,5600
BRITANNIA-III,20181101,0,0,0,5417.3,0,0
CADILAHC-I,20181101,361.5,365.6,358.05,360.8,1925,8115200
CADILAHC-II,20181101,363,364.35,360.6,363.6,7,44800
CADILAHC-III,20181101,0,0,0,347.65,0,0
CANBK-I,20181101,262.5,265.25,250.5,252.35,13471,8124000
CANBK-II,20181101,262.9,266,251.65,253.5,141,214000
CANBK-III,20181101,259.6,261.5,254.05,255.4,4,14000
CANFINHOME-I,20181101,277.15,283,275.3,277.2,1471,3327500
CANFINHOME-II,20181101,284,284,276.35,276.35,2,42500
CANFINHOME-III,20181101,0,0,0,251,0,3600
CAPF-I,20181101,473.95,484.75,466.3,477.7,2926,6567200
CAPF-II,20181101,474.95,485,470.55,485,62,67200
CAPF-III,20181101,0,0,0,471.5,0,0
CASTROLIND-I,20181101,148.35,148.4,144.25,145.2,787,7728000
CASTROLIND-II,20181101,144.95,145.6,144.9,145.55,7,89600
CASTROLIND-III,20181101,146.55,146.55,146.55,146.55,2,6800
CEATLTD-I,20181101,1145.55,1191.8,1144,1165.1,2949,805700
CEATLTD-II,20181101,1181,1191.95,1165,1166,29,10500
CEATLTD-III,20181101,1170,1170,1170,1170,1,0
CENTURYTEX-I,20181101,826.05,848.7,824.55,839.1,3908,5550600
CENTURYTEX-II,20181101,834.5,852.2,834.5,844.55,22,13750
CENTURYTEX-III,20181101,0,0,0,792.6,0,0
CESC-I,20181101,699.05,707.25,690,692.65,1875,1647250
CESC-II,20181101,702.85,703.45,696.7,697.2,12,8250
CESC-III,20181101,0,0,0,863.4,0,0
CGPOWER-I,20181101,35.6,36.2,35.4,35.8,546,38616000
CGPOWER-II,20181101,36,36.25,35.75,35.75,3,192000
CGPOWER-III,20181101,0,0,0,36.75,0,0
CHENNPETRO-I,20181101,258.3,265.95,258.3,261.1,576,1078500
CHENNPETRO-II,20181101,0,0,0,253.55,0,25500
CHENNPETRO-III,20181101,0,0,0,263.25,0,0
CHOLAFIN-I,20181101,1278.35,1350.5,1245.05,1333.35,2264,540500
CHOLAFIN-II,20181101,0,0,0,1266.1,0,3500
CHOLAFIN-III,20181101,0,0,0,1204,0,0
CIPLA-I,20181101,629.05,630.95,613.95,617.35,3358,8614000
CIPLA-II,20181101,627.4,627.4,617.25,620,23,57000
CIPLA-III,20181101,0,0,0,621.4,0,0
COALINDIA-I,20181101,264.05,265.1,260.65,261.6,10499,27374600
COALINDIA-II,20181101,265.5,266,261.65,262.65,96,426800
COALINDIA-III,20181101,266.9,266.9,264,264,12,46200
COLPAL-I,20181101,1115.95,1118,1093.45,1106.25,986,1653400
COLPAL-II,20181101,1100.5,1100.5,1100.5,1100.5,3,8400
COLPAL-III,20181101,0,0,0,1134.85,0,0
CONCOR-I,20181101,645,668.65,636.3,663,1062,2886250
CONCOR-II,20181101,0,0,0,632.45,0,16250
CONCOR-III,20181101,0,0,0,561.35,0,0
CUMMINSIND-I,20181101,745.35,765.9,735.7,746.05,2314,1089900
CUMMINSIND-II,20181101,0,0,0,756.05,0,700
CUMMINSIND-III,20181101,0,0,0,688.35,0,0
DABUR-I,20181101,387.05,387.05,370.1,371.5,6815,15417500
DABUR-II,20181101,382.1,388,372.55,372.9,69,75000
DABUR-III,20181101,0,0,0,406.7,0,0
DALMIABHA-I,20181101,2095.75,2141,2077.05,2124.05,983,458100
DALMIABHA-II,20181101,2088.75,2117.55,2088.1,2117.55,26,9300
DALMIABHA-III,20181101,0,0,0,2157.45,0,0
DCBBANK-I,20181101,160,161.9,158.6,159.75,557,3982500
DCBBANK-II,20181101,156.7,158.65,156.7,158.65,5,76500
DCBBANK-III,20181101,0,0,0,163.6,0,0
DHFL-I,20181101,228,241.75,226.5,230.45,13053,15690000
DHFL-II,20181101,230,238,226,227.6,301,513000
DHFL-III,20181101,225,230.5,225,225.9,3,34500
DISHTV-I,20181101,42.85,43.9,42.55,43.3,1659,40336000
DISHTV-II,20181101,43.75,43.75,43.45,43.5,4,1840000
DISHTV-III,20181101,0,0,0,37.7,0,0
DIVISLAB-I,20181101,1476.05,1524,1476.05,1514,5140,3272800
DIVISLAB-II,20181101,1491,1526.15,1482.6,1521.15,36,112000
DIVISLAB-III,20181101,0,0,0,1278.5,0,0
DLF-I,20181101,166.65,174.2,164.6,172.5,8596,27240000
DLF-II,20181101,166.5,174.9,166.45,173.55,115,245000
DLF-III,20181101,161.45,167,161.45,167,2,7800
DRREDDY-I,20181101,2561.1,2573.7,2462,2472.6,6191,3669500
DRREDDY-II,20181101,2571.9,2571.9,2476.05,2480.15,233,60250
DRREDDY-III,20181101,2488.6,2488.6,2488.6,2488.6,1,750
EICHERMOT-I,20181101,21800.05,22345,21764.65,22098.2,6201,304825
EICHERMOT-II,20181101,22230,22423.8,21975.1,22273.5,30,1625
EICHERMOT-III,20181101,0,0,0,22541.6,0,0
ENGINERSIN-I,20181101,117.25,119.85,116.75,118.5,1356,6279000
ENGINERSIN-II,20181101,118.9,119.2,117.45,118.2,11,73500
ENGINERSIN-III,20181101,0,0,0,114.55,0,0
EQUITAS-I,20181101,108.05,119.05,106.55,113.8,4048,13128000
EQUITAS-II,20181101,108,117,108,113.75,55,188000
EQUITAS-III,20181101,115.6,115.6,115.6,115.6,1,36000
ESCORTS-I,20181101,650,691.4,638.7,676.85,12102,4541900
ESCORTS-II,20181101,653.85,693.8,643.6,682.25,54,70400
ESCORTS-III,20181101,0,0,0,581.55,0,0
EXIDEIND-I,20181101,266,266,251.4,253.3,3899,5686000
EXIDEIND-II,20181101,262.7,262.7,253.2,254.15,19,52000
EXIDEIND-III,20181101,0,0,0,262.2,0,0
FEDERALBNK-I,20181101,83.45,83.75,82,83.2,2799,44858000
FEDERALBNK-II,20181101,83.65,84,82.5,83.85,36,946000
FEDERALBNK-III,20181101,0,0,0,82.3,0,0
GAIL-I,20181101,374.5,374.5,364.35,368.7,1751,19989165
GAIL-II,20181101,369,373.2,366.2,366.2,11,82677
GAIL-III,20181101,0,0,0,372.9,0,21336
GLENMARK-I,20181101,622,633.9,616.6,624.8,1519,3763000
GLENMARK-II,20181101,624.5,634.4,624.5,628.15,14,28000
GLENMARK-III,20181101,0,0,0,625.1,0,0
GMRINFRA-I,20181101,16.9,17.3,16.8,17.15,1258,167535000
GMRINFRA-II,20181101,17,17.4,17,17.25,19,2340000
GMRINFRA-III,20181101,0,0,0,16,0,0
GODFRYPHLP-I,20181101,772.1,785.75,768.3,777.6,363,459900
GODFRYPHLP-II,20181101,0,0,0,712.1,0,5600
GODFRYPHLP-III,20181101,0,0,0,733.45,0,0
GODREJCP-I,20181101,727.7,738.05,698.55,703.9,4572,4797000
GODREJCP-II,20181101,713.7,714.35,702.75,710.15,51,10200
GODREJCP-III,20181101,0,0,0,716.05,0,0
GODREJIND-I,20181101,470.3,480.95,465,466.85,982,2248500
GODREJIND-II,20181101,469,471.1,469,470.4,3,6000
GODREJIND-III,20181101,0,0,0,458.15,0,0
GRANULES-I,20181101,99.85,101.75,98.5,101.3,2557,13335000
GRASIM-I,20181101,838.9,856.4,822.25,847.1,4436,7855500
GRASIM-II,20181101,842.4,855.85,830,853.2,24,21000
GRASIM-III,20181101,857.35,857.35,848.7,852.25,4,6750
GSFC-I,20181101,105.8,110.9,104.95,109.4,1550,14728500
GSFC-II,20181101,106.4,111,106,111,17,103500
GSFC-III,20181101,0,0,0,104.5,0,4700
HAVELLS-I,20181101,647.95,661.95,643.55,645.65,2572,4754000
HAVELLS-II,20181101,660.05,663.7,647,648,130,120000
HAVELLS-III,20181101,0,0,0,611.5,0,0
HCC-I,20181101,12.45,12.9,12.4,12.85,381,30510000
HCLTECH-I,20181101,1059,1059,1009.5,1014.6,3582,7949200
HCLTECH-II,20181101,1052,1052,1016.15,1018.05,26,18200
HCLTECH-III,20181101,0,0,0,1025.3,0,0
HDFC-I,20181101,1772.55,1798.75,1751.95,1769.7,14658,23845000
HDFC-II,20181101,1779.55,1806.9,1762.75,1779.55,196,143500
HDFC-III,20181101,1789.8,1789.8,1789.8,1789.8,2,2000
HDFCBANK-I,20181101,1934.7,1940.05,1899.5,1918.1,30365,15295750
HDFCBANK-II,20181101,1937.9,1942,1907.45,1926.15,1074,169750
HDFCBANK-III,20181101,1946.25,1946.25,1919.55,1919.55,5,1750
HEROMOTOCO-I,20181101,2773,2814.9,2752.35,2806.25,2139,1411600
HEROMOTOCO-II,20181101,2792,2825.25,2780.05,2824.9,9,16800
HEROMOTOCO-III,20181101,0,0,0,2784,0,200
HEXAWARE-I,20181101,336.2,336.2,318.05,319.65,2235,6045000
HEXAWARE-II,20181101,321.75,321.75,321.75,321.75,1,27000
HEXAWARE-III,20181101,0,0,0,338.35,0,0
HINDALCO-I,20181101,223.3,233.9,221.3,232.15,10197,33992000
HINDALCO-II,20181101,223.2,234.85,223.2,233.4,157,374500
HINDALCO-III,20181101,0,0,0,226.9,0,0
HINDPETRO-I,20181101,227.55,235.75,227.55,230.5,6591,20210400
HINDPETRO-II,20181101,232.1,236.3,230,231,38,182700
HINDPETRO-III,20181101,232.2,232.2,232.2,232.2,1,2100
HINDUNILVR-I,20181101,1614.6,1620.85,1585.7,1609.8,4020,7746000
HINDUNILVR-II,20181101,1621.9,1621.9,1596.6,1619.1,18,35400
HINDUNILVR-III,20181101,0,0,0,1635,0,6000
HINDZINC-I,20181101,261,266.4,261,264.5,1306,7507200
HINDZINC-II,20181101,262,265.2,262,264,19,275200
HINDZINC-III,20181101,0,0,0,284.25,0,0
IBULHSGFIN-I,20181101,840.1,879,837,854.3,20199,16378500
IBULHSGFIN-II,20181101,848.2,882.6,845.9,858.75,384,232000
IBULHSGFIN-III,20181101,870.7,870.7,870.7,870.7,1,4000
ICICIBANK-I,20181101,355.3,358.35,351.2,353.8,17641,101725250
ICICIBANK-II,20181101,356.7,359.35,353,355.6,258,1232000
ICICIBANK-III,20181101,357.4,360,354.55,357.35,10,96250
ICICIPRULI-I,20181101,331.85,348.4,330.4,346.7,2204,3498300
ICICIPRULI-II,20181101,345,347.4,345,347.4,5,37700
ICICIPRULI-III,20181101,0,0,0,324.2,0,0
IDBI-I,20181101,59.6,59.95,59.1,59.65,827,37050000
IDBI-II,20181101,59.7,59.95,59.7,59.8,3,430000
IDBI-III,20181101,60.05,60.05,60.05,60.05,1,40000
IDEA-I,20181101,39.1,39.35,38.4,39.1,1835,135569000
IDEA-II,20181101,39.55,39.55,38.85,39.35,23,1512000
IDEA-III,20181101,0,0,0,39.5,0,24000
IDFC-I,20181101,37,37.15,36.3,36.95,962,108266400
IDFC-II,20181101,37.05,37.25,36.9,37.05,16,607200
IDFC-III,20181101,0,0,0,36.05,0,0
IDFCBANK-I,20181101,34.8,35.8,34.55,35.35,2696,117821000
IDFCBANK-II,20181101,35.35,36,34.85,35.5,42,2453000
IDFCBANK-III,20181101,35.85,35.9,35.85,35.9,4,132000
IFCI-I,20181101,14,14.55,13.95,14.3,452,50475000
IFCI-II,20181101,14.3,14.6,14.3,14.45,29,2375000
IFCI-III,20181101,14.35,14.35,14.35,14.35,1,70000
IGL-I,20181101,266.8,291.95,261.65,280.65,5281,3514500
IGL-II,20181101,263.25,292.5,263.25,280.95,69,66000
IGL-III,20181101,0,0,0,259.3,0,0
INDIACEM-I,20181101,90.2,93.85,89.95,92.1,2503,17377500
INDIACEM-II,20181101,91.5,93.15,91.5,92.45,15,294000
INDIACEM-III,20181101,93.7,93.7,93.7,93.7,1,9000
INDIANB-I,20181101,252.2,256.35,248.25,251.05,2014,4024000
INDIANB-II,20181101,252.55,254.15,252.4,254.15,4,38000
INDIANB-III,20181101,0,0,0,257.9,0,0
INDIGO-I,20181101,893.85,936,890.05,929.95,6153,3703200
INDIGO-II,20181101,900.25,931.95,900.25,927.9,29,17400
INDIGO-III,20181101,0,0,0,895.85,0,0
INDUSINDBK-I,20181101,1405,1497,1398.2,1468.9,29193,7069200
INDUSINDBK-II,20181101,1412.45,1497.1,1411.25,1469.45,268,116100
INDUSINDBK-III,20181101,1428,1428,1428,1428,1,2700
INFIBEAM-I,20181101,32.45,33.95,31.4,33.15,2487,14416000
INFIBEAM-II,20181101,31.85,33.95,31.45,33,51,428000
INFIBEAM-III,20181101,33.3,36.1,33.3,36.1,4,28000
INFRATEL-I,20181101,263.65,267.45,261.85,262.45,1286,6182900
INFRATEL-II,20181101,265.4,265.4,263.5,264.4,7,122400
INFRATEL-III,20181101,0,0,0,270.4,0,0
INFY-I,20181101,684.1,688.25,662.55,669.95,7827,36673200
INFY-II,20181101,690.2,690.2,666.5,673.25,145,397200
INFY-III,20181101,676.8,676.8,676.8,676.8,1,14400
IOC-I,20181101,140.5,143.5,139.05,142.1,5199,28881000
IOC-II,20181101,140.7,143.5,140.7,142.75,66,372000
IOC-III,20181101,140.9,140.9,140.7,140.7,3,161000
IRB-I,20181101,140,149,138.65,144.4,3050,12207500
IRB-II,20181101,141.3,148.1,141.1,146,34,95000
IRB-III,20181101,0,0,0,122.85,0,0
ITC-I,20181101,279.8,282.45,275.65,278.75,6707,66355200
ITC-II,20181101,282.1,283.5,277.05,280.25,70,621600
ITC-III,20181101,281.95,281.95,281.95,281.95,1,4800
JETAIRWAYS-I,20181101,215.55,227.9,214,225.3,6058,5842800
JETAIRWAYS-II,20181101,216.5,226.05,214.1,223.6,69,66000
JETAIRWAYS-III,20181101,0,0,0,219.65,0,4400
JINDALSTEL-I,20181101,172,177.85,171.3,175.6,7833,23737500
JINDALSTEL-II,20181101,172.25,178,172.2,176.4,25,137250
JINDALSTEL-III,20181101,0,0,0,167.85,0,4500
JISLJALEQS-I,20181101,71.25,74.55,71.25,73.95,1051,32508000
JISLJALEQS-II,20181101,73.8,74.9,73.8,74.9,4,279000
JISLJALEQS-III,20181101,0,0,0,66.35,0,0
JPASSOCIAT-I,20181101,6.5,6.95,6.5,6.8,1335,110364000
JPASSOCIAT-II,20181101,6.5,7,6.5,6.85,32,5236000
JPASSOCIAT-III,20181101,0,0,0,6.25,0,0
JSWSTEEL-I,20181101,339.1,348.05,338.45,344.45,8343,48135000
JSWSTEEL-II,20181101,342.5,349.4,342.05,345.75,70,160500
JSWSTEEL-III,20181101,348,348,348,348,1,1500
JUBLFOOD-I,20181101,1081.8,1143.15,1074,1109.7,9777,2599500
JUBLFOOD-II,20181101,1096.3,1140.25,1078.1,1114.95,132,74000
JUBLFOOD-III,20181101,0,0,0,1057,0,1000
JUSTDIAL-I,20181101,507.5,525,498.75,504.75,4047,2889600
JUSTDIAL-II,20181101,508.6,514.35,495.1,502.3,22,23800
JUSTDIAL-III,20181101,0,0,0,456.9,0,0
KAJARIACER-I,20181101,396.05,411.5,393,408.55,879,2161000
KAJARIACER-II,20181101,0,0,0,399.9,0,11000
KAJARIACER-III,20181101,0,0,0,368.7,0,0
KOTAKBANK-I,20181101,1121,1128.9,1102.25,1112.4,10484,12167200
KOTAKBANK-II,20181101,1131.95,1132,1108,1116.6,62,117600
KOTAKBANK-III,20181101,0,0,0,1135.2,0,800
KPIT-I,20181101,221.9,223.25,216.2,218.25,1281,7240500
KPIT-II,20181101,224.6,224.6,212,216.45,18,38250
KPIT-III,20181101,0,0,0,214.85,0,0
KSCL-I,20181101,500.65,513.45,485.4,494.2,2138,732000
KSCL-II,20181101,0,0,0,622.45,0,0
KSCL-III,20181101,0,0,0,485.55,0,0
KTKBANK-I,20181101,104.2,105.3,103.4,104.6,887,14544000
KTKBANK-II,20181101,105.4,105.4,105,105,2,207000
KTKBANK-III,20181101,0,0,0,97.75,0,9400
L&TFH-I,20181101,129.45,137.15,128.05,136.1,8140,26707500
L&TFH-II,20181101,128.95,137.75,128.95,136.6,97,648000
L&TFH-III,20181101,0,0,0,126.7,0,13500
LICHSGFIN-I,20181101,413.85,425,411.4,422.65,4273,10054000
LICHSGFIN-II,20181101,418.15,427,415.15,424.9,60,84700
LICHSGFIN-III,20181101,0,0,0,410.6,0,2200
LT-I,20181101,1334.45,1384.7,1326.05,1332.65,29949,10724250
LT-II,20181101,1346.25,1389,1334.7,1337.35,405,132750
LT-III,20181101,1377.55,1377.55,1340,1340.7,14,4500
LUPIN-I,20181101,882,884.25,850.15,856.2,8525,8617700
LUPIN-II,20181101,880,886.45,855.05,860.4,153,121100
LUPIN-III,20181101,880,880,860,860,14,7000
M&M-I,20181101,773,778.3,754.5,758.3,9363,15171000
M&M-II,20181101,779.6,779.85,759,761.55,77,122000
M&M-III,20181101,0,0,0,750.1,0,1000
M&MFIN-I,20181101,414,427.8,410,421.3,4197,9816250
M&MFIN-II,20181101,410.4,427.1,410.4,422.5,13,28750
M&MFIN-III,20181101,0,0,0,407,0,3750
MANAPPURAM-I,20181101,80.6,85.9,76.1,78.3,3435,13860000
MANAPPURAM-II,20181101,80.45,84.75,78,78.9,21,270000
MANAPPURAM-III,20181101,86.7,86.7,86.7,86.7,1,6000
MARICO-I,20181101,321.15,324.35,314.2,318,4146,6747000
MARICO-II,20181101,323.8,324.3,323.2,323.55,7,26000
MARICO-III,20181101,0,0,0,303.6,0,0
MARUTI-I,20181101,6670,6769.9,6606.05,6724.05,22811,3004050
MARUTI-II,20181101,6700.2,6800,6659.4,6760.35,202,41925
MARUTI-III,20181101,6686,6823.55,6686,6823.55,2,600
MCDOWELL-N-I,20181101,602.65,637.3,596.9,621,12291,10805000
MCDOWELL-N-II,20181101,611.7,637.75,603,623.5,52,90000
MCDOWELL-N-III,20181101,620.95,625.95,607.25,625.95,4,2500
MCX-I,20181101,706,728.95,705.3,715.8,1783,3350900
MCX-II,20181101,712.6,726.5,712.55,720.05,17,32900
MCX-III,20181101,731.05,731.05,731.05,731.05,1,700
MFSL-I,20181101,381,405,378.55,402.1,1739,2276400
MFSL-II,20181101,0,0,0,378.2,0,6000
MFSL-III,20181101,0,0,0,380.55,0,0
MGL-I,20181101,834.1,868.9,834.1,849.45,2155,1696800
MGL-II,20181101,0,0,0,817.55,0,3000
MGL-III,20181101,0,0,0,840,0,0
MINDTREE-I,20181101,856,858.7,821.7,831.05,4406,4285800
MINDTREE-II,20181101,840,842,830,830,29,34200
MINDTREE-III,20181101,0,0,0,795.6,0,0
MOTHERSUMI-I,20181101,163.5,163.85,159,159.95,2264,23596800
MOTHERSUMI-II,20181101,165,165,160,160.8,17,189600
MOTHERSUMI-III,20181101,161.9,161.9,161.9,161.9,1,8550
MRF-I,20181101,65200,65673.95,64810,65120.15,504,21560
MRF-II,20181101,65105.65,65621.15,65105.65,65621.15,3,90
MRF-III,20181101,0,0,0,64370.6,0,120
MRPL-I,20181101,83,85.9,82.45,83.1,869,4545000
MRPL-II,20181101,0,0,0,82.15,0,9000
MRPL-III,20181101,0,0,0,84.95,0,0
MUTHOOTFIN-I,20181101,410.8,433.4,410,426.95,1530,1683000
MUTHOOTFIN-II,20181101,419.95,427.05,419.95,427.05,6,39000
MUTHOOTFIN-III,20181101,0,0,0,396.9,0,0
NATIONALUM-I,20181101,68.15,70.35,67.85,69.85,1474,31000000
NATIONALUM-II,20181101,68.3,70,68.3,70,4,200000
NATIONALUM-III,20181101,0,0,0,67.65,0,0
NBCC-I,20181101,56.3,59.5,56.2,58.85,2897,23796000
NBCC-II,20181101,57.6,59,56.45,59,40,522000
NBCC-III,20181101,0,0,0,52.8,0,8000
NCC-I,20181101,75.9,79.35,75.7,78.6,2821,44048000
NCC-II,20181101,77.2,79.5,77.2,79.25,10,624000
NCC-III,20181101,0,0,0,67.05,0,0
NESTLEIND-I,20181101,10245,10310,9910.75,9986.15,2048,359350
NESTLEIND-II,20181101,10342.55,10342.55,10000,10031.1,6,1100
NESTLEIND-III,20181101,0,0,0,9732.3,0,0
NHPC-I,20181101,24.6,24.6,24.3,24.55,105,19062000
NHPC-II,20181101,24.55,24.55,24.45,24.45,2,270000
NHPC-III,20181101,24.65,24.65,24.65,24.65,1,27000
NIITTECH-I,20181101,1237.1,1243.1,1198,1203.55,2354,1427250
NIITTECH-II,20181101,0,0,0,1241.95,0,11250
NIITTECH-III,20181101,0,0,0,1205.45,0,0
NMDC-I,20181101,109.25,114.4,108.75,114.05,1824,18780000
NMDC-II,20181101,110.2,114.5,109.4,114.4,16,474000
NMDC-III,20181101,0,0,0,108.5,0,30000
NTPC-I,20181101,159.7,159.7,156.7,157.7,1534,32596000
NTPC-II,20181101,158.75,159,157.5,158.4,26,320000
NTPC-III,20181101,0,0,0,165.6,0,0
OFSS-I,20181101,3479.65,3646.35,3479.65,3557.9,279,230550
OFSS-II,20181101,0,0,0,4060.05,0,0
OFSS-III,20181101,0,0,0,3686.4,0,0
OIL-I,20181101,198.7,199.5,196.3,199.15,297,2460876
OIL-II,20181101,198.75,198.75,198.75,198.75,6,33990
OIL-III,20181101,0,0,0,205.4,0,0
ONGC-I,20181101,153.95,153.95,151.35,152.95,2546,40882500
ONGC-II,20181101,153.2,153.9,152.25,153.65,24,363750
ONGC-III,20181101,154.65,154.65,154.55,154.55,2,37500
ORIENTBANK-I,20181101,81.5,82.25,78.5,80.8,1922,9690000
ORIENTBANK-II,20181101,79.65,82.05,78.9,81.05,36,276000
ORIENTBANK-III,20181101,0,0,0,67.8,0,0
PAGEIND-I,20181101,29399.75,29939,28555,28678.45,2408,106550
PAGEIND-II,20181101,29850,29850,28390.75,28390.75,9,275
PAGEIND-III,20181101,0,0,0,29137.35,0,0
PCJEWELLER-I,20181101,59.75,72.6,59,70.25,12369,8907000
PCJEWELLER-II,20181101,61.5,72.7,60.5,70.65,266,568500
PCJEWELLER-III,20181101,59.55,67.95,59.55,67.95,2,19500
PEL-I,20181101,2180,2243.8,2138.8,2146.8,5676,3311128
PEL-II,20181101,2203.85,2242,2153.9,2162.05,25,13590
PEL-III,20181101,0,0,0,1903.25,0,0
PETRONET-I,20181101,222.05,224.6,220.25,221.9,1431,10254000
PETRONET-II,20181101,224.55,224.55,223.5,223.5,4,48000
PETRONET-III,20181101,0,0,0,216.6,0,0
PFC-I,20181101,95.55,98,93,95,4506,30924000
PFC-II,20181101,95.3,97.75,93.7,96.5,20,408000
PFC-III,20181101,92.9,92.9,92.9,92.9,1,37200
PIDILITIND-I,20181101,963,986,953,974.95,2164,2880500
PIDILITIND-II,20181101,980.5,980.5,980.5,980.5,1,13500
PIDILITIND-III,20181101,0,0,0,952.6,0,0
PNB-I,20181101,74.45,75.35,73.25,74.6,6638,100408000
PNB-II,20181101,74.3,75.6,73.8,75.15,135,2612500
PNB-III,20181101,74.6,75.95,74.6,75,9,98000
POWERGRID-I,20181101,187.75,189.8,186.05,189.1,1310,37240000
POWERGRID-II,20181101,187.15,190.35,186.85,190.15,6,104000
POWERGRID-III,20181101,0,0,0,195.2,0,0
PTC-I,20181101,77.05,79.65,77.05,78.35,566,9312000
PTC-II,20181101,78.1,78.1,78.1,78.1,1,24000
PTC-III,20181101,0,0,0,77.75,0,0
PVR-I,20181101,1368,1396.55,1366.85,1373.35,893,1183600
PVR-II,20181101,0,0,0,1391.2,0,13600
PVR-III,20181101,0,0,0,1310.2,0,0
RAMCOCEM-I,20181101,592.4,611,592.4,602.1,558,751200
RAMCOCEM-II,20181101,0,0,0,603.15,0,4000
RAMCOCEM-III,20181101,0,0,0,582.75,0,0
RAYMOND-I,20181101,759.95,785,759.95,768.6,3409,4123200
RAYMOND-II,20181101,783.4,783.4,777.65,781.4,4,24000
RAYMOND-III,20181101,0,0,0,630.9,0,0
RBLBANK-I,20181101,531.15,534,521,522.55,2926,6255600
RBLBANK-II,20181101,526,533,521.4,522.7,38,148800
RBLBANK-III,20181101,0,0,0,503.85,0,0
RCOM-I,20181101,12.6,14.25,12.6,14.15,3362,77868000
RCOM-II,20181101,13,14.2,12.9,14.1,33,2408000
RCOM-III,20181101,14.95,14.95,14.95,14.95,1,34000
RECLTD-I,20181101,117.1,121.3,114.75,117.7,3925,33276000
RECLTD-II,20181101,117.8,121.25,115.6,118.1,62,594000
RECLTD-III,20181101,0,0,0,113.3,0,24000
RELCAPITAL-I,20181101,245,254.7,243.3,249.55,7180,11874000
RELCAPITAL-II,20181101,247,255.25,246.5,250.95,115,211500
RELCAPITAL-III,20181101,0,0,0,237.75,0,10500
RELIANCE-I,20181101,1069.9,1069.9,1051.05,1061.65,31687,47862500
RELIANCE-II,20181101,1072,1075.6,1058,1068.15,318,664000
RELIANCE-III,20181101,1078.35,1078.45,1065,1074.45,27,22500
RELINFRA-I,20181101,359.75,366,356,361.35,5290,6137300
RELINFRA-II,20181101,361.65,367.25,357.85,363.55,59,85800
RELINFRA-III,20181101,0,0,0,354.45,0,37700
REPCOHOME-I,20181101,367.75,394.5,367.75,384,932,546300
REPCOHOME-II,20181101,370,392.6,370,387.3,8,6300
REPCOHOME-III,20181101,0,0,0,347.7,0,0
RPOWER-I,20181101,30.3,32.15,30.25,31.3,1514,40573000
RPOWER-II,20181101,31.3,32.25,31.1,31.55,33,2106000
RPOWER-III,20181101,0,0,0,30,0,112000
SAIL-I,20181101,65.25,67.75,64.75,67.3,4349,68592000
SAIL-II,20181101,65.1,68,65.1,67.7,72,1152000
SAIL-III,20181101,0,0,0,64.2,0,0
SBIN-I,20181101,283.15,288.75,279,286.25,22324,90417000
SBIN-II,20181101,283,289.7,280.5,287.7,404,2325000
SBIN-III,20181101,283.7,290.9,283.25,286.6,21,129000
SHREECEM-I,20181101,13751.1,14250,13470,14062.3,1660,138950
SHREECEM-II,20181101,13800.05,14025.1,13574.65,14025.1,5,200
SHREECEM-III,20181101,0,0,0,13805.4,0,0
SIEMENS-I,20181101,939.95,987.7,937.85,944.8,3250,1129500
SIEMENS-II,20181101,991.8,991.8,991.8,991.8,1,10500
SIEMENS-III,20181101,0,0,0,896.7,0,0
SOUTHBANK-I,20181101,14.65,14.95,14.6,14.85,598,123748494
SOUTHBANK-II,20181101,14.75,15,14.7,15,19,3711792
SOUTHBANK-III,20181101,0,0,0,13.6,0,0
SREINFRA-I,20181101,33.85,36.45,33.2,35.7,860,10892000
SREINFRA-II,20181101,33.55,36.5,33.55,36.5,13,154000
SREINFRA-III,20181101,0,0,0,30.2,0,0
SRF-I,20181101,1932,1988,1924,1946.75,2759,590000
SRF-II,20181101,1981.85,1981.85,1960,1960,2,8500
SRF-III,20181101,0,0,0,1776.05,0,0
SRTRANSFIN-I,20181101,1165.8,1214,1160,1208.75,3806,3671400
SRTRANSFIN-II,20181101,1200,1200,1200,1200,1,18600
SRTRANSFIN-III,20181101,0,0,0,1106.75,0,0
STAR-I,20181101,424,433.15,422.2,426.2,2097,3440800
STAR-II,20181101,431.6,431.6,425,430.35,18,44800
STAR-III,20181101,0,0,0,402.5,0,0
SUNPHARMA-I,20181101,582.3,584.5,568.7,573.5,6690,28671500
SUNPHARMA-II,20181101,582,586.5,572.8,576.4,97,268400
SUNPHARMA-III,20181101,0,0,0,570.15,0,0
SUNTV-I,20181101,650.95,675,650.95,673.05,4609,6646000
SUNTV-II,20181101,665.15,677,656.7,674.35,41,101000
SUNTV-III,20181101,0,0,0,627.95,0,0
SUZLON-I,20181101,6.3,6.45,6.25,6.3,427,271890000
SUZLON-II,20181101,6.3,6.45,6.3,6.35,22,13095000
SUZLON-III,20181101,6.4,6.45,6.4,6.45,2,1596000
SYNDIBANK-I,20181101,33.65,35.2,33.55,35,3669,23364000
SYNDIBANK-II,20181101,33.7,35.3,33.7,35.2,52,1494000
SYNDIBANK-III,20181101,0,0,0,31.9,0,0
TATACHEM-I,20181101,691.3,695.5,681.5,691.45,1204,2373750
TATACHEM-II,20181101,694.65,699.25,688,692.55,6,24750
TATACHEM-III,20181101,0,0,0,680.1,0,0
TATACOMM-I,20181101,496.65,509.15,490,499.7,2305,3116800
TATACOMM-II,20181101,497.25,502.3,497.25,502.3,6,12000
TATACOMM-III,20181101,0,0,0,459,0,0
TATAELXSI-I,20181101,1043.75,1084.35,1041.45,1076.05,3686,1179200
TATAELXSI-II,20181101,1055,1088.85,1055,1079.65,27,14000
TATAELXSI-III,20181101,1084.2,1084.2,1084.2,1084.2,1,400
TATAGLOBAL-I,20181101,219.7,219.7,215.05,217.65,2460,10867500
TATAGLOBAL-II,20181101,216.6,220.75,216.6,218.55,12,153000
TATAGLOBAL-III,20181101,0,0,0,210,0,2250
TATAMOTORS-I,20181101,182,186.6,178.4,179.7,28006,63594000
TATAMOTORS-II,20181101,179.25,187.45,179.25,180.45,625,1848000
TATAMOTORS-III,20181101,182,186.7,180.9,181.5,34,58000
TATAMTRDVR-I,20181101,99.55,102.15,96,97.55,3348,26306000
TATAMTRDVR-II,20181101,100.4,102.6,97.15,97.95,83,305200
TATAMTRDVR-III,20181101,100,100,97.6,97.6,4,26600
TATAPOWER-I,20181101,77.1,78.05,75.6,76.8,2041,51588000
TATAPOWER-II,20181101,76.45,77.6,76,77.4,15,342000
TATAPOWER-III,20181101,0,0,0,76.9,0,9000
TATASTEEL-I,20181101,555.5,565.2,554,559.1,11227,31646447
TATASTEEL-II,20181101,558.2,567.7,558.2,562.35,165,302385
TATASTEEL-III,20181101,558.65,570.85,558.65,565.7,8,11671
TCS-I,20181101,1949.75,1949.75,1907,1941.2,9014,9640500
TCS-II,20181101,1930,1954.2,1917.85,1949.35,133,73750
TCS-III,20181101,1945,1953.35,1935.5,1953.35,5,2500
TECHM-I,20181101,745.2,745.2,716.5,724.25,4989,14246400
TECHM-II,20181101,741.45,741.45,723.75,727,35,50400
TECHM-III,20181101,0,0,0,664.65,0,0
TITAN-I,20181101,845.4,863.4,835.5,855.2,7796,13648500
TITAN-II,20181101,843.75,865.4,841.3,859.85,67,236250
TITAN-III,20181101,0,0,0,827,0,2250
TORNTPHARM-I,20181101,1688.9,1729.8,1658.05,1717.35,981,419000
TORNTPHARM-II,20181101,0,0,0,1668.55,0,4500
TORNTPHARM-III,20181101,0,0,0,1611.15,0,0
TORNTPOWER-I,20181101,259.45,265.9,255.8,260.8,1557,2304000
TORNTPOWER-II,20181101,260,265,260,262.45,5,24000
TORNTPOWER-III,20181101,0,0,0,229.2,0,0
TV18BRDCST-I,20181101,37.8,39,37.5,38.45,1029,46112500
TV18BRDCST-II,20181101,38.75,39,38.75,38.75,5,569500
TV18BRDCST-III,20181101,0,0,0,37.4,0,0
TVSMOTOR-I,20181101,537,551.3,532.85,547.2,4366,8315000
TVSMOTOR-II,20181101,526,543.15,526,542.25,50,65000
TVSMOTOR-III,20181101,0,0,0,529.75,0,0
UBL-I,20181101,1232.05,1265.35,1223.1,1242.65,3013,2180500
UBL-II,20181101,1238.5,1254.65,1238.5,1245.7,11,18200
UBL-III,20181101,0,0,0,1210.1,0,700
UJJIVAN-I,20181101,214,227.45,209.4,221.85,4074,4035200
UJJIVAN-II,20181101,213.55,227.05,213.55,223.35,46,148800
UJJIVAN-III,20181101,0,0,0,224.5,0,0
ULTRACEMCO-I,20181101,3506.75,3609.85,3475.25,3598.7,3591,1849600
ULTRACEMCO-II,20181101,3534.95,3626.5,3499.95,3624.65,24,6400
ULTRACEMCO-III,20181101,0,0,0,3415.6,0,0
UNIONBANK-I,20181101,77.15,78.8,76.05,77.65,2968,38574000
UNIONBANK-II,20181101,77,78.7,76.5,78,45,966000
UNIONBANK-III,20181101,0,0,0,64.95,0,0
UPL-I,20181101,676,699,670.2,696.6,5166,16401600
UPL-II,20181101,675,700.65,675,699.3,38,106800
UPL-III,20181101,0,0,0,611.65,0,0
VEDL-I,20181101,208.1,214.95,205.15,213.55,16541,33586000
VEDL-II,20181101,214.85,215.25,211.15,214.7,187,420000
VEDL-III,20181101,207.65,216,207.65,212.55,9,13800
VGUARD-I,20181101,182.55,188.55,182.55,187.85,644,3096000
VGUARD-II,20181101,179,186.45,179,186.25,11,111000
VGUARD-III,20181101,0,0,0,175,0,3000
VOLTAS-I,20181101,532.8,546.95,524.15,526.8,3296,6119000
VOLTAS-II,20181101,522,536.05,517.75,519,99,210000
VOLTAS-III,20181101,0,0,0,501.9,1,9000
WIPRO-I,20181101,330.7,333.8,324.15,330.5,2590,29522400
WIPRO-II,20181101,332.05,332.05,326.3,326.3,7,84000
WIPRO-III,20181101,0,0,0,325.05,0,0
WOCKPHARMA-I,20181101,505.45,514.15,496,509.15,1952,3186900
WOCKPHARMA-II,20181101,502.35,509.9,500.95,506.45,11,44100
WOCKPHARMA-III,20181101,0,0,0,471.7,0,0
YESBANK-I,20181101,193,206.2,189.75,204.85,41925,127067500
YESBANK-II,20181101,192.35,207.1,190.9,205.9,963,3654000
YESBANK-III,20181101,196.95,208.3,195.6,208.3,46,143500
ZEEL-I,20181101,450.45,455.6,442.3,446.7,2319,9842300
ZEEL-II,20181101,449.45,456.7,445.4,447.45,15,67600
ZEEL-III,20181101,0,0,0,441.25,0,0
