BANKNIFTY-I,20170607,23458.95,23608.2,23404,23559.65,61195,2932400
BANKNIFTY-II,20170607,23461.05,23639.85,23426,23586.8,1725,85000
BANKNIFTY-III,20170607,23506.8,23649,23486.25,23610.6,106,8840
DJIA-I,20170607,21162.5,21170,21147.5,21162.5,59,14520
DJIA-II,20170607,0,0,0,21150,0,360
DJIA-III,20170607,0,0,0,20997.5,0,0
DJIA-IIII,20170607,0,0,0,19507.5,0,0
DJIA-IIIII,20170607,0,0,0,21150,0,0
DJIA-IIIIII,20170607,0,0,0,22335,0,0
FTSE100-I,20170607,0,0,0,6411,0,0
FTSE100-II,20170607,0,0,0,7233,0,0
FTSE100-III,20170607,0,0,0,7629,0,0
FTSE100-IIII,20170607,0,0,0,7152,0,0
FTSE100-IIIII,20170607,0,0,0,7457,0,0
FTSE100-IIIIII,20170607,0,0,0,7912,0,0
NIFTY-I,20170607,9672.1,9698.4,9650.65,9679.9,79430,22029675
NIFTY-II,20170607,9690,9717,9671,9699.4,2601,1332075
NIFTY-III,20170607,9714.9,9744,9698.55,9729.2,371,197250
NIFTYCPSE-I,20170607,0,0,0,2555.7,0,0
NIFTYCPSE-II,20170607,0,0,0,2719,0,0
NIFTYCPSE-III,20170607,0,0,0,2635.2,0,0
NIFTYINFRA-I,20170607,0,0,0,3134.3,0,0
NIFTYINFRA-II,20170607,0,0,0,3318.85,0,0
NIFTYINFRA-III,20170607,0,0,0,3264.05,0,0
NIFTYIT-I,20170607,10950,10950,10500,10667,1542,34750
NIFTYIT-II,20170607,10501,10501,10501,10501,1,100
NIFTYIT-III,20170607,10373,10373,10373,10373,1,50
NIFTYMID50-I,20170607,0,0,0,4437.85,0,0
NIFTYMID50-II,20170607,0,0,0,4683.3,0,0
NIFTYMID50-III,20170607,0,0,0,4493.65,0,0
NIFTYPSE-I,20170607,0,0,0,4033.05,0,0
NIFTYPSE-II,20170607,0,0,0,4261.55,0,0
NIFTYPSE-III,20170607,0,0,0,4094.1,0,0
S&P500-I,20170607,2428,2428,2426.5,2426.75,19,738250
S&P500-II,20170607,0,0,0,2424.25,0,7750
S&P500-III,20170607,0,0,0,2404,0,0
S&P500-IIII,20170607,0,0,0,2300,0,0
S&P500-IIIII,20170607,0,0,0,2410,0,0
S&P500-IIIIII,20170607,0,0,0,2540.5,0,0
ABIRLANUVO-I,20170607,1687.35,1706.45,1676.35,1703.75,1254,2540400
ABIRLANUVO-II,20170607,0,0,0,1698,0,10400
ABIRLANUVO-III,20170607,0,0,0,1727,0,400
ACC-I,20170607,1606.75,1625,1601.15,1621.15,1187,1279200
ACC-II,20170607,1628.95,1628.95,1619,1623,11,16800
ACC-III,20170607,0,0,0,1648.5,0,0
ADANIENT-I,20170607,130.9,134.75,129.6,131.45,7509,23200000
ADANIENT-II,20170607,130.5,135,130.4,131.6,42,248000
ADANIENT-III,20170607,0,0,0,129.15,0,8000
ADANIPORTS-I,20170607,364.7,365.8,359.55,360.95,3234,8995000
ADANIPORTS-II,20170607,365,365,362.35,362.95,5,152500
ADANIPORTS-III,20170607,0,0,0,346.8,0,0
ADANIPOWER-I,20170607,28.1,28.15,27.3,27.5,860,124240000
ADANIPOWER-II,20170607,28,28,27.55,27.6,24,1520000
ADANIPOWER-III,20170607,28.2,28.2,27.8,27.8,2,40000
AJANTPHARM-I,20170607,1592,1592,1570,1573.4,396,381600
AJANTPHARM-II,20170607,0,0,0,1633,0,400
AJANTPHARM-III,20170607,0,0,0,1644.9,0,0
ALBK-I,20170607,70.85,72.1,70.85,71.8,1265,19710000
ALBK-II,20170607,71.8,72.1,71.6,72.1,8,580000
ALBK-III,20170607,0,0,0,71.75,0,10000
AMARAJABAT-I,20170607,865.75,875.7,865.75,872.5,490,1079400
AMARAJABAT-II,20170607,874.75,874.8,872,872,12,52200
AMARAJABAT-III,20170607,0,0,0,878.7,0,1200
AMBUJACEM-I,20170607,236.95,238.65,235.25,237.8,1510,15585000
AMBUJACEM-II,20170607,239,239.55,238.55,238.55,10,175000
AMBUJACEM-III,20170607,0,0,0,244.35,0,0
ANDHRABANK-I,20170607,59,59.8,58.55,59.55,1069,23740000
ANDHRABANK-II,20170607,59.5,59.5,59.5,59.5,2,600000
ANDHRABANK-III,20170607,0,0,0,62.05,0,0
APOLLOHOSP-I,20170607,1309.1,1345,1299.05,1312.15,1743,1738000
APOLLOHOSP-II,20170607,0,0,0,1261,0,5500
APOLLOHOSP-III,20170607,0,0,0,1226.7,0,0
APOLLOTYRE-I,20170607,258.95,262.2,255.1,257.55,7552,11529000
APOLLOTYRE-II,20170607,259.25,262.75,256.25,258.25,51,222000
APOLLOTYRE-III,20170607,0,0,0,245,0,3000
ARVIND-I,20170607,385.95,386.1,378.85,382,1949,6390000
ARVIND-II,20170607,384.7,384.7,380.3,382.75,27,158000
ARVIND-III,20170607,0,0,0,382.5,0,4000
ASHOKLEY-I,20170607,91.7,93.6,91.7,93.3,1408,54439000
ASHOKLEY-II,20170607,91.4,92.4,91.4,92.25,39,3164000
ASHOKLEY-III,20170607,92.5,92.5,92.5,92.5,1,28000
ASIANPAINT-I,20170607,1150.85,1166.7,1145.55,1161.05,1998,2964600
ASIANPAINT-II,20170607,1160,1170.4,1152.5,1164.1,21,36600
ASIANPAINT-III,20170607,0,0,0,1133,0,0
AUROPHARMA-I,20170607,587.45,600.4,582,598.7,7487,15729700
AUROPHARMA-II,20170607,585.85,603,585.85,601.65,87,304800
AUROPHARMA-III,20170607,602.3,603,602.3,602.5,5,130400
AXISBANK-I,20170607,509.55,517.2,509.55,515.9,7698,38152800
AXISBANK-II,20170607,510.25,514,507.9,512.6,284,717600
AXISBANK-III,20170607,0,0,0,513.6,0,14400
BAJAJ-AUTO-I,20170607,2882.65,2904.8,2877,2891.3,1223,1509250
BAJAJ-AUTO-II,20170607,2860,2861.35,2852,2852,10,12000
BAJAJ-AUTO-III,20170607,0,0,0,2873,0,0
BAJAJFINSV-I,20170607,4282.2,4305.3,4208.55,4281.35,646,343250
BAJAJFINSV-II,20170607,4250.2,4250.2,4250.2,4250.2,1,500
BAJAJFINSV-III,20170607,0,0,0,4068.15,0,0
BAJFINANCE-I,20170607,1344.8,1365.7,1341.5,1351.2,3092,3774000
BAJFINANCE-II,20170607,1360,1362.15,1349.5,1356,8,26000
BAJFINANCE-III,20170607,0,0,0,1348.2,0,500
BALKRISIND-I,20170607,1589.45,1607,1562.9,1573.8,869,401200
BALKRISIND-II,20170607,0,0,0,1588.75,0,2800
BALKRISIND-III,20170607,0,0,0,1518.2,0,0
BALRAMCHIN-I,20170607,151.5,152.45,150.2,150.6,548,12691000
BALRAMCHIN-II,20170607,151.4,152.3,151.4,152.3,4,245000
BALRAMCHIN-III,20170607,0,0,0,153,0,199500
BANKBARODA-I,20170607,175.5,177.25,174,176.75,4828,39371500
BANKBARODA-II,20170607,175.35,177.9,175,177.1,102,696500
BANKBARODA-III,20170607,177.5,177.5,177.5,177.5,1,7000
BANKINDIA-I,20170607,141.35,146,140.7,144.95,3190,26442000
BANKINDIA-II,20170607,139.1,143.7,139,142.65,73,1842000
BANKINDIA-III,20170607,138.85,141.35,138.85,141.35,2,96000
BATAINDIA-I,20170607,541,553.95,541,551.8,735,4350500
BATAINDIA-II,20170607,548.25,552,547.05,551.85,10,106700
BATAINDIA-III,20170607,0,0,0,536.7,0,0
BEL-I,20170607,170.45,173.15,170,172.6,1085,26068500
BEL-II,20170607,171,173.8,171,173.25,19,148500
BEL-III,20170607,0,0,0,175.1,0,0
BEML-I,20170607,1236.6,1258,1236.6,1252.1,1030,2517600
BEML-II,20170607,1258.2,1258.2,1258.2,1258.2,1,7800
BEML-III,20170607,0,0,0,1192.5,0,0
BERGEPAINT-I,20170607,253,256,252.05,253.3,253,957000
BERGEPAINT-II,20170607,253,253.8,251.9,251.9,5,11000
BERGEPAINT-III,20170607,0,0,0,247,0,0
BHARATFIN-I,20170607,736.95,747.5,733.5,742.3,2394,15292000
BHARATFIN-II,20170607,743.6,750,743.6,745.4,14,34000
BHARATFIN-III,20170607,0,0,0,747.8,0,0
BHARATFORG-I,20170607,1186.95,1224.8,1174.6,1217.7,5047,2803200
BHARATFORG-II,20170607,1189.8,1224.9,1189.8,1218,32,22800
BHARATFORG-III,20170607,0,0,0,1132.4,0,0
BHARTIARTL-I,20170607,374.4,376.4,372.15,374,2693,34290700
BHARTIARTL-II,20170607,373.35,376.15,373.35,376,34,334900
BHARTIARTL-III,20170607,375,375,375,375,1,1700
BHEL-I,20170607,139.05,140.1,137.4,138.15,1955,40065000
BHEL-II,20170607,140.15,140.95,138.45,138.75,32,785000
BHEL-III,20170607,140.2,140.2,138.7,138.7,3,115000
BIOCON-I,20170607,987.6,1004,980.95,992.45,2872,5198400
BIOCON-II,20170607,990.05,1003,983.35,992.3,273,265200
BIOCON-III,20170607,999,999,995.3,995.3,5,3000
BOSCHLTD-I,20170607,23899.5,23924.95,23671.4,23839.85,808,104500
BOSCHLTD-II,20170607,23982.55,23982.55,23900,23900.15,6,250
BOSCHLTD-III,20170607,0,0,0,23981,0,0
BPCL-I,20170607,730.3,730.3,714.1,719.7,3050,9858000
BPCL-II,20170607,722.2,722.2,713,718.95,129,342000
BPCL-III,20170607,722.6,723.15,717.85,719,23,31200
BRITANNIA-I,20170607,3650.5,3688.8,3620.05,3655.4,668,323800
BRITANNIA-II,20170607,3682.95,3682.95,3681.75,3681.8,3,6200
BRITANNIA-III,20170607,0,0,0,3580.35,0,0
CADILAHC-I,20170607,497.75,542.65,493.3,537.95,11989,2980800
CADILAHC-II,20170607,506.25,542.95,506.25,540,86,49600
CADILAHC-III,20170607,532,538,532,538,4,3200
CANBK-I,20170607,356.55,363.15,354.7,360.95,4461,14723016
CANBK-II,20170607,352,358.85,351.25,356.75,99,866604
CANBK-III,20170607,352.85,352.85,352.2,352.2,2,30840
CANFINHOME-I,20170607,2785,2952.9,2773.05,2915.85,3814,457000
CANFINHOME-II,20170607,2830,2931.9,2830,2913.75,4,3250
CANFINHOME-III,20170607,0,0,0,2688.1,0,0
CAPF-I,20170607,713.05,716.7,703.4,707.7,611,3565600
CAPF-II,20170607,714.35,715.7,708.85,708.85,6,15200
CAPF-III,20170607,0,0,0,712.45,0,0
CASTROLIND-I,20170607,413.2,417,412,415.95,934,11421200
CASTROLIND-II,20170607,417,417,417,417,3,42000
CASTROLIND-III,20170607,0,0,0,421.85,0,0
CEATLTD-I,20170607,1873,1887.2,1852.6,1861.7,6161,1704500
CEATLTD-II,20170607,1831,1843.2,1813.8,1819.45,54,46900
CEATLTD-III,20170607,0,0,0,1709.55,0,0
CENTURYTEX-I,20170607,1073.1,1081.75,1064,1076.05,2733,7180250
CENTURYTEX-II,20170607,1077.35,1079,1074.15,1079,12,26950
CENTURYTEX-III,20170607,0,0,0,1077.5,0,0
CESC-I,20170607,900,914.5,895.2,912.1,853,6759500
CESC-II,20170607,0,0,0,897.6,0,14300
CESC-III,20170607,0,0,0,903.8,0,0
CGPOWER-I,20170607,85.7,86,83.6,84.8,326,20796000
CGPOWER-II,20170607,84.8,84.8,84.8,84.8,1,288000
CGPOWER-III,20170607,0,0,0,94.45,0,0
CHOLAFIN-I,20170607,1023.3,1058,1016.25,1048.55,236,298500
CHOLAFIN-II,20170607,1054.4,1054.4,1054.4,1054.4,1,1500
CHOLAFIN-III,20170607,0,0,0,1010.05,0,0
CIPLA-I,20170607,539,545.35,532.5,541.3,1715,6886000
CIPLA-II,20170607,538.3,545.85,538.3,545.75,12,44000
CIPLA-III,20170607,0,0,0,513,0,0
COALINDIA-I,20170607,263.85,265.85,263.6,265.2,1153,20532600
COALINDIA-II,20170607,265.6,267.15,265.15,266.6,34,657900
COALINDIA-III,20170607,0,0,0,266.55,0,1700
COLPAL-I,20170607,1034,1072,1032,1068.65,2634,880600
COLPAL-II,20170607,1049.15,1073.45,1049.15,1070.95,5,2800
COLPAL-III,20170607,0,0,0,997.5,0,0
CONCOR-I,20170607,1176,1186,1175,1183.25,298,1080000
CONCOR-II,20170607,0,0,0,1181,0,3125
CONCOR-III,20170607,0,0,0,1175.4,0,0
CUMMINSIND-I,20170607,911.85,922.6,911.8,917.05,361,595800
CUMMINSIND-II,20170607,915,915.8,912.8,914.3,7,21000
CUMMINSIND-III,20170607,0,0,0,941.5,0,0
DABUR-I,20170607,285.95,286.75,283.95,285.5,456,12610000
DABUR-II,20170607,286.5,286.5,285.8,285.8,5,72500
DABUR-III,20170607,0,0,0,273.8,0,0
DALMIABHA-I,20170607,2384,2423.05,2369.95,2394,475,871200
DALMIABHA-II,20170607,0,0,0,2435,0,3600
DALMIABHA-III,20170607,0,0,0,2417.25,0,0
DCBBANK-I,20170607,196.3,205.8,196.15,204.05,1786,6241500
DCBBANK-II,20170607,200.25,205.2,197.45,204.9,9,99000
DCBBANK-III,20170607,0,0,0,190.1,0,0
DHFL-I,20170607,428.55,436.7,423.15,433.85,7706,21037500
DHFL-II,20170607,426,435.65,423.65,433.1,103,523500
DHFL-III,20170607,430.75,431.55,430.75,431.55,2,9000
DISHTV-I,20170607,83.75,84,82.1,83,1107,23800000
DISHTV-II,20170607,81.95,81.95,80.5,81.35,38,910000
DISHTV-III,20170607,80.75,80.75,80.75,80.75,1,35000
DIVISLAB-I,20170607,633.35,654.6,632.25,648.4,7384,9062400
DIVISLAB-II,20170607,637,654.2,637,650.45,91,166400
DIVISLAB-III,20170607,642.25,652,642.25,646.15,104,84800
DLF-I,20170607,177,182,174.7,176.5,3226,38220000
DLF-II,20170607,177,181.3,176.45,177.55,17,560000
DLF-III,20170607,0,0,0,178,0,30000
DRREDDY-I,20170607,2548.55,2579.4,2526.6,2555.2,3369,2835600
DRREDDY-II,20170607,2527.35,2572.55,2526.8,2547.95,160,310200
DRREDDY-III,20170607,0,0,0,2470.85,0,0
EICHERMOT-I,20170607,29510.3,29897.25,29317.3,29790.65,2101,123300
EICHERMOT-II,20170607,29499,30000,29499,29929.4,18,1700
EICHERMOT-III,20170607,0,0,0,28507.15,0,0
ENGINERSIN-I,20170607,156.4,157.95,155.1,155.9,850,14301000
ENGINERSIN-II,20170607,157.05,157.8,156,156.7,53,374500
ENGINERSIN-III,20170607,0,0,0,157.25,0,0
EQUITAS-I,20170607,159.95,162.05,157,158.65,577,7228800
EQUITAS-II,20170607,158.6,159.25,157.8,159.1,7,233600
EQUITAS-III,20170607,0,0,0,154.85,0,0
ESCORTS-I,20170607,758.45,764.35,748.25,757,4082,2912800
ESCORTS-II,20170607,769.25,769.25,752.6,762.4,28,47300
ESCORTS-III,20170607,0,0,0,641.4,0,0
EXIDEIND-I,20170607,226.5,227.6,223.85,225.15,622,13644000
EXIDEIND-II,20170607,225.6,225.6,225,225,5,72000
EXIDEIND-III,20170607,0,0,0,231.85,0,0
FEDERALBNK-I,20170607,112.35,116.2,112.3,115.65,3523,53317000
FEDERALBNK-II,20170607,113.1,116.3,113.1,115.95,41,935000
FEDERALBNK-III,20170607,113.5,113.5,113.5,113.5,1,11000
FORTIS-I,20170607,192.05,199.95,192.05,195.35,2801,19737000
FORTIS-II,20170607,198.2,198.2,196.25,196.4,11,110700
FORTIS-III,20170607,0,0,0,206.15,0,0
GAIL-I,20170607,401.8,409.55,400.75,405.15,2690,11158000
GAIL-II,20170607,405.25,409.85,405.25,406.35,12,98000
GAIL-III,20170607,0,0,0,408.15,0,0
GLENMARK-I,20170607,642.7,655.95,640,648.85,1848,6633200
GLENMARK-II,20170607,645,658.45,645,653.15,42,217000
GLENMARK-III,20170607,0,0,0,622.8,0,0
GMRINFRA-I,20170607,16.45,17.05,16.45,16.7,840,269505000
GMRINFRA-II,20170607,16,16,16,16,5,10800000
GMRINFRA-III,20170607,0,0,0,16.4,0,720000
GODFRYPHLP-I,20170607,1259,1265,1230.85,1242.6,150,464500
GODFRYPHLP-II,20170607,0,0,0,1249.2,0,0
GODFRYPHLP-III,20170607,0,0,0,1233.8,0,0
GODREJCP-I,20170607,1827.95,1865,1827.3,1856.55,1647,702400
GODREJCP-II,20170607,1840,1870.65,1840,1853.65,13,5600
GODREJCP-III,20170607,0,0,0,1819.55,0,0
GODREJIND-I,20170607,605.25,614.7,602,610.05,534,1812000
GODREJIND-II,20170607,0,0,0,605,0,28500
GODREJIND-III,20170607,0,0,0,600,0,1500
GRANULES-I,20170607,137.95,140.15,137.65,139.05,455,14080000
GRANULES-II,20170607,0,0,0,137.35,1,90000
GRANULES-III,20170607,0,0,0,141.95,0,10000
GRASIM-I,20170607,1146.5,1147.95,1132.7,1145.65,1522,5531250
GRASIM-II,20170607,1143.55,1143.55,1138,1140.95,5,28500
GRASIM-III,20170607,0,0,0,1116.8,0,0
GSFC-I,20170607,127.55,129.7,127.45,128.3,603,7236000
GSFC-II,20170607,0,0,0,139.45,0,0
GSFC-III,20170607,0,0,0,125,0,0
HAVELLS-I,20170607,500.8,506.3,497.45,504.25,2089,3686000
HAVELLS-II,20170607,503,506.55,500.25,505,12,62000
HAVELLS-III,20170607,0,0,0,468.45,0,0
HCC-I,20170607,42.75,44.25,42.3,43.85,442,13068000
HCC-II,20170607,0,0,0,41.85,0,12000
HCC-III,20170607,0,0,0,42.7,0,24000
HCLTECH-I,20170607,894.5,895.35,866,882.1,7228,6846000
HCLTECH-II,20170607,895.65,895.95,870,884.05,69,140000
HCLTECH-III,20170607,870.1,870.1,870.1,870.1,1,700
HDFC-I,20170607,1615.6,1619,1600.55,1608.85,4948,8971000
HDFC-II,20170607,1602.55,1610,1595.2,1602.5,124,115000
HDFC-III,20170607,0,0,0,1567.15,0,0
HDFCBANK-I,20170607,1639.65,1639.65,1624.25,1636.35,6203,24747500
HDFCBANK-II,20170607,1630,1637.4,1625,1636.75,214,1037000
HDFCBANK-III,20170607,1636.6,1636.6,1636.6,1636.6,1,3000
HDIL-I,20170607,93.6,95.2,92.4,93.6,3942,25632000
HDIL-II,20170607,94.35,95.5,93.3,94.05,25,600000
HDIL-III,20170607,0,0,0,93,0,56000
HEROMOTOCO-I,20170607,3826.4,3863,3816.85,3855.75,1995,1092800
HEROMOTOCO-II,20170607,3835,3845.85,3835,3842,5,13400
HEROMOTOCO-III,20170607,0,0,0,3762,0,200
HEXAWARE-I,20170607,260.85,260.85,241.5,245.4,4122,3099000
HEXAWARE-II,20170607,249,254,242.9,243.25,10,51000
HEXAWARE-III,20170607,0,0,0,256.75,0,0
HINDALCO-I,20170607,197.3,199,195.9,198.55,5916,35962500
HINDALCO-II,20170607,196.75,199.8,196.75,199.45,35,416500
HINDALCO-III,20170607,199.1,199.1,199.1,199.1,1,31500
HINDPETRO-I,20170607,549,549,539.25,542.4,2590,18625950
HINDPETRO-II,20170607,545,545.85,539.95,541.95,78,298200
HINDPETRO-III,20170607,542,542,542,542,4,8400
HINDUNILVR-I,20170607,1092.9,1106,1084,1098.95,3419,9655200
HINDUNILVR-II,20170607,1094.6,1110,1094.6,1102.1,32,85200
HINDUNILVR-III,20170607,1124.95,1124.95,1124.95,1124.95,2,1200
HINDZINC-I,20170607,233.65,234.95,232.1,233.8,1246,21600000
HINDZINC-II,20170607,234.6,235.8,234,235.8,7,233600
HINDZINC-III,20170607,0,0,0,234,0,3200
IBREALEST-I,20170607,165.7,173.8,164.3,171.7,1827,26860000
IBREALEST-II,20170607,0,0,0,164,0,340000
IBREALEST-III,20170607,0,0,0,162.55,0,0
IBULHSGFIN-I,20170607,1149.6,1154,1130,1147.1,4522,13038400
IBULHSGFIN-II,20170607,1145,1155.15,1136.95,1150.55,33,58400
IBULHSGFIN-III,20170607,0,0,0,1064.2,0,0
ICICIBANK-I,20170607,320,324.5,319.45,323.4,15577,100965000
ICICIBANK-II,20170607,321.35,325.7,320.95,324.8,209,1127500
ICICIBANK-III,20170607,322,326,322,325.2,15,85000
ICIL-I,20170607,178.6,182.75,174.8,182.15,1021,9800000
ICIL-II,20170607,178,182.7,178,182.7,2,35000
ICIL-III,20170607,0,0,0,174.6,0,0
IDBI-I,20170607,60.25,60.65,59.9,60.45,772,37816000
IDBI-II,20170607,60.15,60.5,60,60.35,29,1280000
IDBI-III,20170607,0,0,0,60.05,0,24000
IDEA-I,20170607,80.05,80.95,78.8,79.4,1457,72317000
IDEA-II,20170607,81.05,81.05,79.1,79.55,29,609000
IDEA-III,20170607,79.9,79.9,79.4,79.4,2,28000
IDFC-I,20170607,58.45,59.1,58.4,58.9,318,73497600
IDFC-II,20170607,58.7,58.7,58.7,58.7,1,818400
IDFC-III,20170607,0,0,0,58.65,0,0
IDFCBANK-I,20170607,59.05,59.55,59,59.3,781,89472000
IDFCBANK-II,20170607,59.1,59.2,58.7,58.85,84,7101000
IDFCBANK-III,20170607,0,0,0,57.3,0,18000
IFCI-I,20170607,25.3,25.65,24.9,25,381,78936000
IFCI-II,20170607,25.4,25.4,25.1,25.15,18,4422000
IFCI-III,20170607,0,0,0,26.6,0,0
IGL-I,20170607,1120.25,1124.85,1102.3,1107.8,1043,1413500
IGL-II,20170607,1110,1110,1110,1110,2,13750
IGL-III,20170607,0,0,0,1001.95,0,0
INDIACEM-I,20170607,209.25,212.6,208,211.35,3546,25707500
INDIACEM-II,20170607,209.8,212.6,209.8,212.05,12,154000
INDIACEM-III,20170607,0,0,0,215.5,0,3500
INDIANB-I,20170607,312.4,317.9,312.3,315.85,1059,3214000
INDIANB-II,20170607,0,0,0,314,0,30000
INDIANB-III,20170607,0,0,0,337.15,0,0
INDIGO-I,20170607,1115.15,1143.45,1115.15,1137.35,1101,1640400
INDIGO-II,20170607,1135,1135,1135,1135,1,600
INDIGO-III,20170607,0,0,0,1091.15,0,0
INDUSINDBK-I,20170607,1518.2,1524,1507.75,1520.95,1970,5349000
INDUSINDBK-II,20170607,1512.8,1524.25,1512.8,1524.25,13,37200
INDUSINDBK-III,20170607,0,0,0,1487.6,0,0
INFIBEAM-I,20170607,969.95,978.95,969.95,975.95,42,1494000
INFIBEAM-II,20170607,0,0,0,962.65,0,120400
INFIBEAM-III,20170607,0,0,0,1060.6,0,0
INFRATEL-I,20170607,386.45,389.35,382.1,384,1252,7265600
INFRATEL-II,20170607,386.85,387,384.95,386.95,12,39100
INFRATEL-III,20170607,0,0,0,383.45,0,1700
INFY-I,20170607,988.05,993.65,946.6,964.4,28440,30593500
INFY-II,20170607,994.2,997.45,953.9,969.4,502,220000
INFY-III,20170607,995.9,995.9,960,973.1,22,5500
IOC-I,20170607,426.4,429.4,422,427.85,2909,29340000
IOC-II,20170607,426,430,426,428.9,102,250500
IOC-III,20170607,0,0,0,446.75,0,0
IRB-I,20170607,231.75,234.65,231.4,233.55,1699,17162500
IRB-II,20170607,234.55,234.65,232.95,234.55,14,112500
IRB-III,20170607,0,0,0,228.65,0,0
ITC-I,20170607,313.25,316.65,311.85,313.75,3741,41248800
ITC-II,20170607,314.35,318.1,313.8,315.75,73,434400
ITC-III,20170607,317.7,319,317.7,314.9,3,19200
JETAIRWAYS-I,20170607,501.8,518.5,498.6,512.6,5276,4671000
JETAIRWAYS-II,20170607,504.3,513,503.65,510.35,19,61200
JETAIRWAYS-III,20170607,0,0,0,465,0,1200
JINDALSTEL-I,20170607,118.75,120.35,118.1,119.8,1625,39717000
JINDALSTEL-II,20170607,119.2,120.1,119,120.1,8,193500
JINDALSTEL-III,20170607,0,0,0,125.2,0,0
JISLJALEQS-I,20170607,105.45,107.6,104.75,106.4,1716,41130000
JISLJALEQS-II,20170607,105.95,107.6,105.95,106.95,14,513000
JISLJALEQS-III,20170607,0,0,0,98.3,0,0
JPASSOCIAT-I,20170607,12.8,13.15,12.8,13,159,173468000
JPASSOCIAT-II,20170607,0,0,0,12.9,0,6868000
JPASSOCIAT-III,20170607,0,0,0,11.7,0,0
JSWENERGY-I,20170607,63.25,63.8,62.65,63.3,739,59584000
JSWENERGY-II,20170607,63.2,63.35,62.8,63.25,14,1028500
JSWENERGY-III,20170607,0,0,0,64.8,0,0
JSWSTEEL-I,20170607,191.1,195.2,190.4,194.4,4414,61203000
JSWSTEEL-II,20170607,192.75,195.8,191.75,195.45,21,273000
JSWSTEEL-III,20170607,0,0,0,196.3,0,0
JUBLFOOD-I,20170607,944.35,954.5,937.65,943.9,1213,2703500
JUBLFOOD-II,20170607,944.2,948.35,932.8,932.8,26,49000
JUBLFOOD-III,20170607,0,0,0,975,0,2500
JUSTDIAL-I,20170607,443,448.5,439.65,440.9,1082,3559200
JUSTDIAL-II,20170607,430,433,428.1,428.75,24,174000
JUSTDIAL-III,20170607,0,0,0,478.75,0,0
KAJARIACER-I,20170607,714.8,714.8,692.05,697.55,201,348800
KAJARIACER-II,20170607,0,0,0,707,0,5600
KAJARIACER-III,20170607,0,0,0,708.45,0,0
KOTAKBANK-I,20170607,973.75,975.45,968.6,973.35,2178,10328000
KOTAKBANK-II,20170607,978,978.3,974.1,976.8,8,76000
KOTAKBANK-III,20170607,0,0,0,980,0,2400
KPIT-I,20170607,109.45,112.55,107.7,111.5,888,6012000
KPIT-II,20170607,110.6,112.95,110.4,112.95,5,68000
KPIT-III,20170607,0,0,0,112.5,0,8000
KSCL-I,20170607,649.75,660.25,633.2,640.15,2885,3483000
KSCL-II,20170607,656.1,656.1,642,642.05,36,61500
KSCL-III,20170607,0,0,0,534.55,0,0
KTKBANK-I,20170607,174.65,177.3,174.1,176.7,2266,26269750
KTKBANK-II,20170607,170.95,174,170.95,173.35,39,695400
KTKBANK-III,20170607,0,0,0,161.9,0,0
L&TFH-I,20170607,130.9,133.65,130.6,133.05,1831,17964000
L&TFH-II,20170607,131.95,134,131.4,133.5,42,333000
L&TFH-III,20170607,0,0,0,132,0,4500
LICHSGFIN-I,20170607,742.5,746.95,735.5,742.8,4092,4678300
LICHSGFIN-II,20170607,747.65,750,740,745.75,23,107800
LICHSGFIN-III,20170607,747,747,747,747,1,1100
LT-I,20170607,1779.45,1799.9,1779.45,1792.75,3418,6931500
LT-II,20170607,1786.95,1795.25,1780.55,1790,193,317500
LT-III,20170607,1778.55,1783,1776.5,1781.9,29,64500
LUPIN-I,20170607,1160.1,1170.95,1150.4,1158.35,3565,8538000
LUPIN-II,20170607,1159.35,1168.8,1153.5,1154.6,131,200000
LUPIN-III,20170607,1160.95,1172,1160.95,1172,2,2000
M&M-I,20170607,1420.4,1458,1419.75,1436.9,5303,4619000
M&M-II,20170607,1415.65,1452.5,1415.65,1431.6,84,53000
M&M-III,20170607,0,0,0,1351.1,0,0
M&MFIN-I,20170607,365.55,376.25,363.55,366.15,3760,8915000
M&MFIN-II,20170607,368.7,374.8,363.25,363.25,19,60000
M&MFIN-III,20170607,0,0,0,308.15,0,0
MARICO-I,20170607,321.95,324.45,318.75,320.35,586,5530200
MARICO-II,20170607,325,325,320.1,320.1,3,10400
MARICO-III,20170607,0,0,0,321.6,0,0
MARUTI-I,20170607,7159,7269,7142.55,7250.05,8237,1698150
MARUTI-II,20170607,7192.05,7295,7184.2,7281.85,113,31650
MARUTI-III,20170607,7100.1,7240,7100.1,7240,9,5700
MCDOWELL-N-I,20170607,2425.85,2441.95,2355,2365.45,3898,2250250
MCDOWELL-N-II,20170607,2422.4,2425.4,2375,2378.35,62,38250
MCDOWELL-N-III,20170607,2401.05,2401.05,2401.05,2401.05,2,2750
MCX-I,20170607,1023.05,1042.7,1018.8,1036.8,522,1601000
MCX-II,20170607,1026.3,1026.3,1026.3,1026.3,2,9500
MCX-III,20170607,0,0,0,1010.15,0,0
MFSL-I,20170607,618.25,623.7,613.2,617.7,430,4914000
MFSL-II,20170607,0,0,0,615,0,3000
MFSL-III,20170607,0,0,0,573.25,0,0
MGL-I,20170607,1005.95,1006,990,996.35,226,495000
MGL-II,20170607,0,0,0,1032.95,0,0
MGL-III,20170607,0,0,0,973.15,0,0
MINDTREE-I,20170607,552.95,559,516.05,540.25,3098,3483600
MINDTREE-II,20170607,552,552,528.15,537,16,20400
MINDTREE-III,20170607,0,0,0,553.6,0,0
MOTHERSUMI-I,20170607,459.05,464.2,457.05,462.6,1272,7277500
MOTHERSUMI-II,20170607,463.45,463.45,459.6,460,8,22500
MOTHERSUMI-III,20170607,0,0,0,439.15,0,0
MRF-I,20170607,69250.05,69617.2,68610.05,69168.95,1610,47310
MRF-II,20170607,68359.25,69680,68359.25,69366.2,15,960
MRF-III,20170607,0,0,0,69742,0,0
MRPL-I,20170607,129.85,131,128.95,130.1,269,3973500
MRPL-II,20170607,129.4,129.4,129.4,129.4,1,171000
MRPL-III,20170607,0,0,0,131.3,0,36000
MUTHOOTFIN-I,20170607,426.7,444,425.1,441.4,1314,1725000
MUTHOOTFIN-II,20170607,442.3,442.3,442.3,442.3,1,19500
MUTHOOTFIN-III,20170607,0,0,0,396.35,0,0
NATIONALUM-I,20170607,65.3,65.85,65,65.6,73,4816000
NATIONALUM-II,20170607,0,0,0,67.45,0,0
NATIONALUM-III,20170607,0,0,0,67.85,0,0
NBCC-I,20170607,203.4,204.35,201.25,202.2,451,3495000
NBCC-II,20170607,204.5,204.5,204.5,204.5,1,105000
NBCC-III,20170607,0,0,0,190.3,0,0
NCC-I,20170607,85.65,89.3,85.3,87.9,2192,22560000
NCC-II,20170607,87.6,88.3,87.6,88.1,4,224000
NCC-III,20170607,0,0,0,87.4,0,0
NESTLEIND-I,20170607,6651.05,6745,6651.05,6693.95,98,76000
NESTLEIND-II,20170607,6834.55,6834.55,6834.55,6834.55,1,200
NESTLEIND-III,20170607,0,0,0,6613.95,0,0
NHPC-I,20170607,30.7,31.4,30.45,31.25,198,20277000
NHPC-II,20170607,30.9,30.9,30.9,30.9,1,270000
NHPC-III,20170607,0,0,0,29.8,0,0
NIITTECH-I,20170607,553.45,565.2,529.5,534.25,1085,730500
NIITTECH-II,20170607,0,0,0,559.95,2,70500
NIITTECH-III,20170607,0,0,0,501.1,0,0
NMDC-I,20170607,113.9,116.5,113,115.85,1009,32154000
NMDC-II,20170607,114.05,116.85,114,115.95,8,336000
NMDC-III,20170607,0,0,0,119.1,0,0
NTPC-I,20170607,158.95,159.1,157.6,158.25,1282,21944000
NTPC-II,20170607,159.1,159.15,158.5,159.15,10,288000
NTPC-III,20170607,0,0,0,159.15,0,0
OFSS-I,20170607,3712.55,3712.55,3656.65,3696,157,120900
OFSS-II,20170607,0,0,0,3628.35,0,0
OFSS-III,20170607,0,0,0,3618.4,0,0
OIL-I,20170607,303,304.3,298.4,301.2,474,1851322
OIL-II,20170607,302.3,302.3,300,300,4,45320
OIL-III,20170607,0,0,0,310,0,2266
ONGC-I,20170607,172.35,174.95,172.2,173.1,3108,54930000
ONGC-II,20170607,173.7,175.65,173.7,174.05,59,1623750
ONGC-III,20170607,176.1,176.1,174.7,174.7,6,67500
ORIENTBANK-I,20170607,150.6,157.8,150.1,156.55,2603,15954000
ORIENTBANK-II,20170607,148.85,153.75,148.85,153.05,43,1032000
ORIENTBANK-III,20170607,0,0,0,144,0,102000
PAGEIND-I,20170607,15148.95,15148.95,14761.1,15000.1,375,33650
PAGEIND-II,20170607,0,0,0,15147.7,0,150
PAGEIND-III,20170607,0,0,0,14530.6,0,0
PCJEWELLER-I,20170607,528.8,539.9,526.65,531.35,1640,1734000
PCJEWELLER-II,20170607,533.4,533.4,523.15,523.15,3,42000
PCJEWELLER-III,20170607,0,0,0,460.65,0,0
PEL-I,20170607,2819.2,2845,2802.05,2817.2,653,759300
PEL-II,20170607,2812.1,2815.25,2805.95,2815.25,4,9600
PEL-III,20170607,0,0,0,2849.5,0,3300
PETRONET-I,20170607,453,453.35,435.4,437.4,4045,6661500
PETRONET-II,20170607,451.4,451.4,436.1,438.2,40,85500
PETRONET-III,20170607,0,0,0,438,0,0
PFC-I,20170607,128.95,129.75,126.85,128,2915,44790000
PFC-II,20170607,129.75,129.75,127.7,128.5,36,618000
PFC-III,20170607,129,129,129,129,2,96000
PIDILITIND-I,20170607,804.6,811.7,798.95,804.9,847,1650000
PIDILITIND-II,20170607,813,813.75,813,813,13,19000
PIDILITIND-III,20170607,0,0,0,753.45,0,0
PNB-I,20170607,147.45,152.15,147.45,151.15,7393,49777000
PNB-II,20170607,145.95,150.05,145.95,149.55,212,2247000
PNB-III,20170607,148.5,148.85,148.5,148.8,4,108500
POWERGRID-I,20170607,205,206.5,203.3,205.8,1796,24632000
POWERGRID-II,20170607,207.15,207.15,207.15,207.15,1,60000
POWERGRID-III,20170607,205.9,206.5,205.75,206.5,5,36000
PTC-I,20170607,95.65,97.85,95.2,97.55,476,15104000
PTC-II,20170607,97.95,98,97.95,98,3,168000
PTC-III,20170607,0,0,0,93.05,0,0
PVR-I,20170607,1389.85,1414,1389.85,1409.05,303,407600
PVR-II,20170607,1417.55,1420.95,1417.55,1418.9,4,2800
PVR-III,20170607,0,0,0,1487.15,0,0
RAMCOCEM-I,20170607,698.05,701,680,685.2,248,348800
RAMCOCEM-II,20170607,0,0,0,730.1,0,0
RAMCOCEM-III,20170607,0,0,0,707,0,2400
RAYMOND-I,20170607,732.55,744.1,723.6,731.15,703,1540800
RAYMOND-II,20170607,742,742,734.8,734.8,4,7200
RAYMOND-III,20170607,0,0,0,690.35,0,0
RBLBANK-I,20170607,535.5,551.9,535.5,548.5,2460,8784000
RBLBANK-II,20170607,533,547,531.1,543.45,185,523000
RBLBANK-III,20170607,535.45,543,535,543,4,19000
RCOM-I,20170607,19.7,19.9,19.35,19.65,955,106908000
RCOM-II,20170607,19.5,19.7,19.5,19.7,3,5964000
RCOM-III,20170607,0,0,0,20.15,0,518000
RDEL-I,20170607,55.2,56.2,54.8,55.6,207,13059000
RDEL-II,20170607,55.4,55.9,55.4,55.9,4,216000
RDEL-III,20170607,0,0,0,58.65,0,0
RECLTD-I,20170607,190.15,190.65,186.75,188.8,4459,41628000
RECLTD-II,20170607,190,190.05,187.2,189.15,89,1188000
RECLTD-III,20170607,0,0,0,190.5,0,60000
RELCAPITAL-I,20170607,561.95,589.8,554.4,586.3,6987,10987500
RELCAPITAL-II,20170607,563,589.5,563,589,64,148500
RELCAPITAL-III,20170607,0,0,0,567,0,3000
RELIANCE-I,20170607,1305.15,1344.9,1305.15,1343,12983,16126500
RELIANCE-II,20170607,1318.1,1346.95,1318.1,1345,165,372500
RELIANCE-III,20170607,1323,1350.5,1323,1348.95,20,45000
RELINFRA-I,20170607,481.1,494.4,478.1,491.4,9013,11169600
RELINFRA-II,20170607,480.95,494.2,480.95,492.75,66,184600
RELINFRA-III,20170607,0,0,0,478,0,2600
RPOWER-I,20170607,40.05,40.85,40.05,40.7,619,59124000
RPOWER-II,20170607,40.55,40.95,40.45,40.95,36,1752000
RPOWER-III,20170607,0,0,0,41,0,12000
SAIL-I,20170607,57.15,57.65,56.75,57.2,919,76716000
SAIL-II,20170607,57.45,57.45,57,57.4,18,3060000
SAIL-III,20170607,57.35,57.35,57.35,57.35,1,36000
SBIN-I,20170607,288.75,292,288,291.25,12962,77751000
SBIN-II,20170607,289.65,293.15,289,292.3,257,1782000
SBIN-III,20170607,291.95,293.7,291.55,293.7,7,63000
SHREECEM-I,20170607,18249.55,18378,17951.5,18135.8,239,27050
SHREECEM-II,20170607,0,0,0,18500,0,100
SHREECEM-III,20170607,0,0,0,17927.15,0,0
SIEMENS-I,20170607,1354,1364.35,1332.75,1348.4,910,797000
SIEMENS-II,20170607,0,0,0,1397,0,5500
SIEMENS-III,20170607,0,0,0,1373.75,0,0
SINTEX-I,20170607,26,26,25.05,25.5,1139,18603375
SINTEX-II,20170607,25.9,25.95,25.25,25.65,32,562875
SINTEX-III,20170607,0,0,0,26.45,0,28500
SOUTHBANK-I,20170607,27.8,28.6,27.65,28.45,860,104162163
SOUTHBANK-II,20170607,27.5,28.4,27.45,28.3,43,6462495
SOUTHBANK-III,20170607,28.2,28.6,27.9,28.45,12,497115
SRF-I,20170607,1627.95,1656.3,1627.95,1650,442,480500
SRF-II,20170607,0,0,0,1823.5,0,0
SRF-III,20170607,0,0,0,1645.8,0,0
SRTRANSFIN-I,20170607,992.15,1009.4,992.05,999.5,1084,2881200
SRTRANSFIN-II,20170607,1004.5,1004.5,1004.5,1004.5,5,11400
SRTRANSFIN-III,20170607,0,0,0,980.75,0,0
STAR-I,20170607,942.7,950.85,934,938.8,854,2026000
STAR-II,20170607,949.95,949.95,938,938.05,6,23500
STAR-III,20170607,0,0,0,913.25,0,0
SUNPHARMA-I,20170607,509.95,517.6,507.1,512.95,9102,41755000
SUNPHARMA-II,20170607,509.55,520,509,515.5,229,922400
SUNPHARMA-III,20170607,515.6,521.35,515.6,518.15,12,61600
SUNTV-I,20170607,823.75,834.9,821.85,828.05,3333,7247000
SUNTV-II,20170607,832.85,836.95,828.3,831.4,32,66000
SUNTV-III,20170607,0,0,0,806.65,0,0
SUZLON-I,20170607,19.45,19.6,19.4,19.45,1228,343200000
SUZLON-II,20170607,19.45,19.6,19.4,19.4,155,25290000
SUZLON-III,20170607,19.4,19.45,19.4,19.4,4,2250000
SYNDIBANK-I,20170607,81.65,82.45,80.3,81.35,1561,17334000
SYNDIBANK-II,20170607,82.05,82.1,80.95,81.45,13,261000
SYNDIBANK-III,20170607,0,0,0,80.8,0,0
TATACHEM-I,20170607,629.2,631.45,619.95,628.95,1088,2953500
TATACHEM-II,20170607,626,632.1,626,631.55,9,58500
TATACHEM-III,20170607,0,0,0,626.2,0,0
TATACOMM-I,20170607,740.7,766,715.25,728.05,8604,7723100
TATACOMM-II,20170607,741.4,768.95,722.1,730.65,91,132300
TATACOMM-III,20170607,758,758,758,758,1,700
TATAELXSI-I,20170607,1551.25,1567.95,1485,1554.15,4397,1068800
TATAELXSI-II,20170607,1545,1547,1493.9,1546.7,22,31200
TATAELXSI-III,20170607,0,0,0,1550,0,400
TATAGLOBAL-I,20170607,152.75,156.4,152.75,156,1581,29164500
TATAGLOBAL-II,20170607,152.25,154.55,152.15,154.45,27,648000
TATAGLOBAL-III,20170607,0,0,0,145.75,0,9000
TATAMOTORS-I,20170607,465.1,465.4,456.15,460.8,7945,35179500
TATAMOTORS-II,20170607,466.4,466.75,458.65,463,170,802500
TATAMOTORS-III,20170607,463.3,463.3,460.1,460.1,3,18000
TATAMTRDVR-I,20170607,282.55,282.55,278.15,281.35,1439,21758100
TATAMTRDVR-II,20170607,282.4,282.4,282.4,282.4,1,123900
TATAMTRDVR-III,20170607,0,0,0,286.5,0,8400
TATAPOWER-I,20170607,80,80.5,79.75,80.35,246,22320000
TATAPOWER-II,20170607,0,0,0,80.4,0,234000
TATAPOWER-III,20170607,80,80,80,80,1,126000
TATASTEEL-I,20170607,492.5,495.9,489.65,493.55,6779,29168000
TATASTEEL-II,20170607,487.55,488,483,486.05,89,1582000
TATASTEEL-III,20170607,0,0,0,488.05,0,6000
TCS-I,20170607,2668.25,2674.5,2542,2579.25,21015,5877750
TCS-II,20170607,2652.05,2655,2550.9,2585.6,212,47500
TCS-III,20170607,2585,2585,2585,2585,1,250
TECHM-I,20170607,411.65,411.65,393.6,401.65,8753,12420100
TECHM-II,20170607,401.55,403.05,387,394.75,163,506000
TECHM-III,20170607,394.2,396,390,396,21,29700
TITAN-I,20170607,532.95,549.7,531.7,539.4,6694,5703000
TITAN-II,20170607,532.7,548,532.7,539.45,51,81000
TITAN-III,20170607,540.45,540.45,540.45,540.45,1,12000
TORNTPHARM-I,20170607,1214.4,1222.5,1206.5,1210.25,294,296000
TORNTPHARM-II,20170607,0,0,0,1218.65,0,5200
TORNTPHARM-III,20170607,0,0,0,1241.75,0,0
TORNTPOWER-I,20170607,187.45,190.35,185.5,188.35,320,3924000
TORNTPOWER-II,20170607,190.85,190.85,190.3,190.3,2,15000
TORNTPOWER-III,20170607,0,0,0,202.25,0,0
TV18BRDCST-I,20170607,35.6,36.4,35.5,36.2,308,95353000
TV18BRDCST-II,20170607,36.45,36.45,35.95,36.15,11,731000
TV18BRDCST-III,20170607,0,0,0,36.25,0,0
TVSMOTOR-I,20170607,539.5,540.8,536.6,538.55,1062,6738000
TVSMOTOR-II,20170607,534.05,537,534.05,536.45,18,164000
TVSMOTOR-III,20170607,0,0,0,535.5,0,4000
UBL-I,20170607,811.95,815.15,800.35,806.85,320,831600
UBL-II,20170607,0,0,0,817,0,2800
UBL-III,20170607,0,0,0,793.3,0,0
UJJIVAN-I,20170607,301.9,307.5,301.85,303.55,660,6903600
UJJIVAN-II,20170607,307.55,307.55,304.2,304.25,5,38400
UJJIVAN-III,20170607,0,0,0,305,0,4800
ULTRACEMCO-I,20170607,4130.2,4182,4111.7,4161.6,1642,1859800
ULTRACEMCO-II,20170607,4149,4170,4131.05,4159.6,11,4000
ULTRACEMCO-III,20170607,0,0,0,4236.4,0,0
UNIONBANK-I,20170607,156.2,159.4,154.8,158.65,2827,20272000
UNIONBANK-II,20170607,154,157.5,154,156.95,58,984000
UNIONBANK-III,20170607,0,0,0,156.5,0,12000
UPL-I,20170607,867.85,875,856.2,858.4,1261,7448400
UPL-II,20170607,870.7,870.7,859.5,859.7,56,226800
UPL-III,20170607,0,0,0,824.75,0,0
VEDL-I,20170607,236,236.5,233.2,234.65,8629,55720000
VEDL-II,20170607,236,237.7,234.8,235.85,116,479500
VEDL-III,20170607,236,238,235.85,236.35,6,24500
VGUARD-I,20170607,191.15,191.5,188,190.15,248,2883000
VGUARD-II,20170607,191.05,191.6,191.05,191.55,3,57000
VGUARD-III,20170607,0,0,0,185.2,0,0
VOLTAS-I,20170607,488.15,490.25,483.2,486.3,2033,6974000
VOLTAS-II,20170607,487.9,487.9,485.15,487.25,20,180000
VOLTAS-III,20170607,485,485,485,485,5,18000
WIPRO-I,20170607,561,562,533.1,546.5,5374,13270800
WIPRO-II,20170607,554,554.55,533.05,545.9,98,381600
WIPRO-III,20170607,540,540.7,539,540,35,39600
WOCKPHARMA-I,20170607,617.15,636.65,616.65,626.3,1620,3280200
WOCKPHARMA-II,20170607,627.45,637.25,627.45,628.75,3,26400
WOCKPHARMA-III,20170607,0,0,0,584.95,0,0
YESBANK-I,20170607,1524.75,1524.75,1488.55,1502.5,13487,7825300
YESBANK-II,20170607,1520,1520,1496.05,1509.2,146,175350
YESBANK-III,20170607,1525,1525,1507.2,1507.2,10,5250
ZEEL-I,20170607,523.4,523.4,517,522,2081,9187100
ZEEL-II,20170607,519.3,521.05,519.1,521.05,7,42900
ZEEL-III,20170607,0,0,0,521.1,0,0
