BANKNIFTY-I,20180405,24422,24878.4,24410,24808.9,121866,1637960
BANKNIFTY-II,20180405,24512.7,24915.45,24486.25,24852.45,2129,62240
BANKNIFTY-III,20180405,24466.8,24930,24466.8,24845.7,88,3200
FTSE100-I,20180405,0,0,0,7832,0,0
FTSE100-II,20180405,0,0,0,7364,0,0
FTSE100-III,20180405,0,0,0,7982,0,0
FTSE100-IIII,20180405,0,0,0,7867,0,0
FTSE100-IIIII,20180405,0,0,0,7947,0,0
FTSE100-IIIIII,20180405,0,0,0,7674,0,0
NIFTY-I,20180405,10255.65,10359.35,10253.05,10352.2,161067,21392700
NIFTY-II,20180405,10286.7,10387.1,10281,10380.95,9035,1455225
NIFTY-III,20180405,10288.45,10403,10288.45,10398.05,1482,110625
NIFTYCPSE-I,20180405,0,0,0,2827.05,0,0
NIFTYCPSE-II,20180405,0,0,0,2627.4,0,0
NIFTYCPSE-III,20180405,0,0,0,2463.55,0,0
NIFTYINFRA-I,20180405,0,0,0,3716.6,0,0
NIFTYINFRA-II,20180405,0,0,0,3441.1,0,0
NIFTYINFRA-III,20180405,0,0,0,3389.3,0,0
NIFTYIT-I,20180405,12649,12729,12625,12708,308,39450
NIFTYIT-II,20180405,12750,12750,12750,12750,1,100
NIFTYIT-III,20180405,0,0,0,12740,0,0
NIFTYMID50-I,20180405,0,0,0,5007.45,0,591400
NIFTYMID50-II,20180405,0,0,0,5152,0,0
NIFTYMID50-III,20180405,0,0,0,5065.85,0,0
NIFTYPSE-I,20180405,0,0,0,4380.6,0,0
NIFTYPSE-II,20180405,0,0,0,4077.45,0,0
NIFTYPSE-III,20180405,0,0,0,3915.3,0,0
ACC-I,20180405,1547.05,1564.95,1542.8,1558,1789,1472800
ACC-II,20180405,1551.25,1551.25,1548,1548,3,9200
ACC-III,20180405,0,0,0,1534.95,0,0
ADANIENT-I,20180405,131.05,150.35,127.6,148.55,10385,7572000
ADANIENT-II,20180405,133.05,150.95,132.15,149.45,117,144000
ADANIENT-III,20180405,147.25,148.25,146.55,147.8,5,4000
ADANIPORTS-I,20180405,372.9,381.9,372.9,376.95,4031,13475000
ADANIPORTS-II,20180405,377.1,381.75,375.5,378.8,153,200000
ADANIPORTS-III,20180405,0,0,0,360.55,0,0
ADANIPOWER-I,20180405,25.8,25.8,25.3,25.6,1333,93560000
ADANIPOWER-II,20180405,25.85,25.85,25.5,25.7,15,2020000
ADANIPOWER-III,20180405,25.9,25.9,25.9,25.9,1,20000
AJANTPHARM-I,20180405,1395.2,1415,1390.2,1404.1,1095,650000
AJANTPHARM-II,20180405,1415.85,1417.2,1406.25,1408.6,8,3500
AJANTPHARM-III,20180405,0,0,0,1415.65,0,0
ALBK-I,20180405,50.15,52.55,50,52.05,1581,14140000
ALBK-II,20180405,50.3,52.55,50.3,52.2,24,740000
ALBK-III,20180405,0,0,0,50.5,0,0
AMARAJABAT-I,20180405,801.55,812.4,801.5,808.3,1118,1323700
AMARAJABAT-II,20180405,813.05,813.45,812.5,813,3,14000
AMARAJABAT-III,20180405,0,0,0,809.5,0,0
AMBUJACEM-I,20180405,239.6,240.45,236.3,239,1876,11517500
AMBUJACEM-II,20180405,238.55,240.75,238,239.75,17,105000
AMBUJACEM-III,20180405,0,0,0,240.05,0,2500
ANDHRABANK-I,20180405,43,45.2,43,44.65,1463,21970000
ANDHRABANK-II,20180405,43.65,45.35,43.65,45.15,18,480000
ANDHRABANK-III,20180405,0,0,0,42.4,0,0
APOLLOHOSP-I,20180405,1079.85,1095,1077.65,1089.4,929,577000
APOLLOHOSP-II,20180405,1088.75,1095.65,1088.75,1095.65,2,4000
APOLLOHOSP-III,20180405,0,0,0,1084.05,0,0
APOLLOTYRE-I,20180405,285.8,295.9,285.8,293.5,6332,11631000
APOLLOTYRE-II,20180405,290,296.55,289.8,293.85,60,243000
APOLLOTYRE-III,20180405,0,0,0,287,0,6000
ARVIND-I,20180405,404.95,412.65,404.95,411.8,2265,4988000
ARVIND-II,20180405,408.25,414,407.3,413.65,13,84000
ARVIND-III,20180405,0,0,0,389.95,0,0
ASHOKLEY-I,20180405,147.9,148.95,146.7,147.75,3534,54656000
ASHOKLEY-II,20180405,149.6,149.6,147.6,148.5,74,903000
ASHOKLEY-III,20180405,149.9,149.9,149.9,149.9,1,49000
ASIANPAINT-I,20180405,1154.25,1161.35,1143.9,1149.35,2250,4347600
ASIANPAINT-II,20180405,1150,1165,1148.85,1154.6,20,30600
ASIANPAINT-III,20180405,0,0,0,1140.8,0,0
AUROPHARMA-I,20180405,596.2,603.6,592.25,602.3,5240,21749600
AUROPHARMA-II,20180405,599,606.5,596,605.25,235,329600
AUROPHARMA-III,20180405,0,0,0,616.2,0,800
AXISBANK-I,20180405,499.55,507,496.45,505.35,10827,39421200
AXISBANK-II,20180405,502.1,509.2,499.9,507.65,90,517200
AXISBANK-III,20180405,0,0,0,500,0,1200
BAJAJ-AUTO-I,20180405,2804.75,2828,2799.9,2823.45,2874,2367500
BAJAJ-AUTO-II,20180405,2824.95,2834,2810,2833.25,22,14750
BAJAJ-AUTO-III,20180405,0,0,0,2794.65,0,0
BAJAJFINSV-I,20180405,5329.3,5524,5322.45,5475,2987,657000
BAJAJFINSV-II,20180405,5384.1,5492.35,5374.35,5491.35,28,8750
BAJAJFINSV-III,20180405,0,0,0,5265.7,0,0
BAJFINANCE-I,20180405,1869.85,1927.05,1869.85,1919.9,8519,4698000
BAJFINANCE-II,20180405,1890.9,1932,1890.9,1927.1,69,77000
BAJFINANCE-III,20180405,0,0,0,1799.75,0,0
BALKRISIND-I,20180405,1166.15,1206,1165,1179.75,2429,933600
BALKRISIND-II,20180405,1180,1211.3,1180,1185.8,15,8800
BALKRISIND-III,20180405,0,0,0,1088.1,0,0
BALRAMCHIN-I,20180405,80.45,80.75,75.25,76.6,1897,16362500
BALRAMCHIN-II,20180405,81.2,81.2,75.5,77.2,18,147000
BALRAMCHIN-III,20180405,0,0,0,77.05,0,0
BANKBARODA-I,20180405,143.4,151,141.6,148.85,11091,54176000
BANKBARODA-II,20180405,145,151.5,142.15,149.1,143,660000
BANKBARODA-III,20180405,146.05,146.05,146.05,146.05,1,8000
BANKINDIA-I,20180405,105.95,113.45,105.75,111.85,7214,24456000
BANKINDIA-II,20180405,106.9,114,106.45,112.5,153,438000
BANKINDIA-III,20180405,0,0,0,105.45,0,0
BATAINDIA-I,20180405,756.25,772,751.05,769.15,2422,2475000
BATAINDIA-II,20180405,760.85,772.65,760.85,771,15,18700
BATAINDIA-III,20180405,0,0,0,775.05,0,1100
BEL-I,20180405,145.75,146.8,144.05,145.75,1301,26081550
BEL-II,20180405,147.85,147.85,145.3,146.75,22,306900
BEL-III,20180405,0,0,0,144.05,0,0
BEML-I,20180405,1117.15,1144.3,1108,1125,1840,2121000
BEML-II,20180405,1117.3,1130.6,1117.3,1128.15,17,101100
BEML-III,20180405,0,0,0,1063.1,0,0
BERGEPAINT-I,20180405,255.9,261.3,255.85,260.75,294,1564200
BERGEPAINT-II,20180405,0,0,0,257.85,0,15400
BERGEPAINT-III,20180405,0,0,0,261.4,0,0
BHARATFIN-I,20180405,1119.75,1135,1116.6,1132.25,1435,4854000
BHARATFIN-II,20180405,1128.9,1138.05,1124.4,1138.05,9,27000
BHARATFIN-III,20180405,0,0,0,1116.85,0,0
BHARATFORG-I,20180405,727.05,735,725.6,730.85,3450,8239200
BHARATFORG-II,20180405,729.3,737,729.25,732.7,23,46800
BHARATFORG-III,20180405,0,0,0,712.4,0,0
BHARTIARTL-I,20180405,400,402.25,393.1,396,5964,57346100
BHARTIARTL-II,20180405,401.6,402.85,395.5,397.85,435,878900
BHARTIARTL-III,20180405,399.65,399.65,399.65,399.65,1,0
BHEL-I,20180405,86.5,87.8,86.4,87.45,1780,43927500
BHEL-II,20180405,87,88.05,86.85,87.85,39,862500
BHEL-III,20180405,0,0,0,87,0,15000
BIOCON-I,20180405,602.9,610.4,601.7,607.85,2716,7329600
BIOCON-II,20180405,605.6,609,602,607,31,162000
BIOCON-III,20180405,0,0,0,600,0,10800
BOSCHLTD-I,20180405,20028.35,20123.25,19279.95,19663.6,1882,188125
BOSCHLTD-II,20180405,20172.85,20172.85,19427.45,19597.15,10,925
BOSCHLTD-III,20180405,0,0,0,18345.45,0,0
BPCL-I,20180405,418.9,425.75,418.9,424.35,2383,11415600
BPCL-II,20180405,421.4,426.45,421.4,425.85,34,95400
BPCL-III,20180405,0,0,0,435.25,0,0
BRITANNIA-I,20180405,5078.7,5083.75,5027.2,5075.75,561,846600
BRITANNIA-II,20180405,5076.2,5101,5076.2,5098.5,9,3200
BRITANNIA-III,20180405,0,0,0,5061.05,0,0
CADILAHC-I,20180405,397.95,404.9,395.2,396.5,1221,5942400
CADILAHC-II,20180405,401,406.55,397.7,398.5,21,91200
CADILAHC-III,20180405,0,0,0,384.75,0,0
CANBK-I,20180405,267.85,291.4,267.1,285.6,12011,11664000
CANBK-II,20180405,270,292,269.1,286.65,104,476800
CANBK-III,20180405,290.8,291.7,288.1,290.2,3,4800
CANFINHOME-I,20180405,434.4,443.9,434.35,441.85,2712,7498750
CANFINHOME-II,20180405,438.1,445.65,437.5,443.65,79,420000
CANFINHOME-III,20180405,0,0,0,493.35,0,0
CAPF-I,20180405,643.75,665.4,643.75,660.35,3320,7522400
CAPF-II,20180405,661.9,663,658,663,262,43200
CAPF-III,20180405,0,0,0,627.2,0,0
CASTROLIND-I,20180405,208.55,209.25,205.05,206.7,754,11477200
CASTROLIND-II,20180405,210.05,210.05,206.1,206.1,9,30800
CASTROLIND-III,20180405,0,0,0,209.75,0,2800
CEATLTD-I,20180405,1594.75,1656.8,1593,1647.4,6828,1031450
CEATLTD-II,20180405,1632.15,1661,1632.15,1655.15,30,18900
CEATLTD-III,20180405,0,0,0,1533.75,0,0
CENTURYTEX-I,20180405,1187,1215,1187,1206.95,3803,5982900
CENTURYTEX-II,20180405,1200.55,1219.8,1200.55,1209.95,16,23100
CENTURYTEX-III,20180405,0,0,0,1163.4,0,0
CESC-I,20180405,995,1013,988,1003.55,1863,5547300
CESC-II,20180405,1006.5,1008.5,1004.5,1005.9,27,283800
CESC-III,20180405,0,0,0,983,0,1100
CGPOWER-I,20180405,80,81.2,80,80.75,233,21504000
CGPOWER-II,20180405,81.25,81.25,81.25,81.25,1,276000
CGPOWER-III,20180405,0,0,0,79.05,0,0
CHENNPETRO-I,20180405,337.15,343.2,337,341.45,326,2538000
CHENNPETRO-II,20180405,340,341.75,340,341.75,2,19500
CHENNPETRO-III,20180405,344.85,344.85,343.95,343.95,2,3000
CHOLAFIN-I,20180405,1505.05,1528.85,1497,1524.55,696,464000
CHOLAFIN-II,20180405,1511.55,1512.5,1511.55,1512.35,3,1000
CHOLAFIN-III,20180405,0,0,0,1476.85,0,0
CIPLA-I,20180405,572.2,579,560.3,563.7,3675,8432000
CIPLA-II,20180405,578.05,580.1,565,565.85,46,119000
CIPLA-III,20180405,0,0,0,555.4,0,0
COALINDIA-I,20180405,275.4,279.85,275.4,277.25,1247,17556000
COALINDIA-II,20180405,276.35,280,276.35,278.05,39,198000
COALINDIA-III,20180405,0,0,0,288.5,0,0
COLPAL-I,20180405,1088.9,1097.4,1083.65,1092.7,517,1502200
COLPAL-II,20180405,0,0,0,1086.5,1,11900
COLPAL-III,20180405,0,0,0,1076.15,0,0
CONCOR-I,20180405,1261.55,1264.5,1242.65,1247.55,395,1002500
CONCOR-II,20180405,0,0,0,1247.05,0,2500
CONCOR-III,20180405,0,0,0,1267.8,0,0
CUMMINSIND-I,20180405,746,750.85,731.75,746.25,871,1997400
CUMMINSIND-II,20180405,745.75,745.75,736,736,3,19200
CUMMINSIND-III,20180405,0,0,0,713,0,0
DABUR-I,20180405,339.9,340.05,336.75,338.55,595,12472500
DABUR-II,20180405,340.55,340.55,340,340,3,20000
DABUR-III,20180405,0,0,0,334.4,0,0
DALMIABHA-I,20180405,2934.35,2973,2910.35,2933.55,586,591300
DALMIABHA-II,20180405,2935.5,2935.5,2935.5,2935.5,1,3000
DALMIABHA-III,20180405,0,0,0,2926.45,0,0
DCBBANK-I,20180405,167.9,171.95,167.9,171.2,686,4324500
DCBBANK-II,20180405,170.75,172.25,169.55,171.8,14,162000
DCBBANK-III,20180405,0,0,0,164.5,0,0
DHFL-I,20180405,528.35,547,528.35,543.4,6069,28141500
DHFL-II,20180405,535.2,546.9,534.7,546,114,144000
DHFL-III,20180405,0,0,0,519.45,0,0
DISHTV-I,20180405,71.05,72.5,71,72.05,1236,45227000
DISHTV-II,20180405,72.3,72.3,71.4,72.2,17,2842000
DISHTV-III,20180405,0,0,0,72,0,14000
DIVISLAB-I,20180405,1114,1129,1106.15,1122.6,2014,1955200
DIVISLAB-II,20180405,1127,1132,1112.6,1129.05,64,40000
DIVISLAB-III,20180405,0,0,0,1110.05,0,0
DLF-I,20180405,202.85,207.75,202.55,207.1,8760,49145000
DLF-II,20180405,205.35,208.6,204.05,208.05,142,390000
DLF-III,20180405,0,0,0,204.95,0,0
DRREDDY-I,20180405,2121.75,2147.35,2105.35,2122.4,3735,4360500
DRREDDY-II,20180405,2136.4,2157.2,2111.35,2133.05,232,99750
DRREDDY-III,20180405,0,0,0,2118.45,0,0
EICHERMOT-I,20180405,29370.7,29850,29255.3,29784.95,3224,204100
EICHERMOT-II,20180405,29500,29975,29459.9,29928.65,436,13075
EICHERMOT-III,20180405,0,0,0,28889,0,0
ENGINERSIN-I,20180405,165,167.75,162.8,166.9,867,6632500
ENGINERSIN-II,20180405,165.5,167,164.25,167,9,87500
ENGINERSIN-III,20180405,0,0,0,161.35,0,0
EQUITAS-I,20180405,149,151.3,148.2,150.9,791,17740800
EQUITAS-II,20180405,151.75,151.75,151.75,151.75,1,48000
EQUITAS-III,20180405,0,0,0,146.75,0,0
ESCORTS-I,20180405,881.35,898.8,881.35,893.4,2755,3099800
ESCORTS-II,20180405,896.45,899.55,891,898,27,39600
ESCORTS-III,20180405,0,0,0,898.7,0,1100
EXIDEIND-I,20180405,233.55,241,233.55,237.3,2098,8700000
EXIDEIND-II,20180405,236.85,240.6,236,238.1,18,88000
EXIDEIND-III,20180405,0,0,0,226.95,0,0
FEDERALBNK-I,20180405,92.6,94.55,92.5,94.05,3860,58173500
FEDERALBNK-II,20180405,93.45,94.95,93.2,94.45,272,1765500
FEDERALBNK-III,20180405,93.85,94.75,93.5,94.75,11,27500
GAIL-I,20180405,332,337.05,331.4,333.4,1791,13519023
GAIL-II,20180405,335.2,337.2,333.7,333.95,16,112014
GAIL-III,20180405,0,0,0,334.55,0,0
GLENMARK-I,20180405,552.8,568.9,551.5,556.5,1636,5246100
GLENMARK-II,20180405,558.75,570,558.75,559.5,19,40500
GLENMARK-III,20180405,0,0,0,535.9,0,0
GMRINFRA-I,20180405,19,19.2,18.7,19,1252,288090000
GMRINFRA-II,20180405,19.2,19.2,18.85,19.1,8,1530000
GMRINFRA-III,20180405,0,0,0,17.2,0,0
GODFRYPHLP-I,20180405,850,868,846.5,861.55,512,621500
GODFRYPHLP-II,20180405,0,0,0,815.2,0,1000
GODFRYPHLP-III,20180405,0,0,0,836.2,0,0
GODREJCP-I,20180405,1106.05,1106.05,1082.2,1092.15,897,2497600
GODREJCP-II,20180405,1095.25,1097.3,1093.4,1093.4,12,12000
GODREJCP-III,20180405,0,0,0,1113.55,0,0
GODREJIND-I,20180405,540.8,559.7,540.8,557.8,1304,2568000
GODREJIND-II,20180405,550,558.35,550,558.2,10,12000
GODREJIND-III,20180405,554.2,554.2,553.9,553.9,2,3000
GRANULES-I,20180405,108.25,108.55,106.7,107.35,637,15155000
GRANULES-II,20180405,107.95,107.95,107.95,107.95,2,195000
GRANULES-III,20180405,0,0,0,105.15,0,0
GRASIM-I,20180405,1078,1103.7,1071,1100,2928,5124750
GRASIM-II,20180405,1080,1104.6,1080,1102.6,21,21750
GRASIM-III,20180405,1094,1094,1093.95,1093.95,2,1500
GSFC-I,20180405,123.1,126.5,123.1,125.7,751,17995500
GSFC-II,20180405,124.65,125.75,124.65,125.75,3,85500
GSFC-III,20180405,0,0,0,116.2,0,0
HAVELLS-I,20180405,511.1,517.45,510,513.65,2340,5370000
HAVELLS-II,20180405,515.15,517.85,515.15,517.85,5,58000
HAVELLS-III,20180405,514.45,514.45,514.45,514.45,1,2000
HCC-I,20180405,24.8,25.25,24.6,25,903,44790000
HCC-II,20180405,25.15,25.25,24.6,25.05,71,1500000
HCC-III,20180405,0,0,0,22.6,0,0
HCLTECH-I,20180405,974.3,987.7,962,967.3,3110,9818900
HCLTECH-II,20180405,978.8,987.6,962.2,967.8,27,140700
HCLTECH-III,20180405,970,970,965.5,970,4,700
HDFC-I,20180405,1823.5,1839,1817.55,1833.75,4630,16173000
HDFC-II,20180405,1834.45,1847.7,1834,1842.35,139,398000
HDFC-III,20180405,1852.3,1852.3,1852.3,1852.3,1,500
HDFCBANK-I,20180405,1902.35,1919,1896.55,1915.85,11320,16550500
HDFCBANK-II,20180405,1910.4,1923.95,1900.65,1920.35,116,92000
HDFCBANK-III,20180405,1910.1,1913.5,1903.25,1911.95,14,21500
HDIL-I,20180405,41.35,42.25,41,41.75,1576,28584000
HEROMOTOCO-I,20180405,3718.4,3791.9,3700.05,3781.6,4768,1573400
HEROMOTOCO-II,20180405,3740,3806.15,3724.95,3798.95,75,24800
HEROMOTOCO-III,20180405,3699,3768.2,3699,3768.2,5,8600
HEXAWARE-I,20180405,399.35,402.05,396.1,398.95,1037,4686000
HEXAWARE-II,20180405,396.5,397.2,395,395.95,5,93000
HEXAWARE-III,20180405,0,0,0,383.75,0,0
HINDALCO-I,20180405,206.3,215,206.1,214.4,14654,50305500
HINDALCO-II,20180405,208,215.65,208,215.35,188,745500
HINDALCO-III,20180405,208.75,215.9,208.75,215.9,7,24500
HINDPETRO-I,20180405,347.1,351.8,346.55,350.2,2267,24891300
HINDPETRO-II,20180405,349.4,353.3,349.2,352.45,25,130725
HINDPETRO-III,20180405,0,0,0,351.15,0,0
HINDUNILVR-I,20180405,1368.65,1384.95,1368.65,1383.7,2497,8556000
HINDUNILVR-II,20180405,1385.4,1390,1378.35,1389.25,71,114600
HINDUNILVR-III,20180405,1374.25,1374.25,1374.25,1374.25,1,1200
HINDZINC-I,20180405,309.55,316.95,309.55,313.65,3169,12854400
HINDZINC-II,20180405,0,0,0,310.55,0,76800
HINDZINC-III,20180405,0,0,0,306.05,0,0
IBULHSGFIN-I,20180405,1309,1348,1309,1342,7155,13450000
IBULHSGFIN-II,20180405,1309.1,1341.8,1307.7,1337.65,83,101200
IBULHSGFIN-III,20180405,0,0,0,1259.8,1,400
ICICIBANK-I,20180405,269.2,280.4,268.3,279.15,22503,96126250
ICICIBANK-II,20180405,270.55,281,270.55,279.95,380,1377750
ICICIBANK-III,20180405,272.05,279.8,271.75,278.8,84,96250
ICICIPRULI-I,20180405,396.2,398.75,392.7,396.1,513,4258800
ICICIPRULI-II,20180405,0,0,0,402.4,0,18200
ICICIPRULI-III,20180405,0,0,0,395.7,0,0
IDBI-I,20180405,73.15,73.35,71.4,72.75,6134,47360000
IDBI-II,20180405,72.6,73.6,72,72.75,36,530000
IDBI-III,20180405,72.7,73.65,72.7,73.65,2,10000
IDEA-I,20180405,77.6,78,76.3,77.35,2428,102529000
IDEA-II,20180405,78.05,78.05,77,77.75,203,1421000
IDEA-III,20180405,0,0,0,77.3,0,0
IDFC-I,20180405,51.25,53,51.25,52.7,1516,156670800
IDFC-II,20180405,52.8,53.1,52.55,52.95,7,884400
IDFC-III,20180405,0,0,0,51,0,13200
IDFCBANK-I,20180405,48.55,50.15,48.55,49.85,2544,182475000
IDFCBANK-II,20180405,49.35,50.35,49.25,50.2,36,1620000
IDFCBANK-III,20180405,49.8,49.8,49.8,49.8,1,9000
IFCI-I,20180405,20.7,21.25,20.7,21.15,438,75284000
IFCI-II,20180405,21.05,21.1,21,21,13,924000
IFCI-III,20180405,0,0,0,21.4,0,22000
IGL-I,20180405,284.95,291.95,282.8,290.45,1544,5304750
IGL-II,20180405,287,293,285.4,292.25,32,104500
IGL-III,20180405,0,0,0,284.55,0,0
INDIACEM-I,20180405,152.25,156.75,151.8,156.3,2854,23541000
INDIACEM-II,20180405,153.8,157.35,153,157.35,21,346500
INDIACEM-III,20180405,0,0,0,154.05,0,3500
INDIANB-I,20180405,308.55,321.4,306.2,318.95,3080,3638000
INDIANB-II,20180405,310.05,322.4,308.25,321.8,17,34000
INDIANB-III,20180405,0,0,0,304.5,0,2000
INDIGO-I,20180405,1404.5,1454,1391,1446.6,4676,3249000
INDIGO-II,20180405,1420.95,1449,1410,1444.2,41,19800
INDIGO-III,20180405,0,0,0,1313.95,0,0
INDUSINDBK-I,20180405,1816.45,1835,1807.75,1830.7,5192,5877300
INDUSINDBK-II,20180405,1816.15,1837.05,1806.5,1831.25,71,94500
INDUSINDBK-III,20180405,1808.9,1809.2,1808.9,1809.2,2,14700
INFIBEAM-I,20180405,161.8,165.6,160.75,164.55,1987,36392000
INFIBEAM-II,20180405,162.5,164.8,161.2,163.8,23,2388000
INFIBEAM-III,20180405,0,0,0,157.5,0,12000
INFRATEL-I,20180405,334.65,334.65,328,331.75,1259,5627000
INFRATEL-II,20180405,331.85,332,328.6,331.05,35,147900
INFRATEL-III,20180405,331.8,331.8,328.6,328.6,6,69700
INFY-I,20180405,1140.65,1153.95,1134,1150.65,8886,35870400
INFY-II,20180405,1143.4,1155.4,1137.9,1152.85,136,425400
INFY-III,20180405,1140,1140.8,1135.05,1136.5,10,16800
IOC-I,20180405,173.45,174.4,172.55,174.05,2683,38379000
IOC-II,20180405,174.45,174.9,173.6,174.85,46,438000
IOC-III,20180405,0,0,0,174.25,0,3000
IRB-I,20180405,239.95,244.4,239.15,242.5,1468,14602500
IRB-II,20180405,241.45,244.65,241.45,243.2,16,52500
IRB-III,20180405,0,0,0,227.1,0,0
ITC-I,20180405,258.75,261,258.2,260.75,6234,91706400
ITC-II,20180405,261,261.5,259.35,261.25,131,1080000
ITC-III,20180405,258.15,259,257.25,258.95,60,247200
JETAIRWAYS-I,20180405,619.8,632.25,619.8,628.35,6252,8094000
JETAIRWAYS-II,20180405,625.95,632.7,622.25,631.3,101,150000
JETAIRWAYS-III,20180405,0,0,0,619.85,0,0
JINDALSTEL-I,20180405,227.15,238.5,225.75,236.9,13359,35505000
JINDALSTEL-II,20180405,228.4,238.7,227.5,238.05,202,324000
JINDALSTEL-III,20180405,230.25,237.3,230.25,236.2,9,9000
JISLJALEQS-I,20180405,113.15,115.65,112.5,115.05,1857,39168000
JISLJALEQS-II,20180405,114,116,113.05,115.8,17,324000
JISLJALEQS-III,20180405,114,114,114,114,1,9000
JPASSOCIAT-I,20180405,20,20.4,19.55,19.95,1410,214098000
JPASSOCIAT-II,20180405,20.25,20.3,19.95,19.95,23,1632000
JPASSOCIAT-III,20180405,0,0,0,19.25,0,0
JSWSTEEL-I,20180405,300.9,310.8,300.9,309.5,6161,65598000
JSWSTEEL-II,20180405,303.75,311.9,303.75,310.75,99,480000
JSWSTEEL-III,20180405,0,0,0,298.75,0,18000
JUBLFOOD-I,20180405,2339.3,2353,2327.3,2348.3,2748,1773500
JUBLFOOD-II,20180405,2352.6,2360,2337.45,2358,45,48500
JUBLFOOD-III,20180405,0,0,0,2368.2,0,0
JUSTDIAL-I,20180405,472.65,475.7,463.4,467.7,1942,3890600
JUSTDIAL-II,20180405,464.25,468.45,464.25,468.45,3,190400
JUSTDIAL-III,20180405,0,0,0,451.15,0,0
KAJARIACER-I,20180405,572.25,578.95,569,574.25,355,1376800
KAJARIACER-II,20180405,578,581.25,578,579,3,5600
KAJARIACER-III,20180405,0,0,0,583,0,0
KOTAKBANK-I,20180405,1093.85,1123,1088.1,1120.2,6988,9781600
KOTAKBANK-II,20180405,1102.7,1127.25,1092.65,1124.3,207,333600
KOTAKBANK-III,20180405,0,0,0,1066.9,0,0
KPIT-I,20180405,222.45,223.7,220.7,222.45,927,9652500
KPIT-II,20180405,0,0,0,221.4,0,72000
KPIT-III,20180405,0,0,0,220.5,0,0
KSCL-I,20180405,503.8,507.9,500,505.25,463,2332500
KSCL-II,20180405,507.7,507.7,506.5,506.5,4,7500
KSCL-III,20180405,0,0,0,492.2,0,0
KTKBANK-I,20180405,121.5,124,121.45,123.5,1767,24019800
KTKBANK-II,20180405,122.55,124.35,122,124.3,147,273600
KTKBANK-III,20180405,122.95,125,122.95,125,59,228000
L&TFH-I,20180405,163.55,173.4,163.55,172.6,5629,31221000
L&TFH-II,20180405,165.5,173.7,165.5,173.7,83,283500
L&TFH-III,20180405,0,0,0,163.55,0,0
LICHSGFIN-I,20180405,541.25,568.7,541.25,566.3,5116,12310100
LICHSGFIN-II,20180405,548.25,570.55,547.2,569,96,155100
LICHSGFIN-III,20180405,0,0,0,544.15,0,0
LT-I,20180405,1315.2,1339.75,1311.9,1333.1,6691,12299250
LT-II,20180405,1323.5,1345,1322.4,1339.6,107,252000
LT-III,20180405,0,0,0,1334.8,0,0
LUPIN-I,20180405,784,793.95,782.9,789.05,2894,13305000
LUPIN-II,20180405,795.2,796.15,788.4,792.7,46,159600
LUPIN-III,20180405,0,0,0,791.3,0,6000
M&M-I,20180405,771.1,783,771.1,775.55,3601,13722000
M&M-II,20180405,777.25,785.75,775.8,777.15,71,240000
M&M-III,20180405,0,0,0,752.35,0,0
M&MFIN-I,20180405,470.9,492.45,470.9,490.2,2904,7408750
M&MFIN-II,20180405,481.95,492,480,492,28,51250
M&MFIN-III,20180405,0,0,0,471.7,0,0
MANAPPURAM-I,20180405,116.75,119.5,116.4,119.05,1276,18630000
MANAPPURAM-II,20180405,118,120,118,119.7,4,282000
MANAPPURAM-III,20180405,0,0,0,111.05,0,0
MARICO-I,20180405,329.45,331,321.1,324.85,948,4745000
MARICO-II,20180405,328.05,328.05,326.25,326.25,5,23400
MARICO-III,20180405,0,0,0,332,0,0
MARUTI-I,20180405,9089.95,9183.7,9089.05,9170.25,7035,2179950
MARUTI-II,20180405,9166.65,9222.5,9162.25,9211.4,144,47025
MARUTI-III,20180405,0,0,0,9100,0,225
MCDOWELL-N-I,20180405,3204.95,3273.5,3200.65,3268.2,3115,2215500
MCDOWELL-N-II,20180405,3240.45,3285.6,3221.6,3285.6,61,17250
MCDOWELL-N-III,20180405,0,0,0,3186.6,0,0
MCX-I,20180405,735,748.9,735,745.4,1079,3236000
MCX-II,20180405,740.9,750.85,740.9,750.85,6,16500
MCX-III,20180405,0,0,0,679.5,0,0
MFSL-I,20180405,459.1,464.5,454.3,461.2,437,2726000
MFSL-II,20180405,0,0,0,466.6,0,6000
MFSL-III,20180405,0,0,0,461.7,0,0
MGL-I,20180405,998.65,1033,998.65,1018.05,1082,904200
MGL-II,20180405,1005.3,1039.4,1005.3,1022.5,5,3000
MGL-III,20180405,0,0,0,975.5,0,0
MINDTREE-I,20180405,789.35,806.4,789.35,802.95,2575,1718400
MINDTREE-II,20180405,795,807.95,794.5,804.9,20,39600
MINDTREE-III,20180405,0,0,0,786,0,0
MOTHERSUMI-I,20180405,340.05,343.4,337.65,340.6,2604,13931200
MOTHERSUMI-II,20180405,341.75,343,340,342.15,72,433600
MOTHERSUMI-III,20180405,345,345,343,343,3,6400
MRF-I,20180405,76089.45,77450,76089.45,77191.75,1952,43545
MRF-II,20180405,76778.9,77692.5,76778.9,77512.65,42,1020
MRF-III,20180405,0,0,0,75250,0,15
MRPL-I,20180405,112.15,113.1,111.5,112.25,232,4990500
MRPL-II,20180405,0,0,0,112,0,13500
MRPL-III,20180405,0,0,0,111.85,0,0
MUTHOOTFIN-I,20180405,422.4,436.35,421.2,435,933,1948500
MUTHOOTFIN-II,20180405,423.5,438,423.5,437.6,12,48000
MUTHOOTFIN-III,20180405,0,0,0,414.9,0,0
NATIONALUM-I,20180405,71.75,73.15,71.65,72.45,1618,35992000
NATIONALUM-II,20180405,72,73.4,72,72.75,14,368000
NATIONALUM-III,20180405,0,0,0,70.2,0,8000
NBCC-I,20180405,207,208.6,206.5,207.95,890,10098000
NBCC-II,20180405,209.45,209.55,207.55,208.85,50,276000
NBCC-III,20180405,209.7,209.7,209.7,209.7,1,3000
NCC-I,20180405,128.45,131.65,128.45,130.25,2690,24960000
NCC-II,20180405,130.3,132,129.6,131,21,408000
NCC-III,20180405,131.1,131.1,131,131,2,16000
NESTLEIND-I,20180405,8438.95,8447,8382.45,8428.55,285,257400
NESTLEIND-II,20180405,8430,8430,8421.35,8421.35,2,600
NESTLEIND-III,20180405,0,0,0,8352.85,0,0
NHPC-I,20180405,28.95,29.05,28.45,28.85,210,29052000
NHPC-II,20180405,28.95,29,28.75,28.9,4,837000
NHPC-III,20180405,0,0,0,28.05,0,81000
NIITTECH-I,20180405,875.9,889.95,875.9,883.45,1626,1569000
NIITTECH-II,20180405,0,0,0,887.45,0,6000
NIITTECH-III,20180405,0,0,0,880.75,0,0
NMDC-I,20180405,117.95,118.9,117.5,118.45,976,31590000
NMDC-II,20180405,118.6,119.4,118.35,118.95,11,648000
NMDC-III,20180405,0,0,0,120.75,0,0
NTPC-I,20180405,166.85,169.65,166.85,169.05,1514,33220000
NTPC-II,20180405,168.95,170.15,168.95,169.75,5,120000
NTPC-III,20180405,0,0,0,172.8,0,0
OFSS-I,20180405,3945.55,4007.75,3900.15,3930.75,179,67050
OFSS-II,20180405,0,0,0,4170.8,0,0
OFSS-III,20180405,3969.05,3969.05,3964.05,3964.05,2,300
OIL-I,20180405,217.1,219.15,216.65,218.3,262,3507768
OIL-II,20180405,217.85,218.95,217.15,218.95,7,81576
OIL-III,20180405,0,0,0,220.3,0,0
ONGC-I,20180405,177,178.5,176.3,178.25,1636,32790000
ONGC-II,20180405,177.55,179.4,177.5,179.25,61,592500
ONGC-III,20180405,179.35,179.35,179.35,179.35,3,30000
ORIENTBANK-I,20180405,94.25,99.2,94.25,97.9,1826,14394000
ORIENTBANK-II,20180405,95,99.35,95,98.8,19,156000
ORIENTBANK-III,20180405,96.45,97.4,96.45,97.4,2,12000
PAGEIND-I,20180405,23098.95,24235,22900.05,24045.4,1002,36400
PAGEIND-II,20180405,24030,24120.5,24030,24120.5,4,150
PAGEIND-III,20180405,0,0,0,23097.35,0,0
PCJEWELLER-I,20180405,305.55,308.9,295,297.9,5539,8394000
PCJEWELLER-II,20180405,306.95,307.85,297.2,299.05,72,481500
PCJEWELLER-III,20180405,309,309,309,309,1,9000
PEL-I,20180405,2504.55,2565.65,2499.35,2547.85,983,1784518
PEL-II,20180405,2512,2563.75,2512,2562.65,7,3926
PEL-III,20180405,0,0,0,2477.15,0,0
PETRONET-I,20180405,233,234.2,231.75,233.6,1148,16230000
PETRONET-II,20180405,234,234.6,232.9,234.55,11,141000
PETRONET-III,20180405,0,0,0,232,0,6000
PFC-I,20180405,87.1,89.1,87.1,88.65,2428,69180000
PFC-II,20180405,88.2,89.35,87.95,88.9,132,1128000
PFC-III,20180405,0,0,0,87.4,0,6000
PIDILITIND-I,20180405,966.5,980,966.4,970.85,688,1670000
PIDILITIND-II,20180405,967.15,974.35,967.15,973.9,10,12000
PIDILITIND-III,20180405,0,0,0,934.5,0,0
PNB-I,20180405,95.9,98.65,95.6,97.8,9878,71672000
PNB-II,20180405,96.95,98.9,96.1,97.65,638,2348000
PNB-III,20180405,97.25,99.4,96.9,99.4,10,60000
POWERGRID-I,20180405,198.25,199.15,197,197.35,1486,25176000
POWERGRID-II,20180405,199.65,199.65,198.05,198.2,19,316000
POWERGRID-III,20180405,0,0,0,196.8,0,0
PTC-I,20180405,92.45,94.95,92,94.65,930,20936000
PTC-II,20180405,92.05,95.45,92.05,95.3,7,232000
PTC-III,20180405,0,0,0,89,0,0
PVR-I,20180405,1260,1279.4,1237.25,1262.55,2601,749200
PVR-II,20180405,1256.75,1263.7,1256.75,1263.7,5,3200
PVR-III,20180405,0,0,0,1237.4,0,0
RAMCOCEM-I,20180405,774.65,810.5,767,791.3,1253,1057600
RAMCOCEM-II,20180405,780,807.95,780,799.95,5,4000
RAMCOCEM-III,20180405,0,0,0,759,0,800
RAYMOND-I,20180405,954.75,972,950.35,967.5,1996,4768800
RAYMOND-II,20180405,967.1,973.7,964,972,20,33600
RAYMOND-III,20180405,969,969,967.65,968,3,1600
RBLBANK-I,20180405,497.95,500.55,492.15,499.1,1504,4225000
RBLBANK-II,20180405,499,501.9,496.75,501,20,59000
RBLBANK-III,20180405,0,0,0,488.6,0,0
RCOM-I,20180405,22.85,24.35,21.9,23.4,8839,128436000
RCOM-II,20180405,22.85,24.2,22,23.45,42,1904000
RCOM-III,20180405,23.1,23.8,22.65,23.4,4,140000
RECLTD-I,20180405,129.7,131.75,128.65,131,2640,32892000
RECLTD-II,20180405,129.35,132.3,129.35,131.85,145,1008000
RECLTD-III,20180405,130.05,131.4,130.05,131.4,2,48000
RELCAPITAL-I,20180405,442.5,459.3,442.4,453.1,10686,12042750
RELCAPITAL-II,20180405,446.9,460,446.9,454.4,76,70500
RELCAPITAL-III,20180405,0,0,0,431,0,0
RELIANCE-I,20180405,906,911.95,904.55,910.7,9741,52816000
RELIANCE-II,20180405,910,914.85,908.5,913.4,255,639000
RELIANCE-III,20180405,915.25,917.2,913.15,916.3,9,14000
RELINFRA-I,20180405,444,459.2,444,454.05,5958,9613500
RELINFRA-II,20180405,447.55,460,447.35,455.85,58,442000
RELINFRA-III,20180405,0,0,0,435.3,0,0
REPCOHOME-I,20180405,611.2,619.7,605,607.85,983,887400
REPCOHOME-II,20180405,610.95,610.95,610.95,610.95,1,2700
REPCOHOME-III,20180405,0,0,0,572.6,0,0
RNAVAL-I,20180405,30.7,31.9,30.4,30.65,1279,40842000
RNAVAL-II,20180405,31.5,31.65,31.2,31.25,13,378000
RNAVAL-III,20180405,0,0,0,27.9,0,0
RPOWER-I,20180405,42.9,43.65,41.95,42.95,2950,62517000
RPOWER-II,20180405,43.5,43.9,42.25,43,41,1092000
RPOWER-III,20180405,0,0,0,44.4,0,208000
SAIL-I,20180405,74.45,75.85,74.1,75.65,3841,85740000
SAIL-II,20180405,75.1,76.15,74.6,76,150,2820000
SAIL-III,20180405,0,0,0,71.5,0,0
SBIN-I,20180405,251.7,261.95,250.85,259.65,24079,75030000
SBIN-II,20180405,251,261.5,251,258.4,666,2160000
SBIN-III,20180405,252.35,261.5,252.35,258.45,49,147000
SHREECEM-I,20180405,16497.5,16830,16385,16765.1,416,56450
SHREECEM-II,20180405,16664.45,16664.45,16510,16510,2,100
SHREECEM-III,20180405,0,0,0,16491.2,0,0
SIEMENS-I,20180405,1136.15,1142.9,1127.5,1130.55,689,831500
SIEMENS-II,20180405,1140,1147.4,1135,1137.85,6,5000
SIEMENS-III,20180405,0,0,0,1092.4,0,0
SOUTHBANK-I,20180405,24.25,24.9,24.15,24.7,765,153608535
SOUTHBANK-II,20180405,24.4,25,24.4,24.9,33,2750703
SOUTHBANK-III,20180405,24.6,24.75,24.6,24.75,2,99423
SREINFRA-I,20180405,79.3,82.7,78.95,82.05,873,13575000
SREINFRA-II,20180405,80.45,82.3,79.95,82.3,13,130000
SREINFRA-III,20180405,0,0,0,74.85,0,0
SRF-I,20180405,2023.8,2062.8,2015.15,2040.95,1521,507500
SRF-II,20180405,2033,2065.95,2033,2047.85,8,6000
SRF-III,20180405,0,0,0,1990.75,0,0
SRTRANSFIN-I,20180405,1467.95,1552,1467.95,1543.8,5033,2937600
SRTRANSFIN-II,20180405,1493.95,1548,1493.95,1548,13,33000
SRTRANSFIN-III,20180405,0,0,0,1465.8,0,0
STAR-I,20180405,700.1,708.35,647.4,654.2,11872,2045400
STAR-II,20180405,703.25,704.05,648.4,655.95,186,46800
STAR-III,20180405,680,680,649,653.6,40,6600
SUNPHARMA-I,20180405,507.95,515.9,507.1,510.05,5534,54725000
SUNPHARMA-II,20180405,514.4,517.9,509.85,512.55,360,394900
SUNPHARMA-III,20180405,0,0,0,514,0,1100
SUNTV-I,20180405,875,884.5,869.9,877.2,3381,4558000
SUNTV-II,20180405,876,883.9,876,880.9,27,66000
SUNTV-III,20180405,0,0,0,874,0,1000
SUZLON-I,20180405,11.8,11.9,11.6,11.75,1035,322315000
SUZLON-II,20180405,11.75,11.95,11.7,11.85,75,21210000
SUZLON-III,20180405,11.9,12,11.8,11.9,8,315000
SYNDIBANK-I,20180405,58.05,61.1,57.7,60.35,2375,32670000
SYNDIBANK-II,20180405,58.8,61.25,58.65,60.95,25,234000
SYNDIBANK-III,20180405,60,60,60,60,2,18000
TATACHEM-I,20180405,717.15,731.3,715.9,719.55,2865,5667000
TATACHEM-II,20180405,724.05,730.5,723,725,21,70500
TATACHEM-III,20180405,733.95,733.95,733.45,733.45,5,10500
TATACOMM-I,20180405,650.6,662,649.05,657.1,1138,5812800
TATACOMM-II,20180405,659.55,663.05,654.95,662.05,9,6400
TATACOMM-III,20180405,0,0,0,631.45,0,0
TATAELXSI-I,20180405,1017.1,1033.5,1017.1,1025.35,1445,1708000
TATAELXSI-II,20180405,1026.7,1036.25,1025.85,1032,8,27200
TATAELXSI-III,20180405,0,0,0,1003.3,0,0
TATAGLOBAL-I,20180405,274.6,277.8,273,274.5,2900,23139000
TATAGLOBAL-II,20180405,276.5,278.5,274.65,275.9,55,405000
TATAGLOBAL-III,20180405,0,0,0,275.75,0,148500
TATAMOTORS-I,20180405,362.1,373.25,362,364.5,30967,68202000
TATAMOTORS-II,20180405,366.45,374.85,363.7,366.25,650,1383000
TATAMOTORS-III,20180405,367.45,376.7,367.25,369.65,23,52500
TATAMTRDVR-I,20180405,204,208.95,203.7,206.1,4710,25942500
TATAMTRDVR-II,20180405,205.9,209.8,205,207.1,77,367500
TATAMTRDVR-III,20180405,0,0,0,186.65,0,0
TATAPOWER-I,20180405,84.25,85.1,83.75,84,803,53955000
TATAPOWER-II,20180405,85.25,85.25,84.25,84.35,9,369000
TATAPOWER-III,20180405,0,0,0,80.45,0,0
TATASTEEL-I,20180405,574.6,586,572.4,583.45,20673,21417346
TATASTEEL-II,20180405,578.35,588,575.5,585.75,338,693894
TATASTEEL-III,20180405,581.95,586.3,581.95,586.3,14,13793
TCS-I,20180405,2924.95,2966.2,2924.95,2961.3,6130,7465750
TCS-II,20180405,2932,2971.4,2932,2965.45,43,40250
TCS-III,20180405,2935,2962,2928.85,2958.6,8,3250
TECHM-I,20180405,618.5,622.35,607.15,620,4840,12508800
TECHM-II,20180405,622.5,624.4,610.2,621.35,90,181200
TECHM-III,20180405,0,0,0,650.35,0,0
TITAN-I,20180405,916.3,927,907.1,924.45,8115,11458500
TITAN-II,20180405,925,930.35,913,927.95,122,150000
TITAN-III,20180405,925,933,925,933,4,7500
TORNTPHARM-I,20180405,1300,1329.95,1297.25,1327.5,562,606000
TORNTPHARM-II,20180405,0,0,0,1261.5,0,500
TORNTPHARM-III,20180405,0,0,0,1272.5,0,0
TORNTPOWER-I,20180405,237.7,244.7,237.7,243.65,834,4083000
TORNTPOWER-II,20180405,0,0,0,236.05,0,60000
TORNTPOWER-III,20180405,0,0,0,233.45,0,0
TV18BRDCST-I,20180405,69.3,70,68.65,69.2,1825,86020000
TV18BRDCST-II,20180405,70,70.25,69.45,69.55,24,2465000
TV18BRDCST-III,20180405,0,0,0,68.35,0,0
TVSMOTOR-I,20180405,653,657.85,647.9,652.75,1474,3237000
TVSMOTOR-II,20180405,650.9,653.2,650.9,653.2,7,23000
TVSMOTOR-III,20180405,0,0,0,630.6,0,0
UBL-I,20180405,991.15,1004,975.8,996.8,1034,1061200
UBL-II,20180405,968.05,995.65,968.05,995.5,8,12600
UBL-III,20180405,989.5,989.55,989.35,989.35,3,1400
UJJIVAN-I,20180405,366.25,383.45,366,381.6,2912,4900800
UJJIVAN-II,20180405,368.45,384,368.45,383.4,22,36800
UJJIVAN-III,20180405,0,0,0,351.75,0,0
ULTRACEMCO-I,20180405,3962.95,3996,3935.05,3980.8,1925,1817200
ULTRACEMCO-II,20180405,3965,3998.9,3965,3995.4,20,14200
ULTRACEMCO-III,20180405,0,0,0,4021.9,0,0
UNIONBANK-I,20180405,97.35,102.45,95.8,101,5366,30832000
UNIONBANK-II,20180405,97.55,102.3,97.55,101.25,44,636000
UNIONBANK-III,20180405,0,0,0,95.75,0,0
UPL-I,20180405,746.9,760.9,746.9,758.6,2602,11024400
UPL-II,20180405,754.3,763.25,754.3,761.9,32,99600
UPL-III,20180405,0,0,0,743.55,0,0
VEDL-I,20180405,280.45,293.4,280.35,291.25,18229,37868250
VEDL-II,20180405,282.3,294.45,281.9,292.35,345,1006250
VEDL-III,20180405,292.25,292.25,292,292,2,5250
VGUARD-I,20180405,230.5,232.8,229.3,231.05,539,2244000
VGUARD-II,20180405,231,231.35,231,231.35,3,45000
VGUARD-III,20180405,0,0,0,226.25,0,0
VOLTAS-I,20180405,631.35,637.8,626,633.85,5147,3536000
VOLTAS-II,20180405,637,639.95,630,636.25,76,90000
VOLTAS-III,20180405,641.25,641.25,641.25,641.25,1,2000
WIPRO-I,20180405,283.4,287.05,283.4,286.55,961,29916000
WIPRO-II,20180405,287.3,287.5,286.35,287.4,5,24000
WIPRO-III,20180405,0,0,0,286.3,0,0
WOCKPHARMA-I,20180405,765.9,779.3,760.1,770.9,1737,3308400
WOCKPHARMA-II,20180405,769.75,781,766.8,772,28,36900
WOCKPHARMA-III,20180405,0,0,0,739.75,0,0
YESBANK-I,20180405,311,316.8,309.35,314.85,13196,46852750
YESBANK-II,20180405,312,316.25,309.55,314.65,504,707000
YESBANK-III,20180405,311.65,312.6,311,312.6,8,26250
ZEEL-I,20180405,580.7,590.85,580.7,587.95,1378,7415200
ZEEL-II,20180405,590,590.5,584.2,590.1,12,57200
ZEEL-III,20180405,0,0,0,586,0,0
