BANKNIFTY-I,20180509,25967.85,26186.6,25956.3,26128.45,61723,3305600
BANKNIFTY-II,20180509,25992.4,26217.9,25970,26130.55,985,57920
BANKNIFTY-III,20180509,25969,26200,25969,26129.5,62,5560
FTSE100-I,20180509,0,0,0,7364,0,0
FTSE100-II,20180509,0,0,0,7982,0,0
FTSE100-III,20180509,0,0,0,7445,0,0
FTSE100-IIII,20180509,0,0,0,7867,0,0
FTSE100-IIIII,20180509,0,0,0,7947,0,0
FTSE100-IIIIII,20180509,0,0,0,7674,0,0
NIFTY-I,20180509,10715.05,10787.85,10712.65,10769.3,81762,24383025
NIFTY-II,20180509,10729.05,10795.5,10718.8,10777,3555,937200
NIFTY-III,20180509,10757.9,10813,10750.95,10793.9,343,53925
NIFTYCPSE-I,20180509,0,0,0,2627.4,0,0
NIFTYCPSE-II,20180509,0,0,0,2463.55,0,0
NIFTYCPSE-III,20180509,0,0,0,2439.95,0,0
NIFTYINFRA-I,20180509,0,0,0,3441.1,0,0
NIFTYINFRA-II,20180509,0,0,0,3389.3,0,0
NIFTYINFRA-III,20180509,0,0,0,3500.75,0,0
NIFTYIT-I,20180509,13475,13582,13475,13510,551,66100
NIFTYIT-II,20180509,13525,13525,13525,13525,1,300
NIFTYIT-III,20180509,0,0,0,14272,0,0
NIFTYMID50-I,20180509,0,0,0,5152,0,591400
NIFTYMID50-II,20180509,0,0,0,5065.85,0,0
NIFTYMID50-III,20180509,0,0,0,5465.7,0,0
NIFTYPSE-I,20180509,0,0,0,4077.45,0,0
NIFTYPSE-II,20180509,0,0,0,3915.3,0,0
NIFTYPSE-III,20180509,0,0,0,3893.55,0,0
ACC-I,20180509,1512,1517.5,1497.25,1502.35,2835,1808000
ACC-II,20180509,1517.95,1517.95,1503,1512,151,64400
ACC-III,20180509,0,0,0,1570,0,400
ADANIENT-I,20180509,131.4,132.2,128.7,129.8,2520,14920000
ADANIENT-II,20180509,131.1,132.75,129.75,130.4,28,196000
ADANIENT-III,20180509,0,0,0,128.7,0,8000
ADANIPORTS-I,20180509,413.55,416.8,410.55,414.85,2332,14022500
ADANIPORTS-II,20180509,414.3,417.5,412.7,416.4,22,90000
ADANIPORTS-III,20180509,0,0,0,399.65,0,7500
ADANIPOWER-I,20180509,24.65,24.8,24.45,24.65,521,96400000
ADANIPOWER-II,20180509,24.7,24.85,24.7,24.85,19,1280000
ADANIPOWER-III,20180509,0,0,0,25.05,0,140000
AJANTPHARM-I,20180509,1172,1183.4,1135.9,1140.85,1191,1103500
AJANTPHARM-II,20180509,1172,1172,1144.95,1145,18,27000
AJANTPHARM-III,20180509,0,0,0,1382,0,0
ALBK-I,20180509,47.85,48.2,47.4,47.65,558,14240000
ALBK-II,20180509,48.1,48.15,47.7,47.9,19,1070000
ALBK-III,20180509,0,0,0,48,0,11000
AMARAJABAT-I,20180509,868.25,905,868.25,892.7,3546,1743000
AMARAJABAT-II,20180509,887,905.6,887,896.35,26,30800
AMARAJABAT-III,20180509,0,0,0,854.45,0,0
AMBUJACEM-I,20180509,230.1,231.85,225.65,226.2,1994,12267500
AMBUJACEM-II,20180509,231.8,232.3,226.8,227.35,81,205000
AMBUJACEM-III,20180509,0,0,0,246.75,0,0
ANDHRABANK-I,20180509,37.6,37.95,37.2,37.45,615,25010000
ANDHRABANK-II,20180509,38,38,37.6,37.6,9,880000
ANDHRABANK-III,20180509,0,0,0,40.25,0,13000
APOLLOHOSP-I,20180509,1070.5,1077,1049.2,1052.95,1216,866000
APOLLOHOSP-II,20180509,1070,1070,1054,1056,15,7500
APOLLOHOSP-III,20180509,0,0,0,1095.7,0,0
APOLLOTYRE-I,20180509,288.55,293.8,286.3,288.4,3635,10626000
APOLLOTYRE-II,20180509,289,293.25,286.8,288.7,52,294000
APOLLOTYRE-III,20180509,0,0,0,290.95,0,0
ARVIND-I,20180509,417.75,445.7,413.7,440.55,24661,6862000
ARVIND-II,20180509,419,446.25,415.7,442.25,174,192000
ARVIND-III,20180509,421.2,443.75,418.75,443.2,12,2000
ASHOKLEY-I,20180509,165.7,166.4,162.8,163.25,4053,54355000
ASHOKLEY-II,20180509,166.65,166.75,163.45,163.8,113,1421000
ASHOKLEY-III,20180509,166.5,166.5,163.05,163.3,11,184000
ASIANPAINT-I,20180509,1198.1,1234,1198.1,1226.2,4200,5048400
ASIANPAINT-II,20180509,1199,1230.4,1199,1225.65,47,70800
ASIANPAINT-III,20180509,0,0,0,1175.9,0,0
AUROPHARMA-I,20180509,621.3,624.4,610.3,612.7,3853,21415200
AUROPHARMA-II,20180509,621,626,613,614.55,211,219200
AUROPHARMA-III,20180509,633.25,633.25,614.7,619,5,0
AXISBANK-I,20180509,542.95,549.9,538.75,548.8,13301,50401200
AXISBANK-II,20180509,545.7,552,540.55,550.75,618,1918800
AXISBANK-III,20180509,543.5,553.05,543.5,553.05,12,55200
BAJAJ-AUTO-I,20180509,2905.5,2922.3,2883.7,2890.95,1153,1972250
BAJAJ-AUTO-II,20180509,2900.25,2905.05,2900,2900,7,14250
BAJAJ-AUTO-III,20180509,2875,2875,2875,2875,1,500
BAJAJFINSV-I,20180509,5382.95,5413.55,5344,5376.15,615,679625
BAJAJFINSV-II,20180509,5380.25,5401.05,5380.25,5401.05,3,3625
BAJAJFINSV-III,20180509,0,0,0,5530,0,250
BAJFINANCE-I,20180509,1865.15,1879.3,1856.05,1862.25,2539,5671500
BAJFINANCE-II,20180509,1875.55,1881.95,1866.3,1868.25,43,69000
BAJFINANCE-III,20180509,0,0,0,1925.15,0,0
BALKRISIND-I,20180509,1242.15,1262.4,1228.8,1236.25,1238,1108800
BALKRISIND-II,20180509,1252.4,1252.4,1237.7,1237.7,5,8800
BALKRISIND-III,20180509,0,0,0,1292.2,0,0
BALRAMCHIN-I,20180509,68.6,71.45,68.5,70.9,504,16457000
BALRAMCHIN-II,20180509,69.6,70.65,69.35,70.6,9,507500
BALRAMCHIN-III,20180509,0,0,0,64.55,0,14000
BANKBARODA-I,20180509,145.45,146.2,142.8,144.7,5068,49264000
BANKBARODA-II,20180509,144.75,146.1,143.35,144.95,42,592000
BANKBARODA-III,20180509,0,0,0,145.05,0,0
BANKINDIA-I,20180509,104.25,105.65,102.65,103.9,2768,26166000
BANKINDIA-II,20180509,105.05,105.5,103.3,104.3,24,516000
BANKINDIA-III,20180509,105.25,105.25,104,104,3,12000
BATAINDIA-I,20180509,786.75,805.9,786.75,796.45,2215,3080000
BATAINDIA-II,20180509,800.55,805.5,799,799,14,31900
BATAINDIA-III,20180509,0,0,0,794.6,0,0
BEL-I,20180509,132.7,133.7,132,133.3,997,33546150
BEL-II,20180509,133.65,134.15,131.85,134.05,29,787050
BEL-III,20180509,0,0,0,133.35,0,0
BEML-I,20180509,1124,1139.7,1096,1100.75,3018,2418900
BEML-II,20180509,1136,1138,1105.6,1105.6,25,22500
BEML-III,20180509,0,0,0,1150,0,0
BERGEPAINT-I,20180509,271.15,273,268.8,271.25,294,1603800
BERGEPAINT-II,20180509,270.25,271,270.25,270.5,4,63800
BERGEPAINT-III,20180509,0,0,0,278.05,0,4400
BHARATFIN-I,20180509,1141.3,1154.5,1138.7,1143.2,2054,5086000
BHARATFIN-II,20180509,1153.65,1158.5,1145,1147.15,60,42500
BHARATFIN-III,20180509,1157.75,1165.2,1157.75,1142.8,3,4000
BHARATFORG-I,20180509,741.5,748.75,730.1,734.65,1302,8889600
BHARATFORG-II,20180509,743.1,750.95,735,737.55,18,99600
BHARATFORG-III,20180509,738.05,738.05,738,738,2,4800
BHARTIARTL-I,20180509,402.9,410.35,399.25,404.45,6474,54415300
BHARTIARTL-II,20180509,403.15,411.15,401.4,406.35,88,232900
BHARTIARTL-III,20180509,408.35,408.35,408.35,408.35,1,6800
BHEL-I,20180509,83.75,85.1,83.75,84.25,861,39487500
BHEL-II,20180509,84.35,85.3,84.3,84.65,62,2055000
BHEL-III,20180509,85.2,85.2,85.2,85.2,1,90000
BIOCON-I,20180509,621.85,632.4,618.45,629.3,3446,6568200
BIOCON-II,20180509,623,631.5,619.5,629.2,142,272700
BIOCON-III,20180509,626,630,624,630,3,23400
BOSCHLTD-I,20180509,19016.2,19118.3,18916.85,19062.45,574,160475
BOSCHLTD-II,20180509,19129.55,19129.65,19052,19083.95,20,675
BOSCHLTD-III,20180509,0,0,0,19989.75,0,0
BPCL-I,20180509,385.1,389.9,378.7,387.65,9270,14857200
BPCL-II,20180509,380.65,390,380.05,388.1,102,495000
BPCL-III,20180509,0,0,0,392.25,0,0
BRITANNIA-I,20180509,5476.45,5486.15,5430,5436.15,431,868600
BRITANNIA-II,20180509,5460.95,5484.05,5460.95,5484.05,6,5600
BRITANNIA-III,20180509,0,0,0,5467.2,0,0
CADILAHC-I,20180509,395.75,404.35,392.8,402.65,1417,8417600
CADILAHC-II,20180509,396.5,405.35,395.5,405.15,37,105600
CADILAHC-III,20180509,0,0,0,398.1,0,3200
CANBK-I,20180509,261.5,264.4,258.15,259.5,6100,11131200
CANBK-II,20180509,261.55,264.5,259.05,260.35,62,217600
CANBK-III,20180509,0,0,0,260,0,2000
CANFINHOME-I,20180509,404.9,409.45,404.35,405.6,926,6088750
CANFINHOME-II,20180509,407,407.75,405.6,407,19,103750
CANFINHOME-III,20180509,0,0,0,445.2,0,0
CAPF-I,20180509,618.65,621.5,612.5,613.55,1055,7127200
CAPF-II,20180509,620.45,620.5,615.7,615.6,21,66400
CAPF-III,20180509,0,0,0,634,0,0
CASTROLIND-I,20180509,182.65,182.9,181.4,181.7,481,13126400
CASTROLIND-II,20180509,183.25,183.25,182.55,182.6,10,106400
CASTROLIND-III,20180509,0,0,0,195.8,0,0
CEATLTD-I,20180509,1490.15,1518,1467,1472.5,4188,1846600
CEATLTD-II,20180509,1485.05,1520,1475,1479.5,117,43400
CEATLTD-III,20180509,1501.95,1501.95,1501.95,1501.95,1,350
CENTURYTEX-I,20180509,1117,1125,1102.25,1106.45,1979,6628050
CENTURYTEX-II,20180509,1126.75,1129.35,1107.65,1107.7,25,45100
CENTURYTEX-III,20180509,0,0,0,1100,0,3300
CESC-I,20180509,1072.95,1080.75,1064.75,1072.9,1600,5535750
CESC-II,20180509,1074.8,1081.15,1074.8,1081,28,613250
CESC-III,20180509,0,0,0,1083.5,0,0
CGPOWER-I,20180509,81.55,82.95,81.3,81.5,190,17652000
CGPOWER-II,20180509,81.8,81.8,81.8,81.8,1,240000
CGPOWER-III,20180509,82.3,82.3,82.3,82.3,1,12000
CHENNPETRO-I,20180509,301,304.8,286.95,302.85,1746,3904500
CHENNPETRO-II,20180509,287.9,304.65,287.9,304.65,9,31500
CHENNPETRO-III,20180509,0,0,0,304.35,0,1500
CHOLAFIN-I,20180509,1670.95,1670.95,1588.15,1608.35,3083,1006500
CHOLAFIN-II,20180509,1606.5,1610,1598,1610,8,4000
CHOLAFIN-III,20180509,0,0,0,1718.5,0,0
CIPLA-I,20180509,596.9,598.35,588.15,591.45,1575,9135000
CIPLA-II,20180509,598.55,598.55,592.6,594.3,17,48000
CIPLA-III,20180509,0,0,0,625,0,1000
COALINDIA-I,20180509,269.7,271.3,268.45,269.15,1843,17956400
COALINDIA-II,20180509,271.05,271.8,269.9,270.2,36,915200
COALINDIA-III,20180509,0,0,0,295.9,0,0
COLPAL-I,20180509,1100.65,1102,1093,1098.85,378,1832600
COLPAL-II,20180509,0,0,0,1106,3,20300
COLPAL-III,20180509,0,0,0,1122.25,0,0
CONCOR-I,20180509,1397,1404.4,1380,1390.05,994,1728125
CONCOR-II,20180509,1375.9,1399.45,1375.85,1399.45,5,6875
CONCOR-III,20180509,0,0,0,1315.85,0,0
CUMMINSIND-I,20180509,768.5,780.75,760,777.7,944,917400
CUMMINSIND-II,20180509,0,0,0,765.95,1,2400
CUMMINSIND-III,20180509,0,0,0,758.95,0,0
DABUR-I,20180509,370.85,371.4,367.15,370.9,706,14002500
DABUR-II,20180509,371,371.65,369.85,370.75,8,80000
DABUR-III,20180509,0,0,0,371.75,0,5000
DALMIABHA-I,20180509,2908.85,2908.85,2723,2778.05,1449,687600
DALMIABHA-II,20180509,2796.8,2796.8,2771.1,2785,9,2400
DALMIABHA-III,20180509,0,0,0,3058.15,0,0
DCBBANK-I,20180509,198,201.5,197.05,197.45,1112,8428500
DCBBANK-II,20180509,200.55,201,199,199,7,112500
DCBBANK-III,20180509,0,0,0,199.75,0,22500
DHFL-I,20180509,624.65,634.35,624.65,628.3,918,28437000
DHFL-II,20180509,631,633.3,627.3,628.5,10,610500
DHFL-III,20180509,0,0,0,631.05,0,1500
DISHTV-I,20180509,76.2,76.45,74.45,74.75,1265,43617000
DISHTV-II,20180509,76.15,76.5,74.9,75.1,11,217000
DISHTV-III,20180509,0,0,0,76.05,0,0
DIVISLAB-I,20180509,1210,1210,1196.05,1199.5,867,2349600
DIVISLAB-II,20180509,1209.4,1211.25,1203,1203.05,17,47200
DIVISLAB-III,20180509,0,0,0,1191.7,0,0
DLF-I,20180509,222.8,224.7,221,222.05,5744,42607500
DLF-II,20180509,223.55,225.45,222.55,223.15,82,582500
DLF-III,20180509,218.1,224.55,218.1,224.55,2,5000
DRREDDY-I,20180509,2089.85,2095.05,2066.3,2071.6,2605,4658250
DRREDDY-II,20180509,2092.85,2106.1,2077.1,2080.3,78,104750
DRREDDY-III,20180509,2090.6,2090.6,2090.6,2090.6,1,2250
EICHERMOT-I,20180509,30608.7,30873.6,30252.15,30465.1,3657,205675
EICHERMOT-II,20180509,30916.95,30965.4,30426.3,30566.35,69,2050
EICHERMOT-III,20180509,30999.95,30999.95,30999.95,30999.95,3,100
ENGINERSIN-I,20180509,154.95,157.7,154.5,155.1,1160,9712500
ENGINERSIN-II,20180509,156.25,157.6,156.25,157.6,9,133000
ENGINERSIN-III,20180509,0,0,0,157.85,0,0
EQUITAS-I,20180509,167.85,170.8,166.8,167.1,916,20224000
EQUITAS-II,20180509,171.4,171.4,167.7,167.85,19,243200
EQUITAS-III,20180509,0,0,0,153.45,0,0
ESCORTS-I,20180509,977.8,985.6,971.3,972.75,2835,3638800
ESCORTS-II,20180509,984.5,986.9,975.35,976.5,70,96800
ESCORTS-III,20180509,0,0,0,984.2,0,2200
EXIDEIND-I,20180509,263.9,266.7,262.2,262.95,2098,8808000
EXIDEIND-II,20180509,262.35,266.15,262.35,263.8,116,412000
EXIDEIND-III,20180509,0,0,0,265,0,4000
FEDERALBNK-I,20180509,104.35,105.5,98.65,101.75,10680,72473500
FEDERALBNK-II,20180509,105,105.8,99.5,101.95,265,1111000
FEDERALBNK-III,20180509,105,105,99.6,102,19,203500
GAIL-I,20180509,346.05,346.5,340,344.35,2247,13038963
GAIL-II,20180509,343.75,347.2,343.75,345.35,13,117348
GAIL-III,20180509,0,0,0,331.05,0,0
GLENMARK-I,20180509,525.5,531.7,523.75,529.7,767,5790600
GLENMARK-II,20180509,527.6,532.75,527,532.1,13,171900
GLENMARK-III,20180509,0,0,0,555,0,1000
GMRINFRA-I,20180509,19.9,20.05,19.55,19.65,488,293670000
GMRINFRA-II,20180509,20,20,19.75,19.75,8,2475000
GMRINFRA-III,20180509,0,0,0,20.9,0,45000
GODFRYPHLP-I,20180509,867.1,868.8,858.1,860.2,52,642000
GODFRYPHLP-II,20180509,0,0,0,876.25,0,2500
GODFRYPHLP-III,20180509,0,0,0,877.85,0,1400
GODREJCP-I,20180509,1112.2,1118.95,1083.75,1090.95,2397,2655200
GODREJCP-II,20180509,1105.15,1106.5,1090,1098.2,17,17600
GODREJCP-III,20180509,0,0,0,1131.9,0,0
GODREJIND-I,20180509,602.45,602.45,589.05,594.85,338,2428500
GODREJIND-II,20180509,0,0,0,596.9,0,33000
GODREJIND-III,20180509,600.75,600.75,600.75,600.75,1,1500
GRANULES-I,20180509,99.75,101.9,99.75,101.5,404,15430000
GRANULES-II,20180509,100.9,102.2,100.9,102.2,10,260000
GRANULES-III,20180509,0,0,0,109.5,0,0
GRASIM-I,20180509,1088,1102.05,1085.85,1097.9,1239,6438000
GRASIM-II,20180509,1092.05,1102.95,1092.05,1102.95,6,24750
GRASIM-III,20180509,0,0,0,1087.9,0,0
GSFC-I,20180509,135.15,138.25,134.1,136.45,1559,18463500
GSFC-II,20180509,135.2,138.2,135.2,137.55,13,306000
GSFC-III,20180509,0,0,0,132.2,0,18000
HAVELLS-I,20180509,547.4,563,547.4,557.3,5107,6186000
HAVELLS-II,20180509,550.45,560.55,548.1,556.8,54,41000
HAVELLS-III,20180509,0,0,0,550.05,0,0
HCC-I,20180509,18.2,18.35,17.85,18,429,45375000
HCC-II,20180509,18.2,18.25,18.15,18.25,4,1785000
HCC-III,20180509,0,0,0,18.5,0,162000
HCLTECH-I,20180509,926.3,939.9,923.8,931.8,4587,12567800
HCLTECH-II,20180509,927.65,943.55,927.65,936.2,48,138600
HCLTECH-III,20180509,0,0,0,960.1,0,700
HDFC-I,20180509,1900.3,1916.2,1892.5,1911.35,3954,18422000
HDFC-II,20180509,1907,1924.75,1903,1919.9,273,235500
HDFC-III,20180509,1905.3,1905.3,1905.3,1905.3,1,5500
HDFCBANK-I,20180509,1953.85,1981.65,1951.1,1979.2,10803,24748500
HDFCBANK-II,20180509,1955.25,1976.45,1955.25,1973.85,136,589500
HDFCBANK-III,20180509,1962.05,1977,1962.05,1974.9,9,423000
HEROMOTOCO-I,20180509,3678.65,3702.25,3647.35,3673.9,1635,1623400
HEROMOTOCO-II,20180509,3678.8,3712.35,3678.8,3680,8,16600
HEROMOTOCO-III,20180509,0,0,0,3650,0,1000
HEXAWARE-I,20180509,392.05,399.9,388.45,398.3,2309,6222000
HEXAWARE-II,20180509,389.8,394.7,384.1,392,42,184500
HEXAWARE-III,20180509,0,0,0,436.4,0,0
HINDALCO-I,20180509,241.75,248.8,238.1,239.05,14729,44989000
HINDALCO-II,20180509,244.15,249.3,239.4,240.15,205,780500
HINDALCO-III,20180509,249.1,249.1,240.95,241,10,7000
HINDPETRO-I,20180509,301.1,309.8,291.3,307.05,14787,31441725
HINDPETRO-II,20180509,298.65,309.9,293.2,307.9,185,776475
HINDPETRO-III,20180509,0,0,0,295.15,0,1575
HINDUNILVR-I,20180509,1495.7,1515,1492.15,1502.6,2720,9239400
HINDUNILVR-II,20180509,1498.9,1509,1490.3,1498.8,21,38400
HINDUNILVR-III,20180509,0,0,0,1517.3,0,0
HINDZINC-I,20180509,302.55,304.95,300.75,302,884,13603200
HINDZINC-II,20180509,305.75,305.75,304,304.1,4,64000
HINDZINC-III,20180509,0,0,0,325.6,0,0
IBULHSGFIN-I,20180509,1244.2,1253,1237.45,1241.35,2901,14218800
IBULHSGFIN-II,20180509,1252.55,1257.65,1246.35,1252.7,43,238800
IBULHSGFIN-III,20180509,0,0,0,1280.1,0,500
ICICIBANK-I,20180509,305.75,308.4,304,305.95,14763,95546000
ICICIBANK-II,20180509,306.55,309,305.35,306.55,419,3520000
ICICIBANK-III,20180509,306.7,308.4,306.7,308,8,82500
ICICIPRULI-I,20180509,445.95,455.85,441.05,451.2,4143,6918600
ICICIPRULI-II,20180509,452,454,450.1,451.3,14,83200
ICICIPRULI-III,20180509,0,0,0,443.65,0,24700
IDBI-I,20180509,67.85,69.6,67.1,69.15,3994,61700000
IDBI-II,20180509,69.5,69.65,67.75,69.4,70,1450000
IDBI-III,20180509,68.5,68.5,68.5,68.5,1,30000
IDEA-I,20180509,61.5,62.1,60.6,60.9,3337,152964000
IDEA-II,20180509,61.2,62.35,60.85,61.1,132,4242000
IDEA-III,20180509,62,62.1,61.9,61.9,23,322000
IDFC-I,20180509,56.55,56.85,55,55.45,879,156327600
IDFC-II,20180509,56.7,56.7,55.3,55.65,17,1650000
IDFC-III,20180509,55.55,55.55,55.25,55.25,3,79200
IDFCBANK-I,20180509,45.8,46.1,45.45,45.55,968,198513000
IDFCBANK-II,20180509,46.1,46.35,45.7,45.75,40,2322000
IDFCBANK-III,20180509,46.1,46.15,45.4,45.5,20,946000
IFCI-I,20180509,19.85,19.95,19.55,19.65,227,71544000
IFCI-II,20180509,20,20,19.85,19.85,8,1342000
IFCI-III,20180509,0,0,0,20.05,0,0
IGL-I,20180509,269.55,274.15,268.7,269.4,1157,8448000
IGL-II,20180509,272,275.7,270.45,270.45,23,247500
IGL-III,20180509,0,0,0,274.6,0,2750
INDIACEM-I,20180509,139.05,140.7,137.8,138.45,1267,26463500
INDIACEM-II,20180509,139.8,140.95,138.75,139.15,27,1043000
INDIACEM-III,20180509,0,0,0,141.6,0,7000
INDIANB-I,20180509,338,347.5,336,344.2,2766,3242000
INDIANB-II,20180509,340.25,342.5,334.45,341.15,17,60000
INDIANB-III,20180509,0,0,0,310.2,0,4000
INDIGO-I,20180509,1190,1191.9,1165.45,1174.4,3818,4356600
INDIGO-II,20180509,1178,1191,1169.5,1176.05,65,58800
INDIGO-III,20180509,0,0,0,1524.8,0,0
INDUSINDBK-I,20180509,1846.95,1874.5,1846.95,1862.1,5323,7677000
INDUSINDBK-II,20180509,1846.45,1865.3,1843.15,1856.85,117,80400
INDUSINDBK-III,20180509,1848.05,1852.05,1848.05,1852.05,2,3600
INFIBEAM-I,20180509,169.25,170.3,168.75,169.2,223,32060000
INFIBEAM-II,20180509,169.65,169.75,169.15,169.15,4,204000
INFIBEAM-III,20180509,0,0,0,170.2,0,0
INFRATEL-I,20180509,322.85,328.45,321.25,324.6,1793,7060100
INFRATEL-II,20180509,322.5,327,322.5,324.35,35,664700
INFRATEL-III,20180509,316.75,318.15,316.75,318.15,3,17000
INFY-I,20180509,1171.05,1180.75,1167.6,1176,4727,42334200
INFY-II,20180509,1150.1,1152.5,1141.75,1148.35,234,1066200
INFY-III,20180509,1147.6,1152.2,1147.6,1152.2,2,15000
IOC-I,20180509,162.1,168.85,161.1,167.7,7713,37986000
IOC-II,20180509,165,169.35,162.5,168.45,842,3786000
IOC-III,20180509,163.85,169,163.85,168.65,6,12000
IRB-I,20180509,261.05,264.75,258.1,260.75,841,20490000
IRB-II,20180509,0,0,0,265,0,122500
IRB-III,20180509,0,0,0,266.75,0,0
ITC-I,20180509,279,281.7,279,280.15,3438,60115200
ITC-II,20180509,280.5,281.8,279.65,280.4,679,27780000
ITC-III,20180509,282.8,282.8,280.5,280.5,7,36000
JETAIRWAYS-I,20180509,505.35,511.8,493.6,503.1,1143,7942800
JETAIRWAYS-II,20180509,507.4,513,507.4,509.2,3,196800
JETAIRWAYS-III,20180509,0,0,0,533.3,0,1200
JINDALSTEL-I,20180509,257.9,265.95,257.2,262.6,13444,35658000
JINDALSTEL-II,20180509,262,266.9,261.05,263.7,142,965250
JINDALSTEL-III,20180509,266.5,267,265,267,7,18000
JISLJALEQS-I,20180509,113,114,112.4,112.95,453,36396000
JISLJALEQS-II,20180509,113.7,113.75,113.25,113.6,9,270000
JISLJALEQS-III,20180509,0,0,0,117.2,0,0
JPASSOCIAT-I,20180509,19.8,20.3,19.7,19.9,1135,231608000
JPASSOCIAT-II,20180509,20.1,20.1,19.95,20,9,2414000
JPASSOCIAT-III,20180509,0,0,0,19.55,0,0
JSWSTEEL-I,20180509,325.5,328.95,322,324.05,3248,68139000
JSWSTEEL-II,20180509,326.1,327.25,323,324.45,36,195000
JSWSTEEL-III,20180509,0,0,0,333.45,0,0
JUBLFOOD-I,20180509,2590.15,2659.85,2551,2566.8,26612,2455250
JUBLFOOD-II,20180509,2570,2660,2560,2577.55,319,96250
JUBLFOOD-III,20180509,2647.95,2647.95,2647.9,2647.9,3,750
JUSTDIAL-I,20180509,429.45,447.5,425.6,445.7,1059,3938200
JUSTDIAL-II,20180509,440,440,440,440.05,4,57400
JUSTDIAL-III,20180509,0,0,0,450.85,0,0
KAJARIACER-I,20180509,530.8,548,526.45,533.4,2819,2180000
KAJARIACER-II,20180509,540.3,540.3,535.75,539.1,9,24800
KAJARIACER-III,20180509,0,0,0,510.85,0,0
KOTAKBANK-I,20180509,1236.2,1253.35,1233.55,1249.15,3969,16661600
KOTAKBANK-II,20180509,1241.35,1256.55,1241.35,1254.75,25,179200
KOTAKBANK-III,20180509,0,0,0,1206.4,0,0
KPIT-I,20180509,262.5,267,260.55,262.2,2626,8914500
KPIT-II,20180509,267.1,267.1,261,261,38,99000
KPIT-III,20180509,0,0,0,265.45,0,18000
KSCL-I,20180509,506.05,513.25,504.6,506,313,2337000
KSCL-II,20180509,508.7,509.7,508.35,509.7,6,46500
KSCL-III,20180509,0,0,0,516.05,0,6000
KTKBANK-I,20180509,121.45,122.4,119.2,119.55,886,24624000
KTKBANK-II,20180509,121.45,122.5,119.45,119.5,70,604200
KTKBANK-III,20180509,121,121,118.8,118.8,11,72000
L&TFH-I,20180509,180.8,184,178.8,183.45,3211,34758000
L&TFH-II,20180509,181,184.7,179.55,184.45,55,652500
L&TFH-III,20180509,181.2,181.2,181.2,181.2,1,4500
LICHSGFIN-I,20180509,514,514.5,509.25,510.45,1848,14564000
LICHSGFIN-II,20180509,513.05,516.2,511.65,512.8,160,644600
LICHSGFIN-III,20180509,514.45,514.45,503.15,514,3,7700
LT-I,20180509,1365.15,1384.35,1364,1377.3,4285,13521750
LT-II,20180509,1371.75,1390,1371.75,1382.9,40,156000
LT-III,20180509,0,0,0,1370.75,0,0
LUPIN-I,20180509,778.8,781.85,763.35,766.75,3699,14353800
LUPIN-II,20180509,783.65,785.45,767.3,770.75,225,257400
LUPIN-III,20180509,779.65,782.35,766,769.65,27,25200
M&M-I,20180509,863.55,871.95,857.25,865.45,2646,13980000
M&M-II,20180509,871.05,875.2,861.5,871.7,33,107000
M&M-III,20180509,869.5,869.5,860.9,860.9,4,17000
M&MFIN-I,20180509,499.9,509.4,494,502.2,2813,9190000
M&MFIN-II,20180509,498.45,504.95,496.25,504.95,15,41250
M&MFIN-III,20180509,505,505,505,505,1,1250
MANAPPURAM-I,20180509,126.3,131,126.15,127.25,3666,17148000
MANAPPURAM-II,20180509,127.2,131,127.2,127.7,39,324000
MANAPPURAM-III,20180509,129,129,129,129,1,18000
MARICO-I,20180509,317.9,319.8,313.8,316.8,803,6268600
MARICO-II,20180509,320.25,320.25,318,318.5,9,33800
MARICO-III,20180509,0,0,0,326.3,0,0
MARUTI-I,20180509,8795,8813.95,8746.1,8771.05,5476,3016050
MARUTI-II,20180509,8825.1,8841.2,8790,8811.75,105,134550
MARUTI-III,20180509,8867.05,8867.05,8853.9,8855,5,1200
MCDOWELL-N-I,20180509,3365.05,3373,3300.2,3312.1,3952,2269500
MCDOWELL-N-II,20180509,3339.85,3370.75,3325.1,3327.95,40,18250
MCDOWELL-N-III,20180509,0,0,0,3377,0,250
MCX-I,20180509,771,794.9,769.9,790.2,2406,3565000
MCX-II,20180509,785.9,798.55,785.9,792.75,24,19500
MCX-III,20180509,797.75,797.75,797.75,797.75,1,4200
MFSL-I,20180509,527.8,534.1,512.5,515.5,974,2617000
MFSL-II,20180509,533,536.25,518.2,518.8,15,22000
MFSL-III,20180509,0,0,0,515.7,0,0
MGL-I,20180509,873.35,877.45,870.1,872.2,906,3249000
MGL-II,20180509,875,875,875,875,1,23400
MGL-III,20180509,0,0,0,906.5,0,0
MINDTREE-I,20180509,1033.15,1045.35,1018.25,1025.05,4242,3757200
MINDTREE-II,20180509,1038,1040.5,1020,1024.75,20,63600
MINDTREE-III,20180509,0,0,0,1036.1,0,2400
MOTHERSUMI-I,20180509,337.65,340.95,336.5,338.15,1075,13704000
MOTHERSUMI-II,20180509,338.35,341.55,338.35,339.75,22,121600
MOTHERSUMI-III,20180509,0,0,0,343.5,0,3200
MRF-I,20180509,75690.8,76850,75560,76298.85,578,35355
MRF-II,20180509,76639.45,76729.95,76303.5,76650,7,720
MRF-III,20180509,0,0,0,77844.5,0,0
MRPL-I,20180509,104.2,106.7,103,106.25,457,5764500
MRPL-II,20180509,0,0,0,104.9,0,36000
MRPL-III,20180509,0,0,0,111,0,0
MUTHOOTFIN-I,20180509,446.7,448.5,438.5,439.95,815,1611000
MUTHOOTFIN-II,20180509,448.3,448.3,441.05,441.3,15,42000
MUTHOOTFIN-III,20180509,0,0,0,451.2,0,0
NATIONALUM-I,20180509,80,81.2,79.3,79.65,2027,51576000
NATIONALUM-II,20180509,80.35,81,80,80,15,936000
NATIONALUM-III,20180509,0,0,0,80.85,0,0
NBCC-I,20180509,104,105.05,103.7,104.2,191,18408000
NBCC-II,20180509,105.05,105.1,104.85,105.1,4,312000
NBCC-III,20180509,0,0,0,105.25,0,42000
NCC-I,20180509,132.45,133.05,128.3,128.8,1714,32240000
NCC-II,20180509,133.05,133.05,129.5,129.7,47,680000
NCC-III,20180509,0,0,0,128.6,0,0
NESTLEIND-I,20180509,9129.95,9180,9114.45,9139.7,228,322300
NESTLEIND-II,20180509,0,0,0,9174.6,0,2100
NESTLEIND-III,20180509,0,0,0,9200.8,0,0
NHPC-I,20180509,28.2,28.6,28.2,28.5,108,29160000
NHPC-II,20180509,28.6,28.6,28.5,28.6,4,945000
NHPC-III,20180509,0,0,0,29,0,54000
NIITTECH-I,20180509,1069.35,1085,1056.4,1065.3,6919,3050250
NIITTECH-II,20180509,1069.8,1082,1060,1062.9,59,48750
NIITTECH-III,20180509,0,0,0,992,0,750
NMDC-I,20180509,119.95,121.65,119.95,120.4,563,26862000
NMDC-II,20180509,120.95,121.7,120.55,120.85,39,606000
NMDC-III,20180509,0,0,0,121.4,0,36000
NTPC-I,20180509,171.35,173.1,171.1,171.4,1180,38640000
NTPC-II,20180509,172.7,173.2,171.95,172.05,20,436000
NTPC-III,20180509,0,0,0,175,0,0
OFSS-I,20180509,4227.6,4299.65,4218,4259.15,1030,119850
OFSS-II,20180509,0,0,0,4259.6,0,900
OFSS-III,20180509,0,0,0,4261.95,0,0
OIL-I,20180509,230.8,234.55,230.65,231.35,320,2644422
OIL-II,20180509,0,0,0,231.45,1,81576
OIL-III,20180509,0,0,0,239.25,0,0
ONGC-I,20180509,185.55,186.6,183.2,184,1776,36641250
ONGC-II,20180509,186.15,187.25,184.25,184.85,32,540000
ONGC-III,20180509,0,0,0,184.5,0,26250
ORIENTBANK-I,20180509,88.4,89.65,87.55,87.8,1138,17004000
ORIENTBANK-II,20180509,89,89.8,88,88.05,17,564000
ORIENTBANK-III,20180509,0,0,0,89.2,0,30000
PAGEIND-I,20180509,24199.95,24300,23820,24032.5,340,54925
PAGEIND-II,20180509,0,0,0,24000,0,25
PAGEIND-III,20180509,0,0,0,24360.2,0,0
PCJEWELLER-I,20180509,197.95,217,191.05,209.8,27699,9672000
PCJEWELLER-II,20180509,194.95,216.85,192.8,209.75,594,505500
PCJEWELLER-III,20180509,207.15,215,199.05,208.15,16,57000
PEL-I,20180509,2497.1,2539.95,2484.85,2519.75,935,2011018
PEL-II,20180509,2512.6,2512.6,2512.6,2512.6,1,22650
PEL-III,20180509,0,0,0,2628.4,0,0
PETRONET-I,20180509,218,221.5,216.7,218.85,1004,23334000
PETRONET-II,20180509,218.05,220.5,218,219.5,22,252000
PETRONET-III,20180509,0,0,0,220.9,0,36000
PFC-I,20180509,85.1,85.8,84.75,85.15,1143,75000000
PFC-II,20180509,86,86.1,85.25,85.55,140,1680000
PFC-III,20180509,86.2,86.2,86.2,86.2,1,12000
PIDILITIND-I,20180509,1104.15,1105.8,1086.7,1091.15,1598,1392000
PIDILITIND-II,20180509,1109.6,1109.6,1091.2,1091.2,12,50000
PIDILITIND-III,20180509,0,0,0,1104.7,0,0
PNB-I,20180509,93.45,93.95,93.05,93.55,3584,65304000
PNB-II,20180509,93.95,94.3,93.65,94.05,71,1640000
PNB-III,20180509,94.4,94.4,94.4,94.4,1,77000
POWERGRID-I,20180509,211.8,213.7,211.2,211.9,1141,30904000
POWERGRID-II,20180509,213.35,214.2,212.5,212.75,17,232000
POWERGRID-III,20180509,0,0,0,215,0,8000
PTC-I,20180509,97.9,99.25,95.5,97.45,986,24512000
PTC-II,20180509,97,98.1,96.5,98.05,11,400000
PTC-III,20180509,97,97,97,97,2,32000
PVR-I,20180509,1432.05,1460.4,1430.65,1448.7,1123,939600
PVR-II,20180509,1462.4,1462.4,1442.9,1447.9,44,40400
PVR-III,20180509,0,0,0,1443.2,0,400
RAMCOCEM-I,20180509,835,837.05,822.7,825.55,136,1285600
RAMCOCEM-II,20180509,0,0,0,837.85,0,3200
RAMCOCEM-III,20180509,0,0,0,824.3,0,0
RAYMOND-I,20180509,1114.85,1131.65,1105.7,1121.7,1447,5016800
RAYMOND-II,20180509,1115.5,1130.2,1114,1129,17,19200
RAYMOND-III,20180509,0,0,0,1122.05,0,1600
RBLBANK-I,20180509,516.5,521.1,516.15,517.8,661,4585000
RBLBANK-II,20180509,516.25,519.85,516.25,518.7,13,188000
RBLBANK-III,20180509,0,0,0,525,0,1200
RCOM-I,20180509,15.25,15.4,14.9,15.15,1016,128940000
RCOM-II,20180509,15.4,15.45,15,15.1,15,4732000
RCOM-III,20180509,15.1,15.1,15.1,15.1,1,504000
RECLTD-I,20180509,122.75,124.2,122.75,123,823,39426000
RECLTD-II,20180509,124.5,124.5,123.65,123.65,15,1368000
RECLTD-III,20180509,0,0,0,124.55,0,36000
RELCAPITAL-I,20180509,421,425.4,415,416.9,4621,12666750
RELCAPITAL-II,20180509,422.45,425.75,417.45,418.6,70,134250
RELCAPITAL-III,20180509,421.1,421.1,421.1,421.1,1,7500
RELIANCE-I,20180509,969.85,985.85,965.2,979.4,13558,47710000
RELIANCE-II,20180509,970,986.5,966.85,980.6,440,1348000
RELIANCE-III,20180509,971,988.15,971,983.7,14,66000
RELINFRA-I,20180509,439,441.95,426.8,429.4,4604,8907600
RELINFRA-II,20180509,443.4,443.4,429.4,432,81,267800
RELINFRA-III,20180509,433.05,433.05,433,433,2,11700
REPCOHOME-I,20180509,586,599.4,586,592.3,252,878400
REPCOHOME-II,20180509,0,0,0,586.5,0,3600
REPCOHOME-III,20180509,0,0,0,605.7,0,0
RNAVAL-I,20180509,18.15,18.5,17.6,17.85,703,40104000
RNAVAL-II,20180509,18.25,18.25,17.8,17.85,29,729000
RPOWER-I,20180509,38.5,38.75,37.6,37.85,717,56654000
RPOWER-II,20180509,38.7,38.9,37.9,38.05,20,2509000
RPOWER-III,20180509,38.85,38.85,38.5,38.5,2,130000
SAIL-I,20180509,76.75,77.8,75.7,76.1,3230,96420000
SAIL-II,20180509,77.75,78.1,76.25,76.5,105,2580000
SAIL-III,20180509,77.8,78.95,76.5,76.8,6,60000
SBIN-I,20180509,250,250.35,246.3,248.15,10929,85563000
SBIN-II,20180509,251.35,251.4,246.7,248.8,281,3441000
SBIN-III,20180509,250.3,250.3,248,250,7,75000
SHREECEM-I,20180509,16739.95,16739.95,16427.75,16458.55,214,78050
SHREECEM-II,20180509,16600,16600,16600,16600,1,200
SHREECEM-III,20180509,0,0,0,17528.05,0,0
SIEMENS-I,20180509,1036.45,1058.9,1036.45,1043.6,902,1485000
SIEMENS-II,20180509,1053.85,1057.75,1053,1053,4,16500
SIEMENS-III,20180509,0,0,0,1107.7,0,0
SOUTHBANK-I,20180509,27.2,27.35,26.7,26.9,624,145621554
SOUTHBANK-II,20180509,27.4,28.35,26.9,27.05,13,3115254
SOUTHBANK-III,20180509,27.05,27.05,27.05,27.05,1,364551
SREINFRA-I,20180509,81.75,82.85,81.6,81.9,342,17475000
SREINFRA-II,20180509,0,0,0,83.5,0,140000
SREINFRA-III,20180509,0,0,0,84,0,42000
SRF-I,20180509,2410,2418,2340.5,2350.95,2084,490000
SRF-II,20180509,2415,2415,2351,2351,19,11000
SRF-III,20180509,0,0,0,2359.3,0,0
SRTRANSFIN-I,20180509,1544.85,1560,1523.7,1545.2,2436,3892800
SRTRANSFIN-II,20180509,1554.25,1560.95,1533.5,1551.1,29,52200
SRTRANSFIN-III,20180509,0,0,0,1587,0,600
STAR-I,20180509,549.75,581,549,576.6,4025,2620800
STAR-II,20180509,551.75,581,551.75,577.15,142,206400
STAR-III,20180509,0,0,0,652,0,0
SUNPHARMA-I,20180509,512.95,517.2,508.5,509.45,4833,56109900
SUNPHARMA-II,20180509,516.25,519,511,511.85,350,3331900
SUNPHARMA-III,20180509,0,0,0,524,0,4400
SUNTV-I,20180509,878.35,892.65,871.1,875.2,4134,5873000
SUNTV-II,20180509,886.1,895.4,876.5,879.45,33,56000
SUNTV-III,20180509,0,0,0,890.65,0,0
SUZLON-I,20180509,10.25,10.45,10.2,10.35,648,314020000
SUZLON-II,20180509,10.3,10.5,10.3,10.4,53,15855000
SUZLON-III,20180509,10.6,10.6,10.5,10.6,4,1845000
SYNDIBANK-I,20180509,53.15,53.85,52.95,53.1,504,31500000
SYNDIBANK-II,20180509,53.8,53.8,53.5,53.65,5,405000
SYNDIBANK-III,20180509,0,0,0,53.8,0,0
TATACHEM-I,20180509,769.2,774.4,766.5,768.7,1429,4779000
TATACHEM-II,20180509,0,0,0,769.75,0,33000
TATACHEM-III,20180509,0,0,0,777.65,0,750
TATACOMM-I,20180509,621.95,621.95,608.1,613.25,1481,6919200
TATACOMM-II,20180509,614.15,615.8,611.4,611.4,3,14400
TATACOMM-III,20180509,0,0,0,630.95,0,0
TATAELXSI-I,20180509,1187.95,1209,1182.05,1197.5,4039,2233600
TATAELXSI-II,20180509,1200.4,1209.15,1199.55,1201.75,58,45600
TATAELXSI-III,20180509,1195,1195,1195,1195,2,3200
TATAGLOBAL-I,20180509,290.6,295.75,289.65,293.8,3804,22394250
TATAGLOBAL-II,20180509,291.2,295.1,290.4,293.3,35,369000
TATAGLOBAL-III,20180509,293.25,293.25,293.25,293.25,1,11250
TATAMOTORS-I,20180509,332.75,347.8,332.75,343.4,25866,72913500
TATAMOTORS-II,20180509,335.1,349.15,335.1,344.95,711,1890000
TATAMOTORS-III,20180509,338,348.4,338,346,25,75000
TATAMTRDVR-I,20180509,188.65,198.65,188.65,197.75,5837,23685000
TATAMTRDVR-II,20180509,191.4,199.4,191.4,199,80,412500
TATAMTRDVR-III,20180509,0,0,0,188.9,0,16800
TATAPOWER-I,20180509,84.45,85.1,83.6,83.95,411,49977000
TATAPOWER-II,20180509,84.3,85.2,84.15,84.6,12,360000
TATAPOWER-III,20180509,83.4,83.4,83.4,83.4,1,9000
TATASTEEL-I,20180509,596.7,611,595.25,605.6,15940,21402492
TATASTEEL-II,20180509,596.4,612.8,596.4,607.55,142,310873
TATASTEEL-III,20180509,604,608,600.6,606,20,76392
TCS-I,20180509,3462.1,3504.9,3462.1,3497.85,7093,6034250
TCS-II,20180509,3465.6,3492,3464.2,3485.15,203,644000
TCS-III,20180509,3475,3475,3475,3475,2,2250
TECHM-I,20180509,656.5,668.9,652.55,659.05,3522,14760000
TECHM-II,20180509,665.65,671.5,655.9,661.35,75,148800
TECHM-III,20180509,0,0,0,659.85,0,44400
TITAN-I,20180509,977.55,999.75,976.1,992.45,15875,13356750
TITAN-II,20180509,985,1002.85,981,996.2,289,334500
TITAN-III,20180509,995,1003.55,995,995.95,12,6750
TORNTPHARM-I,20180509,1364.45,1386.9,1356,1374.75,373,416500
TORNTPHARM-II,20180509,0,0,0,1379.3,0,3500
TORNTPHARM-III,20180509,0,0,0,1420.1,0,0
TORNTPOWER-I,20180509,241.55,246,240.6,244.35,688,4071000
TORNTPOWER-II,20180509,0,0,0,244.2,0,54000
TORNTPOWER-III,20180509,0,0,0,241.8,0,0
TV18BRDCST-I,20180509,61.6,63.15,61,62.85,1312,82314000
TV18BRDCST-II,20180509,61.75,63.25,61.75,63.05,24,399500
TV18BRDCST-III,20180509,0,0,0,65.65,0,0
TVSMOTOR-I,20180509,628.55,631.25,621.95,625.45,1155,4544000
TVSMOTOR-II,20180509,631,631,625.05,628.1,27,63000
TVSMOTOR-III,20180509,0,0,0,633.9,0,3000
UBL-I,20180509,1132.05,1137.65,1118.9,1128.3,627,1092700
UBL-II,20180509,0,0,0,1146.25,0,9100
UBL-III,20180509,1146.95,1146.95,1146.95,1146.95,1,700
UJJIVAN-I,20180509,404.8,416,403.25,413.65,3058,8592000
UJJIVAN-II,20180509,410.75,417.5,410.75,415.4,67,108800
UJJIVAN-III,20180509,0,0,0,412.85,0,4800
ULTRACEMCO-I,20180509,4062.05,4068,3973.95,3981.85,2422,1874200
ULTRACEMCO-II,20180509,4069.15,4069.15,3993.05,3995.95,38,10600
ULTRACEMCO-III,20180509,4000,4000,4000,4000,1,200
UNIONBANK-I,20180509,93.2,95.05,91.7,92.2,2796,32392000
UNIONBANK-II,20180509,94,94.5,92.2,92.75,65,548000
UNIONBANK-III,20180509,0,0,0,92.15,0,0
UPL-I,20180509,721.05,735.7,721.05,733.5,2550,12765600
UPL-II,20180509,730,734,724,732.95,54,236400
UPL-III,20180509,730,734.35,727.55,727.55,3,1200
VEDL-I,20180509,284.2,291.9,284,284.95,12894,44859500
VEDL-II,20180509,285.65,293.05,285.4,286.1,245,792750
VEDL-III,20180509,288.6,289.7,288.6,289.7,7,29750
VGUARD-I,20180509,242.85,246.5,242,242.5,394,2532000
VGUARD-II,20180509,0,0,0,234,0,33000
VGUARD-III,20180509,0,0,0,241.95,0,0
VOLTAS-I,20180509,622.95,627.35,616.25,618.5,2407,4004000
VOLTAS-II,20180509,629.7,629.7,621,621,11,75000
VOLTAS-III,20180509,0,0,0,616,0,2000
WIPRO-I,20180509,273.2,275.65,271.15,271.8,1573,30480000
WIPRO-II,20180509,274.5,274.6,272.5,272.9,15,288000
WIPRO-III,20180509,0,0,0,276.5,0,4800
WOCKPHARMA-I,20180509,737.25,748.2,726.1,729.45,998,3870000
WOCKPHARMA-II,20180509,737.9,737.9,725.05,730.85,6,81900
WOCKPHARMA-III,20180509,0,0,0,739,0,1800
YESBANK-I,20180509,346.65,351.2,344.75,348.95,11194,46396000
YESBANK-II,20180509,345.45,350,344.15,348,243,11961250
YESBANK-III,20180509,348.05,350.9,347.75,350,9,175000
ZEEL-I,20180509,597.65,599.15,592.15,595.6,1239,8695700
ZEEL-II,20180509,595.65,600.95,595.65,597.6,8,65000
ZEEL-III,20180509,0,0,0,591.3,0,0
