BANKNIFTY-I,20180903,28285.15,28299.95,27961.55,28014.55,64073,1670040
BANKNIFTY-II,20180903,28295,28350.8,28057.2,28110.4,762,35200
BANKNIFTY-III,20180903,28271.85,28350.75,28125,28153.7,33,1160
FTSE100-I,20180903,0,0,0,7867,0,0
FTSE100-II,20180903,0,0,0,7817,0,0
FTSE100-III,20180903,0,0,0,7639,0,0
FTSE100-IIII,20180903,0,0,0,7947,0,0
FTSE100-IIIII,20180903,0,0,0,7674,0,0
FTSE100-IIIIII,20180903,0,0,0,8315,0,0
NIFTY-I,20180903,11755.15,11775.05,11620,11641.75,106979,25400175
NIFTY-II,20180903,11788.4,11810,11663.5,11681.15,2764,515700
NIFTY-III,20180903,11817.9,11841.15,11700,11715.7,449,31725
NIFTYCPSE-I,20180903,0,0,0,2187.4,0,0
NIFTYCPSE-II,20180903,0,0,0,2315.55,0,0
NIFTYCPSE-III,20180903,0,0,0,2419.25,0,0
NIFTYINFRA-I,20180903,0,0,0,3108.75,0,0
NIFTYINFRA-II,20180903,0,0,0,3177.55,0,0
NIFTYINFRA-III,20180903,0,0,0,3312.7,0,0
NIFTYIT-I,20180903,15960,16130,15809,15826,624,22400
NIFTYIT-II,20180903,16065,16065,16030,16030,2,0
NIFTYIT-III,20180903,0,0,0,15819,0,0
NIFTYMID50-I,20180903,5471,5471,5405,5405,4,591910
NIFTYMID50-II,20180903,0,0,0,5023.7,0,0
NIFTYMID50-III,20180903,0,0,0,5429.75,0,0
NIFTYPSE-I,20180903,0,0,0,3501.05,0,0
NIFTYPSE-II,20180903,0,0,0,3599.05,0,0
NIFTYPSE-III,20180903,0,0,0,3770.4,0,0
ACC-I,20180903,1646,1688,1641.05,1668.55,4549,1577600
ACC-II,20180903,1654,1687.95,1654,1675.8,9,10000
ACC-III,20180903,0,0,0,1654.3,0,0
ADANIENT-I,20180903,228.85,228.85,204.1,210.7,10815,16144000
ADANIENT-II,20180903,227.85,227.85,204.55,210.7,146,172000
ADANIENT-III,20180903,209.2,209.2,209.2,209.2,1,4000
ADANIPORTS-I,20180903,386.8,395.6,381.35,387,4177,8737500
ADANIPORTS-II,20180903,395.5,396.5,387.9,388.45,37,80000
ADANIPORTS-III,20180903,0,0,0,390.9,0,0
ADANIPOWER-I,20180903,35.6,36.35,33.4,33.85,1276,148240000
ADANIPOWER-II,20180903,36.05,36.45,34.15,34.5,23,460000
ADANIPOWER-III,20180903,33.8,33.8,33.8,33.8,1,20000
AJANTPHARM-I,20180903,1273,1296.95,1244,1254.75,1513,909000
AJANTPHARM-II,20180903,1288.05,1292.45,1249.85,1252,6,5500
AJANTPHARM-III,20180903,1284,1284,1284,1284,1,500
ALBK-I,20180903,43.1,44.95,42.5,43,2004,15191000
ALBK-II,20180903,43,45.15,43,43.3,35,330000
ALBK-III,20180903,0,0,0,42.65,0,0
AMARAJABAT-I,20180903,850,869,847.9,851.2,1136,1106700
AMARAJABAT-II,20180903,856.35,867.25,856.35,858.65,4,7700
AMARAJABAT-III,20180903,0,0,0,858.2,0,0
AMBUJACEM-I,20180903,242.25,247.35,239.85,241.8,2679,11057500
AMBUJACEM-II,20180903,243.3,248,242,243.75,16,22500
AMBUJACEM-III,20180903,0,0,0,242.35,0,0
ANDHRABANK-I,20180903,34.45,36,33.7,34.75,1117,17433000
APOLLOHOSP-I,20180903,1185.75,1205.15,1165.7,1177.6,2995,1388000
APOLLOHOSP-II,20180903,1176.2,1194.6,1175,1180.45,21,13500
APOLLOHOSP-III,20180903,1188.1,1188.1,1188.1,1188.1,2,1000
APOLLOTYRE-I,20180903,254.4,256.15,250.15,251.7,2827,14637000
APOLLOTYRE-II,20180903,255.2,257.6,251.8,252.7,30,111000
APOLLOTYRE-III,20180903,256.1,257.8,256.1,256.3,3,6000
ARVIND-I,20180903,405.15,412,401,402.6,3848,10000000
ARVIND-II,20180903,407,413.6,403.05,404.65,25,142000
ARVIND-III,20180903,0,0,0,408.9,0,0
ASHOKLEY-I,20180903,133.5,136.2,133.25,134.55,14721,61204000
ASHOKLEY-II,20180903,134.1,136.8,134.1,135.25,155,832000
ASHOKLEY-III,20180903,136.7,136.7,136.4,136.5,3,52000
ASIANPAINT-I,20180903,1381.75,1393,1361.35,1365.55,2952,5706000
ASIANPAINT-II,20180903,1389,1397,1368.95,1371.05,79,40800
ASIANPAINT-III,20180903,1394.1,1394.1,1394.1,1394.1,1,600
AUROPHARMA-I,20180903,719.9,729.95,702.35,705.5,9844,21458000
AUROPHARMA-II,20180903,723.9,735,707.7,708.7,237,148000
AUROPHARMA-III,20180903,723.6,731.65,723.6,731,5,4000
AXISBANK-I,20180903,656,656.85,634.6,636.65,13109,42751200
AXISBANK-II,20180903,654.6,655.3,638.1,640.05,416,571200
AXISBANK-III,20180903,659.25,659.25,644.7,644.7,8,8400
BAJAJ-AUTO-I,20180903,2739.55,2827,2739.55,2780.7,10327,3420500
BAJAJ-AUTO-II,20180903,2795.2,2836.6,2790.95,2795.2,79,26750
BAJAJ-AUTO-III,20180903,2786,2810,2786,2810,2,750
BAJAJFINSV-I,20180903,6803.25,6877.6,6657,6686.75,3211,821250
BAJAJFINSV-II,20180903,6782.1,6896.9,6690,6717.45,41,8125
BAJAJFINSV-III,20180903,0,0,0,7058.95,0,0
BAJFINANCE-I,20180903,2876.15,2888,2736.25,2745.2,15227,6724500
BAJFINANCE-II,20180903,2880.7,2900,2750,2758.65,305,75500
BAJFINANCE-III,20180903,2884,2884,2792.8,2792.8,7,2500
BALKRISIND-I,20180903,1351.25,1351.25,1264.25,1271.75,6306,1682400
BALKRISIND-II,20180903,1326,1326,1275,1280,42,21600
BALKRISIND-III,20180903,0,0,0,1430,0,0
BALRAMCHIN-I,20180903,77.2,79.55,75.95,76.75,1396,11074000
BANKBARODA-I,20180903,154.85,157.5,152,152.65,10595,63192000
BANKBARODA-II,20180903,155.7,158.05,152.9,153.65,222,496000
BANKBARODA-III,20180903,156.6,156.6,156.6,156.6,2,8000
BANKINDIA-I,20180903,102.5,103.75,99.45,100.05,4430,22410000
BANKINDIA-II,20180903,101.8,104,100.4,100.6,95,630000
BANKINDIA-III,20180903,103.6,103.6,101,101,5,18000
BATAINDIA-I,20180903,1094.6,1104.5,1066,1072.35,2405,1746800
BATAINDIA-II,20180903,1100,1106.6,1073.75,1075.15,21,23100
BATAINDIA-III,20180903,0,0,0,1107.45,0,0
BEL-I,20180903,114.8,116.2,112.75,113.25,3076,30209850
BEL-II,20180903,115.5,116.75,113.6,113.9,51,366300
BEL-III,20180903,115.6,115.6,115.6,115.6,1,4950
BEML-I,20180903,845.65,869,835.6,838.45,4419,1988000
BEML-II,20180903,854.15,866.95,842,845.05,27,13000
BEML-III,20180903,882.7,882.7,855,855,3,500
BERGEPAINT-I,20180903,336.5,337.75,325.5,327.55,398,1878800
BERGEPAINT-II,20180903,332.05,333.05,322.45,323.6,4,11000
BERGEPAINT-III,20180903,340,340,340,340,1,2200
BHARATFIN-I,20180903,1171.05,1176.1,1160.65,1167.4,911,4517500
BHARATFIN-II,20180903,1171.7,1177.1,1170.85,1173.7,13,16000
BHARATFIN-III,20180903,0,0,0,1164,0,0
BHARATFORG-I,20180903,685.55,692.9,670.3,672.65,3669,8416800
BHARATFORG-II,20180903,685.7,693.85,681.6,681.6,26,39600
BHARATFORG-III,20180903,0,0,0,681.5,0,0
BHARTIARTL-I,20180903,387,389.2,382.5,384.9,3585,47321200
BHARTIARTL-II,20180903,387.3,390.05,385.3,386.35,43,102000
BHARTIARTL-III,20180903,389.5,389.5,389.5,389.5,1,6800
BHEL-I,20180903,80.65,82.55,80.5,81.15,2862,34822500
BHEL-II,20180903,81.55,82.9,80.95,81.6,121,630000
BHEL-III,20180903,0,0,0,82.4,0,0
BIOCON-I,20180903,629.8,635.4,618,619.7,5332,7848000
BIOCON-II,20180903,630.4,637.55,621.9,623.3,51,90900
BIOCON-III,20180903,0,0,0,616.55,0,0
BOSCHLTD-I,20180903,22125.75,22500.7,21451,21540.35,1779,121560
BOSCHLTD-II,20180903,22193.8,22510.05,21911,21911,11,810
BOSCHLTD-III,20180903,0,0,0,22414.75,0,0
BPCL-I,20180903,367,367,360.9,362.1,3095,10575000
BPCL-II,20180903,365.85,366.95,363.2,363.8,16,109800
BPCL-III,20180903,0,0,0,363.4,0,9000
BRITANNIA-I,20180903,6811.75,6824.45,6561.3,6601.05,1636,1259200
BRITANNIA-II,20180903,6846,6846,6605.9,6625.35,18,8800
BRITANNIA-III,20180903,6860,6860,6860,6860,1,200
CADILAHC-I,20180903,402.6,421.25,402.6,406.65,7495,13644800
CADILAHC-II,20180903,408.45,423,406.5,409,74,97600
CADILAHC-III,20180903,421.25,421.25,413,413,3,6400
CANBK-I,20180903,287.5,295,283.55,286.6,10470,10616000
CANBK-II,20180903,287.15,296.5,286.5,288.4,93,216000
CANBK-III,20180903,290,290,290,290,1,0
CANFINHOME-I,20180903,321.8,333.45,320.8,323.3,2566,4411250
CANFINHOME-II,20180903,325.75,334,325.75,334,29,33750
CANFINHOME-III,20180903,0,0,0,323.6,0,0
CAPF-I,20180903,648.95,665,646.1,651.1,1501,5660800
CAPF-II,20180903,651.7,667,651.7,654.95,10,10400
CAPF-III,20180903,0,0,0,667.5,0,0
CASTROLIND-I,20180903,162.75,162.75,158.8,159.4,541,10749200
CASTROLIND-II,20180903,161.8,161.8,160,160.25,26,64400
CASTROLIND-III,20180903,0,0,0,160.9,0,0
CEATLTD-I,20180903,1387.2,1429.4,1387.2,1394.55,2817,1239350
CEATLTD-II,20180903,1419.8,1433.1,1390.05,1397.35,38,16100
CEATLTD-III,20180903,1420,1420,1420,1420,1,350
CENTURYTEX-I,20180903,991.5,998,964.35,972.4,7794,5545650
CENTURYTEX-II,20180903,987.3,996.5,971.55,978.35,31,21450
CENTURYTEX-III,20180903,0,0,0,978.65,0,0
CESC-I,20180903,1028.25,1044.3,993.2,1023.4,5581,5439500
CESC-II,20180903,1016.95,1044.3,1001.75,1028.25,56,24750
CESC-III,20180903,0,0,0,1022.75,0,0
CGPOWER-I,20180903,59.4,60.2,58.5,58.8,810,39792000
CGPOWER-II,20180903,60.45,60.45,60.45,60.45,2,204000
CGPOWER-III,20180903,60.2,60.2,60.2,60.2,2,0
CHENNPETRO-I,20180903,318.95,318.95,308.5,310.2,257,1150500
CHENNPETRO-II,20180903,316.75,317.55,315.75,315.75,3,16500
CHENNPETRO-III,20180903,0,0,0,317.4,0,0
CHOLAFIN-I,20180903,1497.65,1543.45,1477.5,1519.9,2106,825000
CHOLAFIN-II,20180903,1506.45,1549.95,1500.45,1549.95,27,8000
CHOLAFIN-III,20180903,0,0,0,1490,0,0
CIPLA-I,20180903,665.8,674.1,651.15,653.3,4823,10042000
CIPLA-II,20180903,671.55,675.9,654.9,656.5,34,84000
CIPLA-III,20180903,673.2,673.2,659,659.25,5,12000
COALINDIA-I,20180903,287.3,290.9,287.1,288.95,1381,18442600
COALINDIA-II,20180903,288.1,291.1,288.1,289.7,48,642400
COALINDIA-III,20180903,0,0,0,290.95,0,0
COLPAL-I,20180903,1172.55,1206.15,1172.55,1182.35,2168,1855000
COLPAL-II,20180903,1207.15,1207.15,1190,1190,4,3500
COLPAL-III,20180903,0,0,0,1174.95,0,0
CONCOR-I,20180903,657.5,657.9,647,649.8,576,2346250
CONCOR-II,20180903,0,0,0,651.15,0,11250
CONCOR-III,20180903,0,0,0,644.5,0,0
CUMMINSIND-I,20180903,772.45,781.35,759.45,764.45,850,737100
CUMMINSIND-II,20180903,772.55,776.5,768.45,768.45,6,4200
CUMMINSIND-III,20180903,0,0,0,792.35,0,0
DABUR-I,20180903,481.6,483.5,469,470.05,2129,13760000
DABUR-II,20180903,482.05,482.1,472.35,472.35,30,47500
DABUR-III,20180903,0,0,0,488.85,0,0
DALMIABHA-I,20180903,2694.9,2695,2590.65,2602.55,494,449400
DALMIABHA-II,20180903,0,0,0,2649.7,0,0
DALMIABHA-III,20180903,0,0,0,2701.45,0,0
DCBBANK-I,20180903,180.95,180.95,170.25,171.25,997,4450500
DCBBANK-II,20180903,180.5,180.5,172.5,172.5,22,99000
DCBBANK-III,20180903,0,0,0,178.4,0,0
DHFL-I,20180903,670.7,695.9,662.35,681.7,7756,27090000
DHFL-II,20180903,669,695,665,682.05,32,33000
DHFL-III,20180903,690,690,690,690,1,1500
DISHTV-I,20180903,71.55,72.5,71,71.3,735,48592000
DISHTV-II,20180903,71.35,72.65,71.35,72.4,5,168000
DISHTV-III,20180903,0,0,0,72.35,0,0
DIVISLAB-I,20180903,1317.9,1333.95,1287.8,1296.55,2923,3336000
DIVISLAB-II,20180903,1327.5,1339.15,1296.9,1300.45,19,36000
DIVISLAB-III,20180903,0,0,0,1325.1,0,0
DLF-I,20180903,214.05,217.4,211,212.85,9786,26405000
DLF-II,20180903,216.6,217.45,212.45,213.6,123,247500
DLF-III,20180903,0,0,0,225.25,0,0
DRREDDY-I,20180903,2508.55,2643.9,2508.55,2605.55,21087,4501500
DRREDDY-II,20180903,2534.3,2653,2529.75,2615.8,217,36000
DRREDDY-III,20180903,2637.7,2654.4,2617.7,2635.1,9,2250
EICHERMOT-I,20180903,28253.05,29218.05,28250,29034.9,7761,275025
EICHERMOT-II,20180903,28793.75,29318.8,28643.8,29183.8,61,950
EICHERMOT-III,20180903,0,0,0,28116.15,0,0
ENGINERSIN-I,20180903,127.5,138.1,127.5,135.05,4319,9922500
ENGINERSIN-II,20180903,133.5,138.55,129.45,135.2,129,161000
ENGINERSIN-III,20180903,0,0,0,130.1,0,0
EQUITAS-I,20180903,161.5,164.15,158.3,160.5,1653,15648000
EQUITAS-II,20180903,162.2,164.45,162.2,162.85,73,136000
EQUITAS-III,20180903,0,0,0,162,0,0
ESCORTS-I,20180903,872.35,882.1,835.05,838.5,5471,6259000
ESCORTS-II,20180903,880.8,881.6,838.6,841.7,67,47300
ESCORTS-III,20180903,883.9,883.9,849.25,849.45,13,9900
EXIDEIND-I,20180903,287.55,289.8,284.1,285.15,871,7356000
EXIDEIND-II,20180903,285.65,285.65,285.65,285.65,1,28000
EXIDEIND-III,20180903,285.6,285.6,285.6,285.6,1,4000
FEDERALBNK-I,20180903,81.95,82.45,81,81.25,2874,66110000
FEDERALBNK-II,20180903,81.9,82.75,81.5,81.6,37,918500
FEDERALBNK-III,20180903,83.2,83.2,83.2,83.2,1,5500
GAIL-I,20180903,374.35,376.5,369.7,370.45,2132,16503396
GAIL-II,20180903,375.55,375.55,372,372.2,18,125349
GAIL-III,20180903,0,0,0,383.25,0,0
GLENMARK-I,20180903,669.85,679.55,662.7,665.35,2803,3768000
GLENMARK-II,20180903,671.75,682,668,670.4,19,49000
GLENMARK-III,20180903,0,0,0,671.95,0,0
GMRINFRA-I,20180903,21.25,21.65,20.2,20.4,2097,231570000
GMRINFRA-II,20180903,21.1,21.75,20.8,20.8,23,1620000
GMRINFRA-III,20180903,0,0,0,20.4,0,0
GODFRYPHLP-I,20180903,876.15,893.95,865.05,869.9,209,529200
GODFRYPHLP-II,20180903,0,0,0,792.55,0,0
GODFRYPHLP-III,20180903,0,0,0,909.45,0,0
GODREJCP-I,20180903,1464.75,1465,1425.95,1436.15,1463,1913600
GODREJCP-II,20180903,0,0,0,1429.7,0,800
GODREJCP-III,20180903,0,0,0,1467.55,0,0
GODREJIND-I,20180903,651.95,652.6,630.3,632.85,1067,1938000
GODREJIND-II,20180903,651.45,651.45,636,636,12,42000
GODREJIND-III,20180903,0,0,0,641.45,0,0
GRANULES-I,20180903,117.35,118.7,114.65,115.35,950,13135000
GRANULES-II,20180903,118.05,118.5,117.9,118.4,11,205000
GRANULES-III,20180903,0,0,0,114.8,0,0
GRASIM-I,20180903,1076.55,1081.5,1060.65,1069.25,1853,5409000
GRASIM-II,20180903,1071.3,1085,1071.3,1085,8,20250
GRASIM-III,20180903,0,0,0,1094,0,0
GSFC-I,20180903,118.65,123.5,118.25,119.65,2195,14742000
GSFC-II,20180903,119.75,122.75,119.05,120.2,19,175500
GSFC-III,20180903,0,0,0,122.8,0,0
HAVELLS-I,20180903,725.05,732.45,712.65,717.55,2815,3506000
HAVELLS-II,20180903,729.95,734.1,716.85,720.4,43,55000
HAVELLS-III,20180903,737.55,737.55,737.55,737.55,1,1000
HCC-I,20180903,14.2,15.5,13.95,15.05,1541,37998000
HCC-II,20180903,13.9,15.5,13.9,15.25,16,270000
HCC-III,20180903,0,0,0,14.9,0,0
HCLTECH-I,20180903,1061.2,1067.9,1051.35,1054,4307,9094400
HCLTECH-II,20180903,1059.15,1069.6,1055.6,1058.7,155,98000
HCLTECH-III,20180903,1070.3,1070.3,1070.3,1070.3,1,700
HDFC-I,20180903,1950,1954.85,1936.9,1951.15,5016,23903000
HDFC-II,20180903,1956.6,1963.45,1947.15,1961.25,104,175500
HDFC-III,20180903,0,0,0,1970.2,0,0
HDFCBANK-I,20180903,2084.25,2091,2078.3,2088.9,9569,18971000
HDFCBANK-II,20180903,2087.8,2097.15,2086.55,2094.4,97,187000
HDFCBANK-III,20180903,2096.4,2099,2096.4,2099,4,25500
HEROMOTOCO-I,20180903,3280,3312.5,3245,3254.2,3215,1518600
HEROMOTOCO-II,20180903,3294.7,3325,3268.55,3270.65,33,6000
HEROMOTOCO-III,20180903,0,0,0,3283.75,0,0
HEXAWARE-I,20180903,445,448.4,430.1,431.75,3403,6282000
HEXAWARE-II,20180903,445.05,448.3,432.9,433.45,41,100500
HEXAWARE-III,20180903,0,0,0,440.9,0,0
HINDALCO-I,20180903,237.3,242.95,236.75,239.1,7026,36659000
HINDALCO-II,20180903,238.75,243.9,238.75,240.2,93,325500
HINDALCO-III,20180903,0,0,0,244.75,0,0
HINDPETRO-I,20180903,257.05,262.1,255.35,258.65,5273,26834850
HINDPETRO-II,20180903,257.95,262.65,257.9,260.15,35,384300
HINDPETRO-III,20180903,259.8,261.1,259.8,261.1,2,1575
HINDUNILVR-I,20180903,1793.75,1794.4,1709.55,1712.4,5454,9715800
HINDUNILVR-II,20180903,1780.8,1785.7,1718.65,1720,163,90000
HINDUNILVR-III,20180903,0,0,0,1805.9,0,0
HINDZINC-I,20180903,293.65,298.4,290.95,293.85,1090,7875200
HINDZINC-II,20180903,293.05,294.8,288.25,290.85,14,51200
HINDZINC-III,20180903,0,0,0,302.45,0,0
IBULHSGFIN-I,20180903,1279.9,1284.9,1260.6,1265.15,3679,14369000
IBULHSGFIN-II,20180903,1269.9,1288.7,1269.1,1271.95,26,30500
IBULHSGFIN-III,20180903,0,0,0,1285.8,0,0
ICICIBANK-I,20180903,344.25,344.35,335,336.4,11333,95097750
ICICIBANK-II,20180903,343,344.05,337,338.15,146,935000
ICICIBANK-III,20180903,0,0,0,348,0,2750
ICICIPRULI-I,20180903,378.35,388.4,377.15,382.3,1107,4654000
ICICIPRULI-II,20180903,387,389.65,383.4,384,16,33800
ICICIPRULI-III,20180903,0,0,0,384.15,0,0
IDBI-I,20180903,63.4,63.75,61.2,61.45,1993,56210000
IDBI-II,20180903,62.8,64.05,61.55,61.8,48,410000
IDBI-III,20180903,62.6,62.6,62.6,62.6,1,10000
IDEA-I,20180903,50.9,52.75,50.05,51.45,8239,162155000
IDEA-II,20180903,51.1,52.7,50.35,51.75,103,1337000
IDEA-III,20180903,0,0,0,50.8,0,0
IDFC-I,20180903,53.2,53.7,52.35,52.6,770,121057200
IDFC-II,20180903,53.75,53.95,52.85,52.9,38,818400
IDFC-III,20180903,53.4,53.4,53.3,53.3,2,13200
IDFCBANK-I,20180903,47.95,49.2,47.8,48.2,1779,121396000
IDFCBANK-II,20180903,48.15,49.2,47.95,48.6,20,1628000
IDFCBANK-III,20180903,48.6,48.9,48.6,48.9,2,44000
IFCI-I,20180903,17.4,17.8,17.25,17.4,478,58800000
IFCI-II,20180903,17.5,17.8,17.5,17.55,5,1350000
IFCI-III,20180903,17.9,17.9,17.9,17.9,1,25000
IGL-I,20180903,292.1,295.7,288.4,290.2,1799,5203000
IGL-II,20180903,296.5,296.5,291.55,292.65,10,115500
IGL-III,20180903,294.95,294.95,294.95,294.95,2,5500
INDIACEM-I,20180903,126.15,127.85,122.7,123.7,2617,20076000
INDIACEM-II,20180903,126.15,127.9,123.85,123.85,11,259000
INDIACEM-III,20180903,0,0,0,128.15,0,0
INDIANB-I,20180903,336.05,340.9,329,330.75,2505,4992000
INDIANB-II,20180903,339,342.2,332.05,333.2,13,52000
INDIANB-III,20180903,0,0,0,340.1,0,0
INDIGO-I,20180903,943.25,962.7,940,951.9,2554,3785400
INDIGO-II,20180903,949.9,958.85,938.25,950.8,30,35400
INDIGO-III,20180903,0,0,0,958.25,0,0
INDUSINDBK-I,20180903,1915.05,1924.95,1895.55,1907.7,4314,5412300
INDUSINDBK-II,20180903,1906.05,1913.35,1900,1908.1,26,31200
INDUSINDBK-III,20180903,0,0,0,1910.6,0,0
INFIBEAM-I,20180903,230.9,239.45,230.5,233.7,2869,41156000
INFIBEAM-II,20180903,227.6,234.9,227.6,230.1,20,152000
INFIBEAM-III,20180903,0,0,0,232.95,0,0
INFRATEL-I,20180903,277.4,294.25,277.4,291.3,1253,6643600
INFRATEL-II,20180903,294.3,294.3,292.35,292.35,2,5100
INFRATEL-III,20180903,0,0,0,289.7,0,0
INFY-I,20180903,1454.45,1472.5,1434.25,1439.45,11112,22617000
INFY-II,20180903,1441.25,1465.55,1430,1431.45,199,184200
INFY-III,20180903,1467,1467.75,1433.35,1433.35,5,3000
IOC-I,20180903,156.85,157.8,155.65,156.1,2264,28980000
IOC-II,20180903,157.2,158.3,156.55,156.85,40,1011000
IOC-III,20180903,156.95,156.95,156.95,156.95,1,3000
IRB-I,20180903,192.8,193.8,188.8,189.75,1672,15507500
IRB-II,20180903,190.15,194.35,190.1,190.35,19,77500
IRB-III,20180903,0,0,0,193.75,0,0
ITC-I,20180903,321.2,323.6,312,314.25,7309,81568800
ITC-II,20180903,323.25,324.55,314,316,122,398400
ITC-III,20180903,325.75,325.75,321,321,4,14400
JETAIRWAYS-I,20180903,286.9,290.3,283.55,286.95,2187,5487600
JETAIRWAYS-II,20180903,287.5,289.5,287.05,288.6,6,52800
JETAIRWAYS-III,20180903,288,289,288,289,2,3600
JINDALSTEL-I,20180903,223.05,226.3,220.65,222,8028,30381750
JINDALSTEL-II,20180903,225.45,227,222,223.2,47,173250
JINDALSTEL-III,20180903,0,0,0,226.9,0,0
JISLJALEQS-I,20180903,85.15,88.85,84.8,86.2,1653,38214000
JISLJALEQS-II,20180903,86.2,87.65,86.2,87,5,54000
JISLJALEQS-III,20180903,88.45,88.55,87,87,3,27000
JPASSOCIAT-I,20180903,12.1,12.35,11.65,11.8,681,146064000
JPASSOCIAT-II,20180903,12.2,12.25,11.8,11.9,5,1020000
JPASSOCIAT-III,20180903,0,0,0,12,0,0
JSWSTEEL-I,20180903,400.3,404.7,395.3,398.8,7006,59118000
JSWSTEEL-II,20180903,401.7,406.25,397.85,400.1,130,486000
JSWSTEEL-III,20180903,0,0,0,405.35,0,0
JUBLFOOD-I,20180903,1559.95,1563,1525.2,1529.8,3405,2747500
JUBLFOOD-II,20180903,1563.8,1567.5,1533.7,1536.3,90,57000
JUBLFOOD-III,20180903,0,0,0,1554.5,0,0
JUSTDIAL-I,20180903,564.5,566.25,532,538.6,2054,2893800
JUSTDIAL-II,20180903,536.85,537.5,535.95,536.8,8,11200
JUSTDIAL-III,20180903,0,0,0,566.15,0,0
KAJARIACER-I,20180903,474.6,487.3,472.55,476.3,1334,2114000
KAJARIACER-II,20180903,0,0,0,493.45,0,1000
KAJARIACER-III,20180903,0,0,0,483.1,0,0
KOTAKBANK-I,20180903,1298.65,1298.65,1275.15,1279.4,5124,10910400
KOTAKBANK-II,20180903,1297.45,1297.45,1282.1,1285.35,43,91200
KOTAKBANK-III,20180903,0,0,0,1301.85,0,0
KPIT-I,20180903,306,310.85,301.65,302.9,2811,8653500
KPIT-II,20180903,308.5,310.85,304,304.15,15,76500
KPIT-III,20180903,0,0,0,301.95,0,0
KSCL-I,20180903,648.1,655.85,642.7,644,504,981000
KSCL-II,20180903,649.05,649.05,646,646,4,9000
KSCL-III,20180903,0,0,0,653,0,0
KTKBANK-I,20180903,121.05,123.55,119.8,120.85,1503,17725500
KTKBANK-II,20180903,121.6,122.35,120.95,120.95,9,157500
KTKBANK-III,20180903,123.95,123.95,123.95,123.95,1,4500
L&TFH-I,20180903,183.9,185.35,180.5,181.15,2931,27657000
L&TFH-II,20180903,183.6,186,181.4,181.95,98,265500
L&TFH-III,20180903,0,0,0,187.35,0,0
LICHSGFIN-I,20180903,523,529.4,521.6,523.45,2729,12478400
LICHSGFIN-II,20180903,528,531.5,525.7,527.6,33,103400
LICHSGFIN-III,20180903,0,0,0,535.55,0,0
LT-I,20180903,1382.95,1394,1364.15,1367.15,7563,13158000
LT-II,20180903,1386.25,1399,1371.1,1372.85,260,268500
LT-III,20180903,1394.7,1403.25,1379.55,1379.6,13,9000
LUPIN-I,20180903,927,962.8,927,940.15,14741,10978100
LUPIN-II,20180903,948,967.1,941.15,944.8,204,138600
LUPIN-III,20180903,969.75,969.75,944.3,947.65,12,11200
M&M-I,20180903,973.95,981.6,948.8,953.85,4551,14881000
M&M-II,20180903,976,985.15,953.75,958.5,69,62000
M&M-III,20180903,0,0,0,1001.25,0,0
M&MFIN-I,20180903,492,496,485.55,486.7,1385,9596250
M&MFIN-II,20180903,492.6,495.3,492.3,492.6,8,17500
M&MFIN-III,20180903,0,0,0,502.05,0,0
MANAPPURAM-I,20180903,101,101.6,99.1,99.45,626,15558000
MANAPPURAM-II,20180903,101.75,101.75,100,100.05,18,216000
MANAPPURAM-III,20180903,0,0,0,101.4,0,6000
MARICO-I,20180903,373.9,375.95,362.5,364,1173,7698600
MARICO-II,20180903,0,0,0,375.45,1,15600
MARICO-III,20180903,0,0,0,377.1,0,0
MARUTI-I,20180903,9185,9185,8933,8968.75,17747,2551875
MARUTI-II,20180903,9141.4,9163,8985,9021.65,480,30150
MARUTI-III,20180903,9201,9201,9050,9091.4,151,21225
MCDOWELL-N-I,20180903,638.4,642,611.2,613.85,3508,10155000
MCDOWELL-N-II,20180903,641.9,642.5,618.9,619.15,29,43750
MCDOWELL-N-III,20180903,0,0,0,658.5,0,0
MCX-I,20180903,837.05,848.45,828,831.8,1098,4715900
MCX-II,20180903,845.35,851.75,839.1,839.1,15,22400
MCX-III,20180903,0,0,0,830.05,0,1400
MFSL-I,20180903,452.95,461.6,446.9,450.35,484,2478000
MFSL-II,20180903,0,0,0,459.8,0,8400
MFSL-III,20180903,0,0,0,472.45,0,0
MGL-I,20180903,865.2,874.75,858.1,863.85,4014,3607800
MGL-II,20180903,867.95,877.15,865,867.3,28,21600
MGL-III,20180903,870.45,870.45,870.45,870.45,1,2400
MINDTREE-I,20180903,1126.8,1159.9,1103.5,1108.45,11095,3801600
MINDTREE-II,20180903,1138,1163,1107.4,1111.45,40,25200
MINDTREE-III,20180903,0,0,0,1122,0,1200
MOTHERSUMI-I,20180903,308,310.4,305.5,306.5,1451,12257600
MOTHERSUMI-II,20180903,308.15,308.95,307.1,308.15,5,70400
MOTHERSUMI-III,20180903,309.7,309.7,309.7,309.7,1,1600
MRF-I,20180903,74609.1,74703.45,73362.55,73496.7,835,34300
MRF-II,20180903,74655.55,74911.95,73834.15,73897.3,17,210
MRF-III,20180903,0,0,0,74582.2,0,0
MRPL-I,20180903,81.85,82.1,79.7,80.15,340,5881500
MRPL-II,20180903,0,0,0,82.15,0,18000
MRPL-III,20180903,82.35,82.35,82.35,82.35,1,4500
MUTHOOTFIN-I,20180903,413.45,413.5,405.45,407.15,475,1959000
MUTHOOTFIN-II,20180903,0,0,0,409,0,12000
MUTHOOTFIN-III,20180903,0,0,0,416.75,0,0
NATIONALUM-I,20180903,76,77.2,75.15,75.5,1922,50520000
NATIONALUM-II,20180903,75.95,76.95,75.9,76.45,20,504000
NATIONALUM-III,20180903,0,0,0,77.65,0,0
NBCC-I,20180903,71.95,74.45,71.85,72.9,1404,20682000
NBCC-II,20180903,72.4,74.7,72.4,73.5,18,294000
NBCC-III,20180903,0,0,0,73.6,0,0
NCC-I,20180903,100.05,106.15,98.2,104.4,8301,49440000
NCC-II,20180903,100.1,106.6,98.95,105.15,123,832000
NCC-III,20180903,99.8,102.55,99.8,102.55,10,64000
NESTLEIND-I,20180903,11679.95,11679.95,11315.3,11331.5,978,266200
NESTLEIND-II,20180903,11680,11680,11385,11390.5,11,2100
NESTLEIND-III,20180903,0,0,0,11496.6,0,0
NHPC-I,20180903,24.35,25.8,24.35,25.45,149,23517000
NHPC-II,20180903,25.8,25.8,25.8,25.8,1,486000
NHPC-III,20180903,26,26,26,26,4,108000
NIITTECH-I,20180903,1405,1417.2,1367.6,1372,3682,1269750
NIITTECH-II,20180903,1414.75,1414.75,1380,1380,21,29250
NIITTECH-III,20180903,1414.55,1414.55,1414.55,1414.55,2,1500
NMDC-I,20180903,112.8,116.1,111.25,113.45,3065,24966000
NMDC-II,20180903,112.2,116.15,111.9,114.2,48,426000
NMDC-III,20180903,114.25,114.25,114,114,2,18000
NTPC-I,20180903,175.8,175.8,166.4,167.8,1798,35628000
NTPC-II,20180903,171.15,171.15,167.55,168.6,16,116000
NTPC-III,20180903,0,0,0,172.9,0,0
OFSS-I,20180903,4260,4412.9,4109.2,4129.9,779,266700
OFSS-II,20180903,0,0,0,3953.7,0,0
OFSS-III,20180903,0,0,0,4249.6,0,0
OIL-I,20180903,214.15,215.3,210.9,211.9,287,3086292
OIL-II,20180903,213.95,214,213.95,214,2,16995
OIL-III,20180903,0,0,0,217.85,0,0
ONGC-I,20180903,179.05,179.65,176.1,176.7,2288,44797500
ONGC-II,20180903,178.6,180,177.45,177.65,26,285000
ONGC-III,20180903,178.8,178.8,176.3,176.35,11,45000
ORIENTBANK-I,20180903,83.9,88.4,83.9,84.8,2698,11988000
ORIENTBANK-II,20180903,85.75,88.9,84.75,85,28,240000
ORIENTBANK-III,20180903,88,88,88,88,1,0
PAGEIND-I,20180903,34100.1,34820.5,33362.35,33488.25,2506,124875
PAGEIND-II,20180903,34623.15,34623.15,33501,33568.25,86,5275
PAGEIND-III,20180903,0,0,0,35868.15,0,0
PCJEWELLER-I,20180903,84.85,95.35,84,91.35,12020,9117000
PCJEWELLER-II,20180903,85.05,95.5,84.95,91.85,269,348000
PCJEWELLER-III,20180903,91,95,91,92.7,7,7500
PEL-I,20180903,3232.6,3270.2,3076.05,3098.5,4176,2843632
PEL-II,20180903,3190.8,3192.15,3096.15,3113.25,40,12382
PEL-III,20180903,3208.2,3208.2,3161.9,3174,3,906
PETRONET-I,20180903,245.2,245.25,238.4,239.25,1175,14463000
PETRONET-II,20180903,243.35,243.5,243.35,243.5,3,81000
PETRONET-III,20180903,0,0,0,244.55,0,0
PFC-I,20180903,85.1,87.7,84.6,85.3,2447,77424000
PFC-II,20180903,86,87.65,85.35,86,32,396000
PFC-III,20180903,85.7,85.7,85.45,85.45,4,84000
PIDILITIND-I,20180903,1187.05,1187.05,1171,1175.6,1513,3319000
PIDILITIND-II,20180903,1180.25,1180.3,1179.25,1179.25,3,14000
PIDILITIND-III,20180903,0,0,0,1157.6,0,0
PNB-I,20180903,89,89.95,86.5,86.85,10525,127864000
PNB-II,20180903,89.65,90.35,86.7,87.3,183,1721500
PNB-III,20180903,89.5,90.65,87.7,87.7,20,203500
POWERGRID-I,20180903,201,202.25,192.55,193.1,2429,41484000
POWERGRID-II,20180903,202,202,194,194,7,152000
POWERGRID-III,20180903,0,0,0,200.65,0,0
PTC-I,20180903,84.2,86.5,84.05,84.4,723,14320000
PTC-II,20180903,85.1,85.1,85.1,85.1,1,56000
PTC-III,20180903,0,0,0,84.1,0,0
PVR-I,20180903,1375.85,1423.1,1369,1383.55,2106,922000
PVR-II,20180903,0,0,0,1139.75,0,0
PVR-III,20180903,0,0,0,1394.8,0,0
RAMCOCEM-I,20180903,696,696,675.5,676.65,714,1100000
RAMCOCEM-II,20180903,680.5,680.5,680.5,680.5,1,11200
RAMCOCEM-III,20180903,0,0,0,705.7,0,0
RAYMOND-I,20180903,851.25,863.4,840.1,843,2023,4800000
RAYMOND-II,20180903,869.8,869.8,864,866.25,3,2400
RAYMOND-III,20180903,0,0,0,862.45,0,0
RBLBANK-I,20180903,633.15,645.9,627.05,629.1,3431,4525200
RBLBANK-II,20180903,641.75,647.55,634.05,634.1,28,62400
RBLBANK-III,20180903,643.45,643.45,643.45,643.45,1,1200
RCOM-I,20180903,18.35,19.1,18,18.35,2637,125048000
RCOM-II,20180903,18.45,19,18.15,18.5,29,1288000
RCOM-III,20180903,0,0,0,18.95,0,0
RECLTD-I,20180903,119.35,121.9,117.65,118.3,2839,36546000
RECLTD-II,20180903,119.5,122.1,118.05,118.9,26,546000
RECLTD-III,20180903,120.75,120.75,120.75,120.75,1,6000
RELCAPITAL-I,20180903,464,480.4,460.85,466.05,8547,9595500
RELCAPITAL-II,20180903,469.45,482,465.7,468.05,157,109500
RELCAPITAL-III,20180903,475,475,470,472.5,2,3000
RELIANCE-I,20180903,1255.2,1267.75,1235.05,1238.15,34367,51882000
RELIANCE-II,20180903,1258.8,1274,1243,1244.75,789,734000
RELIANCE-III,20180903,1259,1279.45,1250,1250.9,32,18000
RELINFRA-I,20180903,466.65,483.4,458.65,465.6,11916,8778900
RELINFRA-II,20180903,474.6,485.5,462.45,467.6,221,209300
RELINFRA-III,20180903,479,479,470,470,3,6500
REPCOHOME-I,20180903,545.5,551.7,530.5,533.3,817,867600
REPCOHOME-II,20180903,536.85,537.5,536.85,537.5,2,1800
REPCOHOME-III,20180903,0,0,0,559.7,0,0
RPOWER-I,20180903,39.65,39.65,37.5,38.1,2404,48490000
RPOWER-II,20180903,38,39.5,37.75,38.35,41,2015000
RPOWER-III,20180903,38.9,38.9,38.85,38.85,2,13000
SAIL-I,20180903,80.6,81.95,79.65,80.5,3679,76836000
SAIL-II,20180903,81.05,82.25,80.8,80.9,46,1104000
SAIL-III,20180903,0,0,0,82.65,0,0
SBIN-I,20180903,311.75,313.9,306.8,308.05,15767,79932000
SBIN-II,20180903,312.7,315.25,308.7,309.4,211,1068000
SBIN-III,20180903,0,0,0,311,0,3000
SHREECEM-I,20180903,19120.05,19433.35,19051.5,19130.25,502,98450
SHREECEM-II,20180903,0,0,0,18900,0,50
SHREECEM-III,20180903,0,0,0,19220.5,0,0
SIEMENS-I,20180903,1027.35,1031.75,1010.1,1014.9,687,1427500
SIEMENS-II,20180903,1033.05,1033.05,1033.05,1033.05,1,7500
SIEMENS-III,20180903,0,0,0,1024.5,0,0
SOUTHBANK-I,20180903,17.65,17.8,17.6,17.65,824,142804569
SOUTHBANK-II,20180903,17.85,17.85,17.75,17.8,7,4639740
SOUTHBANK-III,20180903,0,0,0,17.9,0,33141
SREINFRA-I,20180903,54.55,56,52.5,52.95,1193,18270000
SREINFRA-II,20180903,0,0,0,55.8,0,112000
SREINFRA-III,20180903,0,0,0,54.85,0,0
SRF-I,20180903,2034.95,2071,2013.25,2018.5,1598,999500
SRF-II,20180903,2055,2077.15,2049.25,2077.15,10,11000
SRF-III,20180903,0,0,0,2078.55,0,0
SRTRANSFIN-I,20180903,1352.25,1379,1317.5,1323.45,3697,4791600
SRTRANSFIN-II,20180903,1356.05,1381,1330,1331.5,34,19200
SRTRANSFIN-III,20180903,1340,1340,1340,1340,1,600
STAR-I,20180903,501.4,514.55,494.8,498.75,6313,5042400
STAR-II,20180903,504.55,515.05,498.15,500.9,62,27200
STAR-III,20180903,514.25,514.25,514.25,514.25,1,800
SUNPHARMA-I,20180903,659.95,673.85,651.5,656.15,20648,34117600
SUNPHARMA-II,20180903,662,677.15,655,659.25,322,300300
SUNPHARMA-III,20180903,666.35,678.75,661,665.15,27,36300
SUNTV-I,20180903,775.25,798.5,771.3,783.05,5598,6809000
SUNTV-II,20180903,779.7,800.9,778.95,786.5,44,51000
SUNTV-III,20180903,790.65,790.65,790.65,790.65,1,2000
SUZLON-I,20180903,7.3,7.35,7.2,7.2,498,302850000
SUZLON-II,20180903,7.25,7.35,7.2,7.25,57,10935000
SUZLON-III,20180903,7.35,7.4,7.3,7.3,5,315000
SYNDIBANK-I,20180903,40.75,42.45,40.15,41.2,1655,26280000
SYNDIBANK-II,20180903,40.45,42.7,40.45,41.5,26,477000
SYNDIBANK-III,20180903,0,0,0,41.4,0,0
TATACHEM-I,20180903,765.9,788.55,760.8,772.35,2615,3581250
TATACHEM-II,20180903,770.4,791.95,770.35,777.2,36,29250
TATACHEM-III,20180903,0,0,0,774.05,0,0
TATACOMM-I,20180903,542.7,547.85,530.05,533.85,1150,3695200
TATACOMM-II,20180903,540,540,535.95,537.15,6,14400
TATACOMM-III,20180903,0,0,0,569.9,0,0
TATAELXSI-I,20180903,1450.4,1481.95,1448.1,1455.55,6289,2208000
TATAELXSI-II,20180903,1463.75,1486,1458.3,1462.7,61,40800
TATAELXSI-III,20180903,0,0,0,1458.3,0,2400
TATAGLOBAL-I,20180903,237.6,245.5,236.6,238.35,6146,15115500
TATAGLOBAL-II,20180903,239.45,245,239,239.45,19,121500
TATAGLOBAL-III,20180903,0,0,0,240.4,0,0
TATAMOTORS-I,20180903,268.5,273.9,266.5,267.75,18626,80833500
TATAMOTORS-II,20180903,273.35,275.25,268.3,269.35,412,1294500
TATAMOTORS-III,20180903,275,276.2,269.5,269.6,34,30000
TATAMTRDVR-I,20180903,143.85,146.8,142.45,145.3,4066,33482400
TATAMTRDVR-II,20180903,145.25,147.6,143.4,145.7,123,285600
TATAMTRDVR-III,20180903,145.7,145.7,145.1,145.5,4,5600
TATAPOWER-I,20180903,77.65,79.3,76.65,78.4,2091,47304000
TATAPOWER-II,20180903,78.2,79.75,78.2,78.95,3,189000
TATAPOWER-III,20180903,0,0,0,77.55,0,0
TATASTEEL-I,20180903,606.3,614.3,601.45,603.25,13816,42226739
TATASTEEL-II,20180903,608.95,616.15,604.7,606.65,178,270555
TATASTEEL-III,20180903,0,0,0,614,0,1061
TCS-I,20180903,2093.15,2106.15,2063.35,2067.25,5957,8362500
TCS-II,20180903,2105,2109.4,2070,2073.35,82,49000
TCS-III,20180903,0,0,0,2115.25,0,1000
TECHM-I,20180903,772.1,779.6,747.5,751.4,7055,15534000
TECHM-II,20180903,775,782.65,752.6,758.45,89,124800
TECHM-III,20180903,0,0,0,745.55,0,0
TITAN-I,20180903,885.9,924.8,880.6,915.95,11080,14383500
TITAN-II,20180903,903.6,929,903.6,919.9,136,192000
TITAN-III,20180903,0,0,0,894.75,0,0
TORNTPHARM-I,20180903,1830,1869.9,1818,1831.8,2120,661000
TORNTPHARM-II,20180903,1838.05,1870,1829.2,1840.15,18,11000
TORNTPHARM-III,20180903,1894.4,1894.4,1894.4,1894.4,1,500
TORNTPOWER-I,20180903,263.75,271.75,257.55,258.95,923,2118000
TORNTPOWER-II,20180903,269.9,272.15,269.9,272.15,6,33000
TORNTPOWER-III,20180903,0,0,0,269.05,0,0
TV18BRDCST-I,20180903,46.55,48.95,46.5,47.15,2477,57536500
TV18BRDCST-II,20180903,48.1,48.6,47.25,47.7,8,280500
TV18BRDCST-III,20180903,0,0,0,46.75,0,0
TVSMOTOR-I,20180903,571.95,580.6,561.5,563.5,2990,5109000
TVSMOTOR-II,20180903,572.2,572.8,559.75,562.35,17,39000
TVSMOTOR-III,20180903,570,570,570,570,1,1000
UBL-I,20180903,1405.15,1422.8,1377.6,1386.8,2215,2008300
UBL-II,20180903,1398,1426.3,1387.25,1394.35,20,42700
UBL-III,20180903,0,0,0,1447.45,0,0
UJJIVAN-I,20180903,353.45,359.6,350.05,353.85,1649,6233600
UJJIVAN-II,20180903,357.65,358.85,355.1,355.1,5,72000
UJJIVAN-III,20180903,0,0,0,359,0,0
ULTRACEMCO-I,20180903,4450.95,4460.85,4380.05,4400.95,2776,2225200
ULTRACEMCO-II,20180903,4451,4476.5,4403.65,4413.55,16,7000
ULTRACEMCO-III,20180903,0,0,0,4508.85,0,0
UNIONBANK-I,20180903,91.1,93.95,89.85,90.7,4615,33444000
UNIONBANK-II,20180903,90.8,94.35,90.45,91.1,44,666000
UNIONBANK-III,20180903,0,0,0,92.2,0,0
UPL-I,20180903,719.2,728.7,713.05,722.85,4685,16526400
UPL-II,20180903,723.3,731.45,723,725,22,128400
UPL-III,20180903,0,0,0,709.15,0,0
VEDL-I,20180903,229.75,232,227.85,229.55,10405,45031000
VEDL-II,20180903,229.95,232.95,229,231.05,99,273000
VEDL-III,20180903,230.8,233.15,229.95,232,16,33250
VGUARD-I,20180903,226.95,227.1,219.15,220.95,722,2829000
VGUARD-II,20180903,223,223,222.05,222.05,2,48000
VGUARD-III,20180903,0,0,0,228.45,0,0
VOLTAS-I,20180903,622.95,625,602.6,605.85,2834,4089000
VOLTAS-II,20180903,619,622.2,603,604.1,15,19000
VOLTAS-III,20180903,0,0,0,635.35,0,0
WIPRO-I,20180903,324.95,324.95,308.8,310.85,14913,29313600
WIPRO-II,20180903,324,325,310.1,312.5,151,153600
WIPRO-III,20180903,327.2,327.2,315.5,315.5,4,4800
WOCKPHARMA-I,20180903,649,684.6,649,662.85,3599,3542400
WOCKPHARMA-II,20180903,671.6,685.6,666,666.05,23,35100
WOCKPHARMA-III,20180903,0,0,0,678.2,0,0
YESBANK-I,20180903,348.9,349.8,340.25,341.7,22739,70087500
YESBANK-II,20180903,350,351.5,342.25,343.45,423,1237250
YESBANK-III,20180903,348.05,351.75,344,344.5,40,89250
ZEEL-I,20180903,507.05,508,500.5,502.9,2169,11098100
ZEEL-II,20180903,506.4,510,504.25,504.85,15,44200
ZEEL-III,20180903,0,0,0,518.2,0,0
