BANKNIFTY-I,20161107,19400,19435.8,19285.75,19395.2,58515,1794160
BANKNIFTY-II,20161107,19446.6,19548,19389.6,19506.1,1211,88640
BANKNIFTY-III,20161107,19552.5,19628.15,19520.1,19610.9,97,6480
DJIA-I,20161107,17977.5,18095,17977.5,18082.5,143,6090
DJIA-II,20161107,17890,18047.5,17890,18047.5,15,870
DJIA-III,20161107,0,0,0,18462.5,0,0
DJIA-IIII,20161107,0,0,0,18965,0,0
DJIA-IIIII,20161107,0,0,0,19047.5,0,0
DJIA-IIIIII,20161107,0,0,0,19507.5,0,0
FTSE100-I,20161107,0,0,0,6980,0,0
FTSE100-II,20161107,0,0,0,6570,0,0
FTSE100-III,20161107,0,0,0,7142,0,0
FTSE100-IIII,20161107,0,0,0,6728,0,0
FTSE100-IIIII,20161107,0,0,0,6411,0,0
FTSE100-IIIIII,20161107,0,0,0,7152,0,0
NIFTY-I,20161107,8519,8560,8503.5,8520,112007,16080075
NIFTY-II,20161107,8550,8608.5,8550,8567,3947,1124325
NIFTY-III,20161107,8614.25,8646.6,8592.4,8609.1,1528,275475
NIFTYINFRA-I,20161107,0,0,0,2947.85,0,0
NIFTYINFRA-II,20161107,0,0,0,2828.7,0,0
NIFTYINFRA-III,20161107,0,0,0,2912.4,0,0
NIFTYIT-I,20161107,10017,10061,9946,9990,251,33750
NIFTYIT-II,20161107,0,0,0,10436,0,0
NIFTYIT-III,20161107,10323,10323,10323,10323,1,50
NIFTYMID50-I,20161107,0,0,0,3848.25,0,0
NIFTYMID50-II,20161107,0,0,0,3924.85,0,0
NIFTYMID50-III,20161107,0,0,0,4122.35,0,0
NIFTYPSE-I,20161107,0,0,0,3552.85,0,0
NIFTYPSE-II,20161107,0,0,0,3513.5,0,0
NIFTYPSE-III,20161107,0,0,0,3763.2,0,0
S&P500-I,20161107,2108,2115.25,2108,2113.5,149,215000
S&P500-II,20161107,2107.5,2107.5,2105.5,2105.5,3,1000
S&P500-III,20161107,0,0,0,2176.75,0,0
S&P500-IIII,20161107,0,0,0,2213.75,0,0
S&P500-IIIII,20161107,0,0,0,2232,0,0
S&P500-IIIIII,20161107,0,0,0,2300,0,0
ABIRLANUVO-I,20161107,1307.45,1326,1303,1310.5,778,4482750
ABIRLANUVO-II,20161107,1331,1331,1321,1319.95,5,11250
ABIRLANUVO-III,20161107,0,0,0,1395.8,0,0
ACC-I,20161107,1499.05,1518.65,1488.95,1491.6,1678,1328800
ACC-II,20161107,1499,1499,1499,1499,2,4800
ACC-III,20161107,0,0,0,1502.9,0,1600
ADANIENT-I,20161107,63.9,63.9,63.05,63.3,252,19712000
ADANIENT-II,20161107,64.05,64.05,63.95,63.95,2,200000
ADANIENT-III,20161107,0,0,0,63.5,0,24000
ADANIPORTS-I,20161107,297,297.8,291.75,294.1,2637,17795000
ADANIPORTS-II,20161107,297.05,297.65,293.95,295.1,26,152500
ADANIPORTS-III,20161107,300,300,300,300,1,5000
ADANIPOWER-I,20161107,25.85,26.4,25.75,25.95,459,120800000
ADANIPOWER-II,20161107,26.2,26.45,26.15,26.15,7,2040000
ADANIPOWER-III,20161107,0,0,0,27.25,0,0
AJANTPHARM-I,20161107,1877.65,1925,1830,1911.4,1424,394000
AJANTPHARM-II,20161107,1880,1934.95,1845,1925.05,27,20400
AJANTPHARM-III,20161107,0,0,0,2009.95,0,0
ALBK-I,20161107,72.65,73,70.15,70.85,1828,18560000
ALBK-II,20161107,71,72.35,70.9,71,13,460000
ALBK-III,20161107,0,0,0,76.2,0,0
AMARAJABAT-I,20161107,1022.35,1031.3,1005.3,1015,790,667800
AMARAJABAT-II,20161107,1032,1032.2,1032,1032.2,6,11400
AMARAJABAT-III,20161107,0,0,0,1015.5,0,0
AMBUJACEM-I,20161107,242.3,248.1,241.8,242.3,2246,11610000
AMBUJACEM-II,20161107,247.3,248,244,244.05,10,82500
AMBUJACEM-III,20161107,0,0,0,247.4,0,0
ANDHRABANK-I,20161107,53.2,53.85,52.75,53.65,485,20070000
ANDHRABANK-II,20161107,53.2,54.3,53.2,54.25,4,370000
ANDHRABANK-III,20161107,54,54.15,53.45,53.7,4,10000
APOLLOHOSP-I,20161107,1299.1,1318.1,1275.1,1285.2,489,527600
APOLLOHOSP-II,20161107,1311,1312,1292,1292.25,5,3200
APOLLOHOSP-III,20161107,0,0,0,1353.3,0,0
APOLLOTYRE-I,20161107,197.65,198.25,193.7,194.4,2102,10683000
APOLLOTYRE-II,20161107,198.25,198.5,195.4,195.9,23,150000
APOLLOTYRE-III,20161107,0,0,0,197.8,0,3000
ARVIND-I,20161107,406.85,411.45,404.05,406.25,3253,5866000
ARVIND-II,20161107,410.05,413.4,406.8,408.25,96,196000
ARVIND-III,20161107,0,0,0,395.5,0,2000
ASHOKLEY-I,20161107,92,92.4,89.6,89.85,3662,65912000
ASHOKLEY-II,20161107,92.1,92.65,90.15,90.3,88,2184000
ASHOKLEY-III,20161107,91.25,91.25,90.75,90.75,3,42000
ASIANPAINT-I,20161107,1049.9,1062,1031.15,1041.65,3086,5434200
ASIANPAINT-II,20161107,1040,1065.55,1037.65,1047.45,47,48000
ASIANPAINT-III,20161107,0,0,0,1103.55,0,0
AUROPHARMA-I,20161107,759.15,776.8,751,767.4,8066,11678100
AUROPHARMA-II,20161107,765,781.6,757.15,770.8,146,126000
AUROPHARMA-III,20161107,0,0,0,784,0,7700
AXISBANK-I,20161107,483.95,489.7,482.9,485.5,8723,33982800
AXISBANK-II,20161107,487.8,491.9,486.45,488.4,239,1106400
AXISBANK-III,20161107,492.8,494,492.3,492.3,7,33600
BAJAJ-AUTO-I,20161107,2840.5,2855,2792.5,2835.35,2354,1497000
BAJAJ-AUTO-II,20161107,2826,2865,2822,2865,8,10000
BAJAJ-AUTO-III,20161107,0,0,0,2807.5,0,0
BAJFINANCE-I,20161107,1005.65,1029.8,989.5,994.4,3042,6938750
BAJFINANCE-II,20161107,1018.7,1034.2,995.3,1000.2,41,81250
BAJFINANCE-III,20161107,1025,1033.35,1023.55,1023.55,3,5000
BANKBARODA-I,20161107,146.75,149.6,144.8,148.35,5439,40806500
BANKBARODA-II,20161107,147,150.3,145.95,149,71,406000
BANKBARODA-III,20161107,148.5,151,148.5,150.05,4,21000
BANKINDIA-I,20161107,106.55,109.5,106.2,108.55,1397,22488000
BANKINDIA-II,20161107,107,109.2,106.5,108.4,45,1686000
BANKINDIA-III,20161107,108.7,108.7,108.7,108.7,1,306000
BATAINDIA-I,20161107,460,464.8,455.2,460.65,442,3419900
BATAINDIA-II,20161107,464.2,464.2,464.2,464.2,1,33000
BATAINDIA-III,20161107,0,0,0,491,0,0
BEL-I,20161107,1314.2,1327.65,1303.85,1307.95,759,1306800
BEL-II,20161107,1315.85,1325.35,1315.85,1319.3,4,7200
BEL-III,20161107,0,0,0,1280.4,0,0
BEML-I,20161107,892.8,904.5,880,888.6,1022,898000
BEML-II,20161107,898.55,900.2,886.65,888.5,16,11500
BEML-III,20161107,0,0,0,936,0,0
BHARATFIN-I,20161107,806.25,830.6,806.25,818.95,3504,7333000
BHARATFIN-II,20161107,822,834,816.5,822.35,39,66000
BHARATFIN-III,20161107,825,825,825,825,1,1000
BHARATFORG-I,20161107,841.7,874.75,841.7,861.05,3848,5479800
BHARATFORG-II,20161107,856.3,876.35,856.3,862.65,44,21000
BHARATFORG-III,20161107,0,0,0,870.7,0,0
BHARTIARTL-I,20161107,308.1,308.35,305,306.45,1464,22429500
BHARTIARTL-II,20161107,307,308.3,305,306.05,90,532500
BHARTIARTL-III,20161107,308.25,308.25,306.25,306.25,3,214200
BHEL-I,20161107,136.5,140.95,136.5,139.6,3926,34285000
BHEL-II,20161107,137.85,141.15,137.2,140.15,76,550000
BHEL-III,20161107,138.95,141.3,138.95,140.7,5,35000
BIOCON-I,20161107,885.15,907,885.15,898.7,3132,3998500
BIOCON-II,20161107,896,912.7,894.3,904.95,40,73700
BIOCON-III,20161107,0,0,0,926.65,0,1800
BOSCHLTD-I,20161107,21800,22109.9,21408,21518.6,1134,93000
BOSCHLTD-II,20161107,21700,21700,21700,21700,1,600
BOSCHLTD-III,20161107,0,0,0,22577.7,0,0
BPCL-I,20161107,642.1,667.3,642.1,659.7,2979,12786000
BPCL-II,20161107,653.25,669,653.25,662.85,38,110400
BPCL-III,20161107,0,0,0,687.9,0,0
BRITANNIA-I,20161107,3320.05,3351.6,3295.5,3306.95,1257,1074400
BRITANNIA-II,20161107,3316.75,3337.5,3316.75,3324.75,22,6200
BRITANNIA-III,20161107,0,0,0,3265.65,0,0
CADILAHC-I,20161107,398,402.55,382.2,385.55,434,2748800
CADILAHC-II,20161107,400,400,390,390,4,14400
CADILAHC-III,20161107,0,0,0,397,0,4800
CAIRN-I,20161107,243.25,245.75,240.85,242.9,1642,23289000
CAIRN-II,20161107,244.05,245.5,244.05,244.1,10,164500
CAIRN-III,20161107,0,0,0,227.45,0,0
CANBK-I,20161107,296.4,303.45,295,299.55,5519,10422000
CANBK-II,20161107,295,302.65,295,299,104,648000
CANBK-III,20161107,299.95,302.3,299.95,302.3,2,12000
CASTROLIND-I,20161107,435.3,440.5,432,435.3,1270,13420400
CASTROLIND-II,20161107,438.2,438.25,436,436,11,23800
CASTROLIND-III,20161107,0,0,0,465.3,0,0
CEATLTD-I,20161107,1214.9,1236,1212,1224.8,2580,1281000
CEATLTD-II,20161107,1222.5,1234,1222.5,1232.4,8,9800
CEATLTD-III,20161107,0,0,0,1215.85,0,0
CENTURYTEX-I,20161107,1003,1009.4,970,978.4,1127,7202800
CENTURYTEX-II,20161107,999.7,1003.2,999.7,980.6,8,44000
CENTURYTEX-III,20161107,0,0,0,1046.75,0,1100
CESC-I,20161107,594.7,600.35,587.45,596.6,585,1854600
CESC-II,20161107,0,0,0,594,0,5500
CESC-III,20161107,0,0,0,624.3,0,0
CIPLA-I,20161107,553.5,556.45,546.8,548.2,1507,6256000
CIPLA-II,20161107,555.1,556.7,552,552.15,11,74000
CIPLA-III,20161107,0,0,0,595.55,0,0
COALINDIA-I,20161107,319.05,322.85,317.7,319.4,2265,12838400
COALINDIA-II,20161107,320.55,324,319.85,320.1,26,261800
COALINDIA-III,20161107,322,322,322,322,1,144500
COLPAL-I,20161107,983,994,972.55,976.35,598,714000
COLPAL-II,20161107,986,986,976,978,4,4900
COLPAL-III,20161107,0,0,0,951.8,0,0
CONCOR-I,20161107,1387,1436.4,1365.6,1376.45,627,510000
CONCOR-II,20161107,1432,1432,1424.05,1424.05,7,1500
CONCOR-III,20161107,0,0,0,1381.3,0,0
CROMPGREAV-I,20161107,77.45,86.4,77.2,85.9,4296,10572000
CROMPGREAV-II,20161107,82.25,86.65,82.1,86.2,14,276000
CROMPGREAV-III,20161107,0,0,0,75.1,0,0
CUMMINSIND-I,20161107,832.05,842.1,831.05,839.4,115,573000
CUMMINSIND-II,20161107,0,0,0,839.3,0,1200
CUMMINSIND-III,20161107,0,0,0,864.2,0,0
DABUR-I,20161107,301,303,295.2,296.45,1307,9755000
DABUR-II,20161107,298.5,298.5,296,296.8,47,145000
DABUR-III,20161107,0,0,0,295.35,0,0
DCBBANK-I,20161107,130.3,132.05,128.5,129.05,252,1876500
DCBBANK-II,20161107,131.5,131.5,130.8,130.9,4,27000
DCBBANK-III,20161107,0,0,0,129.55,0,0
DHFL-I,20161107,303.4,317,303.4,313.05,4118,12597000
DHFL-II,20161107,309,318.45,307.85,315.65,66,222000
DHFL-III,20161107,0,0,0,300,0,15000
DISHTV-I,20161107,90.4,90.4,87.35,87.85,472,50813000
DISHTV-II,20161107,89.7,89.7,88.05,88.5,16,1085000
DISHTV-III,20161107,0,0,0,90.4,0,7000
DIVISLAB-I,20161107,1278.15,1279.1,1260.35,1266.8,370,1245000
DIVISLAB-II,20161107,1274,1275,1274,1275,2,1800
DIVISLAB-III,20161107,0,0,0,1297.5,0,0
DLF-I,20161107,141.4,145.45,141.25,144.15,4403,44070000
DLF-II,20161107,143.2,146,143.2,144.7,46,500000
DLF-III,20161107,0,0,0,151.05,0,0
DRREDDY-I,20161107,3120.35,3154,3083.5,3112.45,2298,1740000
DRREDDY-II,20161107,3139.95,3168.45,3106.9,3128.2,38,27400
DRREDDY-III,20161107,0,0,0,3380.2,0,0
EICHERMOT-I,20161107,24328.35,24639.9,24060,24119.65,1950,141850
EICHERMOT-II,20161107,24300,24633.65,24190,24195,27,2075
EICHERMOT-III,20161107,24497.25,24497.25,24497.25,24497.25,1,75
ENGINERSIN-I,20161107,249.3,256.25,248.4,251.3,1387,9187500
ENGINERSIN-II,20161107,257.4,257.4,251.5,252.75,9,63000
ENGINERSIN-III,20161107,0,0,0,272.5,0,0
EXIDEIND-I,20161107,192.35,196,191.9,194.2,1713,22696000
EXIDEIND-II,20161107,196.7,196.7,194.6,195.1,17,80000
EXIDEIND-III,20161107,200.75,200.75,195.6,195.6,2,8000
FEDERALBNK-I,20161107,78.6,78.6,77.2,77.5,1538,48642000
FEDERALBNK-II,20161107,78.95,78.95,78,78,17,528000
FEDERALBNK-III,20161107,0,0,0,79.3,0,11000
GAIL-I,20161107,427.2,431.6,423.75,428.6,1510,5812500
GAIL-II,20161107,429.95,430.3,429.95,430.3,5,81000
GAIL-III,20161107,0,0,0,442.65,0,0
GLENMARK-I,20161107,888,910.75,886.55,896.4,1882,2478000
GLENMARK-II,20161107,913.95,914,898.05,901.9,9,16100
GLENMARK-III,20161107,0,0,0,917.4,0,0
GMRINFRA-I,20161107,12.65,12.75,12.55,12.65,587,188100000
GMRINFRA-II,20161107,12.75,12.85,12.7,12.75,133,9045000
GMRINFRA-III,20161107,12.9,12.9,12.9,12.9,11,540000
GODREJCP-I,20161107,1524.95,1551.5,1503,1521.55,1144,360000
GODREJCP-II,20161107,1546.45,1546.45,1527.6,1527.6,2,800
GODREJCP-III,20161107,0,0,0,1606.4,0,0
GODREJIND-I,20161107,418.25,421.1,411.25,414.7,902,1570500
GODREJIND-II,20161107,418.3,418.3,417.4,417.4,2,12000
GODREJIND-III,20161107,0,0,0,446.95,0,0
GRANULES-I,20161107,114.45,116.5,114.1,114.7,466,13210000
GRANULES-II,20161107,115.5,115.9,114.9,115.15,5,125000
GRANULES-III,20161107,117.2,117.2,117.2,117.2,1,15000
GRASIM-I,20161107,913.05,930.55,910.1,919.25,2306,8989500
GRASIM-II,20161107,925,931.2,921.1,925.85,10,37500
GRASIM-III,20161107,0,0,0,930,0,750
HAVELLS-I,20161107,389.1,399.65,389.1,393.5,722,3402000
HAVELLS-II,20161107,397.85,400.55,397.1,398.75,9,44000
HAVELLS-III,20161107,0,0,0,395.2,0,0
HCLTECH-I,20161107,801.95,827.3,795.15,817.15,5432,5957700
HCLTECH-II,20161107,800,831.75,799.1,821.1,57,37800
HCLTECH-III,20161107,813,813,813,813,2,1400
HDFC-I,20161107,1400.1,1405.1,1380,1385.6,4208,9050000
HDFC-II,20161107,1475,1475,1389,1395.5,63,116500
HDFC-III,20161107,0,0,0,1401.55,0,0
HDFCBANK-I,20161107,1257.95,1259.1,1245.3,1252.55,5938,28690000
HDFCBANK-II,20161107,1265.05,1267,1256.5,1262.45,160,898500
HDFCBANK-III,20161107,0,0,0,1272.7,0,40000
HDIL-I,20161107,75.55,76.1,74.8,75.05,1283,26536000
HDIL-II,20161107,76.6,76.6,75,75.5,28,488000
HDIL-III,20161107,0,0,0,75,0,40000
HEROMOTOCO-I,20161107,3312,3384.8,3269.6,3360.7,3474,1144400
HEROMOTOCO-II,20161107,3315,3390,3315,3370.75,12,15800
HEROMOTOCO-III,20161107,0,0,0,3368.85,0,0
HEXAWARE-I,20161107,199.45,205,199,202.75,898,5484000
HEXAWARE-II,20161107,205.7,205.7,203.9,203.85,4,36000
HEXAWARE-III,20161107,0,0,0,204.05,0,0
HINDALCO-I,20161107,162.9,168.85,161.75,167.8,13027,34006000
HINDALCO-II,20161107,163.55,169.6,162.9,168.5,173,623000
HINDALCO-III,20161107,165.25,168.35,163.9,168.35,8,77000
HINDPETRO-I,20161107,450,455.8,443.6,446.75,3007,20909700
HINDPETRO-II,20161107,448,457.5,447,448.4,42,178500
HINDPETRO-III,20161107,0,0,0,440.2,0,4200
HINDUNILVR-I,20161107,851.1,851.95,837,839.2,1983,5280000
HINDUNILVR-II,20161107,846.8,848.2,842.25,844,10,24600
HINDUNILVR-III,20161107,0,0,0,854.3,0,0
HINDZINC-I,20161107,263.95,267.65,261.15,263.4,1292,7152000
HINDZINC-II,20161107,264.5,268.65,264.5,265,22,169600
HINDZINC-III,20161107,0,0,0,261,0,9600
IBREALEST-I,20161107,80.45,81.8,79.15,80.65,440,40500000
IBREALEST-II,20161107,0,0,0,79.05,0,640000
IBREALEST-III,20161107,0,0,0,89.35,0,20000
IBULHSGFIN-I,20161107,797,814.3,791,795.1,1829,7482400
IBULHSGFIN-II,20161107,809.05,817,798.6,799.85,11,13600
IBULHSGFIN-III,20161107,0,0,0,858.3,0,0
ICICIBANK-I,20161107,276.25,281.8,273.2,279.4,17577,47377500
ICICIBANK-II,20161107,276.95,283,275.1,280.7,222,830000
ICICIBANK-III,20161107,277,284.15,277,282.7,13,50000
ICIL-I,20161107,786,789,768,783.9,153,838200
ICIL-II,20161107,781,781,781,781,3,40800
ICIL-III,20161107,0,0,0,804.55,0,0
IDBI-I,20161107,69,70.7,68.7,69.85,1417,36896000
IDBI-II,20161107,69.25,70.35,68.95,69.4,129,1736000
IDBI-III,20161107,69.6,69.85,69.6,69.85,2,48000
IDEA-I,20161107,73.15,74.25,72.5,73.25,2280,64230000
IDEA-II,20161107,73.35,74.25,72.75,73.3,157,2030000
IDEA-III,20161107,73.6,74.55,73.6,74.55,2,42000
IDFC-I,20161107,64.15,64.85,63.3,63.65,793,59624400
IDFC-II,20161107,64.75,65.25,63.75,64.3,30,792000
IDFC-III,20161107,0,0,0,69.35,0,0
IDFCBANK-I,20161107,74.35,74.85,72.6,72.95,1056,29824000
IDFCBANK-II,20161107,74.95,75.2,73.15,73.3,77,616000
IDFCBANK-III,20161107,0,0,0,73.4,0,24000
IFCI-I,20161107,24.4,24.85,24.4,24.65,287,69344000
IFCI-II,20161107,24.7,24.85,24.65,24.8,9,1100000
IFCI-III,20161107,0,0,0,26.3,0,0
IGL-I,20161107,866.5,871.6,854.5,857.25,921,1392600
IGL-II,20161107,870.5,871.45,864.1,864.1,7,11000
IGL-III,20161107,0,0,0,858.1,0,0
INDIACEM-I,20161107,151.2,154.2,151.1,152.25,1863,20331500
INDIACEM-II,20161107,152.3,154.75,152.3,153.45,4,168000
INDIACEM-III,20161107,0,0,0,157,0,0
INDUSINDBK-I,20161107,1225,1231,1213.25,1219.15,2640,3397200
INDUSINDBK-II,20161107,1236,1236,1222.1,1223.75,6,59400
INDUSINDBK-III,20161107,0,0,0,1224,0,7200
INFRATEL-I,20161107,367.85,367.85,354.7,356.8,1490,3334800
INFRATEL-II,20161107,360.25,360.25,358.4,358.4,2,15400
INFRATEL-III,20161107,0,0,0,359.65,0,0
INFY-I,20161107,984.85,989.35,977.55,979.75,4908,12244500
INFY-II,20161107,987.1,994,984.5,985.5,178,216500
INFY-III,20161107,999.1,999.1,990.8,992.5,13,6500
IOC-I,20161107,311.4,319.9,310.8,316.7,2825,22044000
IOC-II,20161107,313.5,320.85,313.5,317.9,100,621000
IOC-III,20161107,0,0,0,309.6,0,9000
IRB-I,20161107,222.05,227.5,220,223.7,1364,10185000
IRB-II,20161107,224.1,228.3,222,225.3,37,70000
IRB-III,20161107,0,0,0,238.2,0,0
ITC-I,20161107,252.3,259.8,247.1,256.55,8731,39410400
ITC-II,20161107,251.5,261.1,249.55,258.05,101,319200
ITC-III,20161107,257.55,259.15,257.55,259.15,4,7200
JETAIRWAYS-I,20161107,442.15,444.35,435.2,436.3,1136,6454000
JETAIRWAYS-II,20161107,444.5,444.5,441,438.6,9,48000
JETAIRWAYS-III,20161107,0,0,0,439,0,3000
JINDALSTEL-I,20161107,70.25,71.95,69.8,71.1,1480,55647000
JINDALSTEL-II,20161107,71.2,72.2,70.35,71.6,114,1098000
JINDALSTEL-III,20161107,0,0,0,77.55,0,0
JISLJALEQS-I,20161107,101.25,103.7,100.5,101.45,1246,40905000
JISLJALEQS-II,20161107,103.2,104.5,101.35,102.25,18,369000
JISLJALEQS-III,20161107,0,0,0,103,0,18000
JPASSOCIAT-I,20161107,10.15,10.2,9.9,9.95,363,157216000
JPASSOCIAT-II,20161107,10.2,10.2,10,10.05,14,2788000
JPASSOCIAT-III,20161107,10.15,10.15,10,10.1,2,272000
JSWENERGY-I,20161107,63.55,63.65,62.75,63.05,319,25544000
JSWENERGY-II,20161107,63.9,63.9,63.2,63.2,2,96000
JSWENERGY-III,20161107,0,0,0,66.15,0,0
JSWSTEEL-I,20161107,1610.25,1625,1600,1606.6,3746,6262500
JSWSTEEL-II,20161107,1625.55,1633,1610.1,1613.3,25,31800
JSWSTEEL-III,20161107,0,0,0,1655,0,300
JUBLFOOD-I,20161107,971,981.85,961,964.65,1102,2110000
JUBLFOOD-II,20161107,980,983.7,967,969.6,24,38500
JUBLFOOD-III,20161107,0,0,0,1015,0,500
JUSTDIAL-I,20161107,389.95,390,380,382.6,2043,4603200
JUSTDIAL-II,20161107,374.5,382,373,375.3,109,182400
JUSTDIAL-III,20161107,0,0,0,410,0,4800
KOTAKBANK-I,20161107,806.1,811.45,803,804.85,3401,6769600
KOTAKBANK-II,20161107,813,813.6,807.35,809.75,15,26400
KOTAKBANK-III,20161107,0,0,0,831.65,0,800
KPIT-I,20161107,133.55,136.45,133.05,133.7,267,4472000
KPIT-II,20161107,135.35,135.35,135.35,135.35,1,8000
KPIT-III,20161107,0,0,0,146.85,0,0
KSCL-I,20161107,403.35,407.3,398.1,403.05,580,2599500
KSCL-II,20161107,404.75,406.95,401.1,406.95,4,21000
KSCL-III,20161107,410.9,410.9,410.9,410.9,1,1500
KTKBANK-I,20161107,116.5,119.1,115.7,117.05,736,15804625
KTKBANK-II,20161107,116.95,119,116.6,118.3,18,612125
KTKBANK-III,20161107,116.9,117.6,116.9,117.6,2,59000
L&TFH-I,20161107,103.25,105.15,102.95,103.45,1956,32454000
L&TFH-II,20161107,104.45,105.5,103.65,103.85,17,432000
L&TFH-III,20161107,105.75,105.8,105.75,105.8,2,18000
LICHSGFIN-I,20161107,543.6,552.5,541.25,543.5,5780,10182700
LICHSGFIN-II,20161107,550,555.6,545.05,546.8,120,146300
LICHSGFIN-III,20161107,556.05,556.05,556.05,556.05,1,2200
LT-I,20161107,1435,1436.95,1398.1,1403.5,5859,7293500
LT-II,20161107,1440,1442,1408,1410.8,254,396500
LT-III,20161107,1427.05,1444.85,1417,1419.7,14,5000
LUPIN-I,20161107,1519,1539,1490.15,1520.45,19800,6390300
LUPIN-II,20161107,1538.8,1545,1501,1527.65,186,79500
LUPIN-III,20161107,1546.95,1546.95,1518.05,1527.95,4,2000
M&M-I,20161107,1382.75,1394.7,1374.55,1379.35,2579,6062000
M&M-II,20161107,1385,1395,1384,1385.6,18,35000
M&M-III,20161107,1400,1405.3,1400,1405.3,2,4500
M&MFIN-I,20161107,351.85,354.95,345.25,347.25,999,11670000
M&MFIN-II,20161107,351,354.4,350.15,350.15,9,57500
M&MFIN-III,20161107,0,0,0,371.05,0,0
MARICO-I,20161107,264.05,265.1,257.2,258.15,566,9310600
MARICO-II,20161107,263.7,266,260.3,260.3,11,210600
MARICO-III,20161107,0,0,0,283.2,0,0
MARUTI-I,20161107,5769.95,5789.85,5734.5,5741.2,5453,1680900
MARUTI-II,20161107,5819.05,5819.05,5767.85,5772.45,84,46650
MARUTI-III,20161107,5811.5,5820,5803,5804.2,22,4050
MCDOWELL-N-I,20161107,2090,2090,2016.05,2023.8,2381,3617750
MCDOWELL-N-II,20161107,2094.9,2094.9,2030,2035.1,14,34250
MCDOWELL-N-III,20161107,0,0,0,2309.6,0,0
MCLEODRUSS-I,20161107,161.95,163.25,160.85,161.55,227,5631000
MCLEODRUSS-II,20161107,162.5,162.75,162.5,162.65,5,81000
MCLEODRUSS-III,20161107,0,0,0,171.35,0,0
MINDTREE-I,20161107,432.65,432.65,419,427.9,470,3760800
MINDTREE-II,20161107,424.35,431.1,424.35,428.1,12,58400
MINDTREE-III,20161107,0,0,0,448.85,0,0
MOTHERSUMI-I,20161107,306,320.95,305.55,316.25,2493,10472500
MOTHERSUMI-II,20161107,315,322,312.65,318.3,45,115000
MOTHERSUMI-III,20161107,0,0,0,333.45,0,0
MRF-I,20161107,50499.95,51091,50499.95,50805.25,1108,38220
MRF-II,20161107,51200,51200,51150,51200,3,360
MRF-III,20161107,0,0,0,47176.6,0,0
NCC-I,20161107,86.05,87.8,85.05,86.25,1384,25296000
NCC-II,20161107,86.6,88,86,86.35,23,200000
NCC-III,20161107,0,0,0,88.2,0,8000
NHPC-I,20161107,26.6,26.6,26.2,26.3,89,18522000
NHPC-II,20161107,0,0,0,26.45,0,297000
NHPC-III,20161107,0,0,0,26.15,0,0
NIITTECH-I,20161107,406.15,412.9,403.15,407.05,176,955000
NIITTECH-II,20161107,0,0,0,399.5,0,2000
NIITTECH-III,20161107,0,0,0,415.65,0,0
NMDC-I,20161107,129.2,130.8,127,127.5,1569,15408000
NMDC-II,20161107,128.5,129.2,127.85,128,32,750000
NMDC-III,20161107,0,0,0,125.15,0,0
NTPC-I,20161107,154.55,156.85,153.6,155.5,1015,13324000
NTPC-II,20161107,156.6,157.1,156.05,156.2,38,116000
NTPC-III,20161107,0,0,0,156.65,0,20000
OFSS-I,20161107,3236.85,3236.85,3182.5,3201.9,77,229200
OFSS-II,20161107,0,0,0,3245.4,0,0
OFSS-III,20161107,0,0,0,3247.45,0,0
OIL-I,20161107,406.5,409,403.3,406.3,141,1297100
OIL-II,20161107,0,0,0,406.5,0,3400
OIL-III,20161107,0,0,0,419.3,0,0
ONGC-I,20161107,273.35,273.9,267.6,268.4,2255,20702500
ONGC-II,20161107,273,273.6,269.2,269.55,34,900000
ONGC-III,20161107,0,0,0,271.15,0,15000
ORIENTBANK-I,20161107,116.15,118.25,115.4,116.65,1760,14592000
ORIENTBANK-II,20161107,116.5,118.55,116.5,117.45,7,318000
ORIENTBANK-III,20161107,0,0,0,113.95,0,90000
PAGEIND-I,20161107,15767.45,16050,15731,15904.1,260,37850
PAGEIND-II,20161107,0,0,0,15305,0,50
PAGEIND-III,20161107,0,0,0,16651.25,0,0
PCJEWELLER-I,20161107,477.7,489.7,477.55,483.8,291,777000
PCJEWELLER-II,20161107,484,484,484,484,1,10500
PCJEWELLER-III,20161107,0,0,0,517.15,0,0
PETRONET-I,20161107,366.9,366.95,354.8,357.15,1708,6808500
PETRONET-II,20161107,361.6,363.3,356.7,358.75,33,37500
PETRONET-III,20161107,0,0,0,387,0,0
PFC-I,20161107,116.65,117.8,115.25,115.65,569,19806000
PFC-II,20161107,116.25,116.6,115.5,115.75,15,312000
PFC-III,20161107,0,0,0,126.4,0,0
PIDILITIND-I,20161107,701,707,692.7,694.5,422,2008000
PIDILITIND-II,20161107,702.65,702.65,697.15,698.05,8,30000
PIDILITIND-III,20161107,0,0,0,720.85,0,0
PNB-I,20161107,138.85,141.5,136.6,140.55,11981,42049000
PNB-II,20161107,138.95,141.65,137,140.95,229,1309000
PNB-III,20161107,0,0,0,130.2,0,14000
POWERGRID-I,20161107,174.35,174.8,174.15,174.55,469,17112000
POWERGRID-II,20161107,174.9,175.3,174.9,175.3,4,196000
POWERGRID-III,20161107,0,0,0,178.45,0,0
PTC-I,20161107,74.35,75.5,74.2,74.5,202,14464000
PTC-II,20161107,75,75,74.7,74.85,2,72000
PTC-III,20161107,0,0,0,74.35,0,0
RCOM-I,20161107,45,45.25,44.4,44.95,980,94460000
RCOM-II,20161107,44.7,45.5,44.7,45.2,50,1570000
RCOM-III,20161107,0,0,0,44.6,0,120000
RECLTD-I,20161107,125.8,128.5,125.8,126.3,1222,30372000
RECLTD-II,20161107,128.8,129.05,126.85,127.15,55,606000
RECLTD-III,20161107,0,0,0,137.15,0,6000
RELCAPITAL-I,20161107,505,514.35,503.65,508.05,5196,12172500
RELCAPITAL-II,20161107,510,516.85,507,511.95,52,75000
RELCAPITAL-III,20161107,0,0,0,512.5,0,3000
RELIANCE-I,20161107,1015,1019.55,1003.15,1005.5,9344,21691500
RELIANCE-II,20161107,1020,1027.3,1009.9,1010.95,225,418500
RELIANCE-III,20161107,1024,1024,1017,1017,6,13000
RELINFRA-I,20161107,505,509.75,499.55,501.25,4970,12277200
RELINFRA-II,20161107,511.75,512,503.7,504.2,65,105300
RELINFRA-III,20161107,0,0,0,552,0,1300
RPOWER-I,20161107,44.4,44.9,44.4,44.7,340,59988000
RPOWER-II,20161107,44.7,45.15,44.7,44.95,9,1668000
RPOWER-III,20161107,0,0,0,45.3,0,108000
SAIL-I,20161107,51,51.65,50.75,51.25,1667,63960000
SAIL-II,20161107,51.4,51.75,51.1,51.35,31,3132000
SAIL-III,20161107,51.75,51.75,51.75,51.75,1,96000
SBIN-I,20161107,248.7,254.8,246.5,253.6,12692,54957000
SBIN-II,20161107,248.6,255.8,247.6,254.65,271,1620000
SBIN-III,20161107,250,256.6,249.35,255.75,35,69000
SIEMENS-I,20161107,1125.1,1133.65,1107.1,1110.45,568,865500
SIEMENS-II,20161107,1118.45,1118.45,1108.15,1114.2,6,2000
SIEMENS-III,20161107,0,0,0,1195.25,0,0
SINTEX-I,20161107,83.9,85.4,83.25,83.55,888,38040375
SINTEX-II,20161107,84.5,85.75,83.75,84,48,370500
SINTEX-III,20161107,85.4,85.4,85.4,85.4,1,28500
SOUTHBANK-I,20161107,22.95,23.1,22.75,23.05,132,42600000
SOUTHBANK-II,20161107,23,23.1,23,23.1,2,690000
SOUTHBANK-III,20161107,0,0,0,23.9,0,0
SRF-I,20161107,1742.7,1742.7,1710.95,1721.45,459,505000
SRF-II,20161107,0,0,0,1666.55,0,3500
SRF-III,20161107,0,0,0,1839.9,0,0
SRTRANSFIN-I,20161107,1045.1,1064,1021,1034.05,1222,3255600
SRTRANSFIN-II,20161107,1035,1035,1035,1035,2,11400
SRTRANSFIN-III,20161107,0,0,0,1109.25,0,0
STAR-I,20161107,1084.6,1124.95,1065,1093.15,3323,1762500
STAR-II,20161107,1099.8,1116.05,1082,1090.1,17,17500
STAR-III,20161107,0,0,0,1041.45,0,500
SUNPHARMA-I,20161107,676.65,679,656.1,657.85,11682,30607800
SUNPHARMA-II,20161107,678,680,660.5,661.95,570,682200
SUNPHARMA-III,20161107,682.25,682.25,665.55,666.5,94,119700
SUNTV-I,20161107,528,533.95,522.65,528.7,2603,8640000
SUNTV-II,20161107,527.6,534.65,527.6,531.25,14,92000
SUNTV-III,20161107,0,0,0,543.75,0,0
SYNDIBANK-I,20161107,66.8,68,66.45,67.45,718,18216000
SYNDIBANK-II,20161107,67.05,68.3,67,68.3,5,378000
SYNDIBANK-III,20161107,0,0,0,74.55,0,9000
TATACHEM-I,20161107,519.85,523.9,510.45,512.05,1365,6693000
TATACHEM-II,20161107,520.9,525.6,515,515.05,16,42000
TATACHEM-III,20161107,0,0,0,548.65,0,0
TATACOMM-I,20161107,630.2,636.25,600.15,606.95,1840,5906600
TATACOMM-II,20161107,626,626,611.8,613.25,9,12600
TATACOMM-III,20161107,0,0,0,643.9,0,4200
TATAELXSI-I,20161107,1264,1269.95,1231.15,1235.5,694,1998300
TATAELXSI-II,20161107,1267.6,1267.6,1257.6,1258,7,14100
TATAELXSI-III,20161107,1250,1250,1250,1250,1,1200
TATAGLOBAL-I,20161107,129.35,130.7,127.75,128.3,1301,32391000
TATAGLOBAL-II,20161107,131.05,131.5,128.85,129.15,30,373500
TATAGLOBAL-III,20161107,0,0,0,140.05,0,0
TATAMOTORS-I,20161107,513.95,521.95,506.55,508,10351,29662500
TATAMOTORS-II,20161107,518,524.3,510,511.1,252,672000
TATAMOTORS-III,20161107,520,520.6,513.5,513,6,15000
TATAMTRDVR-I,20161107,338,341.9,327.8,328.9,1936,18631200
TATAMTRDVR-II,20161107,340.45,343.1,331.45,332,44,123900
TATAMTRDVR-III,20161107,0,0,0,344.45,0,0
TATAPOWER-I,20161107,76.7,76.7,75.2,75.6,529,23202000
TATAPOWER-II,20161107,76.15,76.6,76.05,76.05,5,261000
TATAPOWER-III,20161107,0,0,0,78.3,0,9000
TATASTEEL-I,20161107,407.15,415.8,407.15,412.65,8996,19346000
TATASTEEL-II,20161107,411.6,417,410,414.45,150,356000
TATASTEEL-III,20161107,420.65,420.65,417.65,419.7,5,58000
TCS-I,20161107,2350.05,2350.05,2270,2286.45,6650,4811000
TCS-II,20161107,2347,2347,2286,2301.05,85,59750
TCS-III,20161107,2353.1,2353.1,2296,2302.05,15,6750
TECHM-I,20161107,436.05,450,431.5,446.1,4489,9824100
TECHM-II,20161107,435.35,451.2,435.35,447.55,34,89100
TECHM-III,20161107,0,0,0,421,0,0
TITAN-I,20161107,372.8,385,369.95,371.9,2831,11386500
TITAN-II,20161107,380.8,382.55,373,374.25,41,42000
TITAN-III,20161107,0,0,0,375.35,0,0
TORNTPHARM-I,20161107,1307.15,1343.45,1295.65,1333.1,762,432400
TORNTPHARM-II,20161107,1334.85,1340,1331.2,1340,6,4800
TORNTPHARM-III,20161107,1342.4,1342.4,1342.4,1342.4,1,2800
TORNTPOWER-I,20161107,179.65,180.3,177.55,179.35,123,2235000
TORNTPOWER-II,20161107,180.95,180.95,180.95,180.95,2,18000
TORNTPOWER-III,20161107,0,0,0,181.55,0,3000
TV18BRDCST-I,20161107,41.9,42.45,41.75,41.9,709,81481000
TV18BRDCST-II,20161107,42.1,42.15,42.1,42.15,2,493000
TV18BRDCST-III,20161107,0,0,0,41.55,0,68000
TVSMOTOR-I,20161107,397.15,399.4,390.05,390.8,1210,5512000
TVSMOTOR-II,20161107,399.6,399.65,391.2,391.5,25,214000
TVSMOTOR-III,20161107,394,394,394,394,1,8000
UBL-I,20161107,870,914.75,869.4,895.35,1260,1539300
UBL-II,20161107,899.25,900,897.1,897.1,7,11200
UBL-III,20161107,0,0,0,885.95,0,0
ULTRACEMCO-I,20161107,3888.05,3947.45,3875.9,3910.5,1464,892200
ULTRACEMCO-II,20161107,3920,3946.05,3918.8,3925.1,14,7600
ULTRACEMCO-III,20161107,0,0,0,4007.25,0,0
UNIONBANK-I,20161107,136.05,136.85,131.25,133.3,4748,14004000
UNIONBANK-II,20161107,136,137,132.2,133.45,104,432000
UNIONBANK-III,20161107,134.15,135,134,135,5,20000
UPL-I,20161107,680,686.45,665.7,668.35,1841,6037200
UPL-II,20161107,684.15,684.15,675.6,675.6,13,42000
UPL-III,20161107,0,0,0,718.3,0,0
VEDL-I,20161107,217.05,220.3,214.65,216.4,8653,46674000
VEDL-II,20161107,218,220.05,215.4,217.15,78,846000
VEDL-III,20161107,216.3,218.5,216.3,218.5,3,28000
VOLTAS-I,20161107,364.7,367.6,358.25,360.55,1488,3728000
VOLTAS-II,20161107,366.35,367,363,363.2,7,54000
VOLTAS-III,20161107,0,0,0,387.5,0,0
WIPRO-I,20161107,456.1,456.35,450.25,451.95,1655,6911000
WIPRO-II,20161107,460.4,480,452.7,454.25,24,80000
WIPRO-III,20161107,452.8,452.8,452.8,452.8,2,19200
WOCKPHARMA-I,20161107,801.05,819.7,801.05,809.45,1301,3680400
WOCKPHARMA-II,20161107,814,820,812.75,814.3,13,42600
WOCKPHARMA-III,20161107,0,0,0,867.45,0,0
YESBANK-I,20161107,1212.8,1234.5,1207,1209.95,6959,8558200
YESBANK-II,20161107,1228.7,1240,1214,1216.45,174,231700
YESBANK-III,20161107,1237.95,1244.1,1225.5,1225.7,15,16100
ZEEL-I,20161107,510.05,516.2,505,507.8,1957,9443200
ZEEL-II,20161107,512,517.5,509.5,511.2,28,40300
ZEEL-III,20161107,514.85,520,514.85,515,3,1300
