BANKNIFTY-I,20170302,20925.35,20957.9,20581.45,20631.25,105646,2506320
BANKNIFTY-II,20170302,21013.6,21013.6,20650,20691.45,1411,74880
BANKNIFTY-III,20170302,20952.8,21019.95,20700.1,20713.6,61,22360
DJIA-I,20170302,21042.5,21080,21040,21045,354,60510
DJIA-II,20170302,21020,21020,21000,21005,5,510
DJIA-III,20170302,0,0,0,20955,0,0
DJIA-IIII,20170302,0,0,0,19047.5,0,0
DJIA-IIIII,20170302,0,0,0,19507.5,0,0
DJIA-IIIIII,20170302,0,0,0,21150,0,0
FTSE100-I,20170302,0,0,0,6728,0,0
FTSE100-II,20170302,0,0,0,7326,0,0
FTSE100-III,20170302,0,0,0,7396,0,0
FTSE100-IIII,20170302,0,0,0,6411,0,0
FTSE100-IIIII,20170302,0,0,0,7152,0,0
FTSE100-IIIIII,20170302,0,0,0,7457,0,0
NIFTY-I,20170302,9001,9018.3,8898.25,8917.2,146853,22121775
NIFTY-II,20170302,9042,9045,8927.55,8950.95,5250,1170075
NIFTY-III,20170302,9061,9071,8955,8975.25,868,232875
NIFTYCPSE-I,20170302,2566.95,2566.95,2535,2535,12,7000
NIFTYCPSE-II,20170302,0,0,0,2609.6,0,0
NIFTYCPSE-III,20170302,0,0,0,2631.5,0,0
NIFTYINFRA-I,20170302,0,0,0,2732.1,0,0
NIFTYINFRA-II,20170302,0,0,0,2940.9,0,0
NIFTYINFRA-III,20170302,0,0,0,3061.4,0,0
NIFTYIT-I,20170302,10800,10845,10745,10769,285,37300
NIFTYIT-II,20170302,0,0,0,10335,0,0
NIFTYIT-III,20170302,0,0,0,10861,0,0
NIFTYMID50-I,20170302,0,0,0,3701.15,0,0
NIFTYMID50-II,20170302,0,0,0,3981.7,0,0
NIFTYMID50-III,20170302,0,0,0,4216.95,0,0
NIFTYPSE-I,20170302,0,0,0,3725.85,0,0
NIFTYPSE-II,20170302,0,0,0,4144.1,0,0
NIFTYPSE-III,20170302,0,0,0,4166.25,0,0
S&P500-I,20170302,2385.25,2389.5,2385.25,2386.25,139,626250
S&P500-II,20170302,0,0,0,2300.75,0,0
S&P500-III,20170302,0,0,0,2385.25,0,0
S&P500-IIII,20170302,0,0,0,2232,0,0
S&P500-IIIII,20170302,0,0,0,2300,0,0
S&P500-IIIIII,20170302,0,0,0,2410,0,0
ABIRLANUVO-I,20170302,1475.4,1478.9,1440.45,1446.05,2212,2460000
ABIRLANUVO-II,20170302,1452.35,1452.35,1452.35,1452.35,1,3600
ABIRLANUVO-III,20170302,0,0,0,1519.7,0,0
ACC-I,20170302,1415.35,1437.9,1404.8,1410.2,3222,1531200
ACC-II,20170302,1437,1442.9,1412,1416.85,59,15600
ACC-III,20170302,0,0,0,1461.05,0,0
ADANIENT-I,20170302,100.85,100.85,93.25,93.8,2221,20880000
ADANIENT-II,20170302,99.6,100.25,94.15,94.4,15,88000
ADANIENT-III,20170302,0,0,0,98.15,0,0
ADANIPORTS-I,20170302,304.45,306.25,292.7,294.6,3557,12605000
ADANIPORTS-II,20170302,305.6,307.45,294.85,296.05,47,115000
ADANIPORTS-III,20170302,0,0,0,302,0,0
ADANIPOWER-I,20170302,38.95,39.05,36.75,36.9,1069,127860000
ADANIPOWER-II,20170302,39,39.15,37,37,13,940000
ADANIPOWER-III,20170302,0,0,0,38.95,0,0
AJANTPHARM-I,20170302,1725.95,1739.9,1702.15,1711.1,363,501200
AJANTPHARM-II,20170302,1710.05,1710.05,1710.05,1710.05,2,800
AJANTPHARM-III,20170302,0,0,0,1733.55,0,0
ALBK-I,20170302,73.95,74.5,70.05,70.4,1553,15820000
ALBK-II,20170302,72.9,72.9,70.4,70.45,14,300000
ALBK-III,20170302,0,0,0,75.05,0,0
AMARAJABAT-I,20170302,859.7,865,846.1,847.85,900,1589400
AMARAJABAT-II,20170302,865,865,849,849.7,12,9000
AMARAJABAT-III,20170302,0,0,0,859.2,0,0
AMBUJACEM-I,20170302,230,233.8,227.85,228.75,2381,11732500
AMBUJACEM-II,20170302,232.4,234,229.4,229.45,19,60000
AMBUJACEM-III,20170302,0,0,0,235.7,0,0
ANDHRABANK-I,20170302,56.8,57.05,54.4,54.6,838,18470000
ANDHRABANK-II,20170302,57.15,57.25,55,55,11,140000
ANDHRABANK-III,20170302,57.55,57.55,55.55,55.55,3,30000
APOLLOHOSP-I,20170302,1336,1339,1312.15,1318.25,467,751200
APOLLOHOSP-II,20170302,0,0,0,1242.25,0,0
APOLLOHOSP-III,20170302,0,0,0,1344.7,0,0
APOLLOTYRE-I,20170302,188.15,188.35,181.2,181.8,2461,15900000
APOLLOTYRE-II,20170302,187.1,188.5,182.25,182.6,42,108000
APOLLOTYRE-III,20170302,0,0,0,187.4,0,0
ARVIND-I,20170302,383.85,395.4,381.7,383.45,8213,6732000
ARVIND-II,20170302,384,396.7,384,385,57,34000
ARVIND-III,20170302,390,390,390,390,1,4000
ASHOKLEY-I,20170302,90,90.6,87.2,87.65,3028,66150000
ASHOKLEY-II,20170302,90.25,91,87.85,88.1,74,840000
ASHOKLEY-III,20170302,90.1,90.1,88.5,88.75,7,98000
ASIANPAINT-I,20170302,1038.3,1046.8,1028.65,1031.2,3359,4562400
ASIANPAINT-II,20170302,1043.55,1049.4,1033.5,1034.6,55,54000
ASIANPAINT-III,20170302,1050.4,1050.4,1050.4,1050.4,2,1200
AUROPHARMA-I,20170302,685.2,686.5,668,669.7,5353,13752900
AUROPHARMA-II,20170302,688.25,688.25,671.7,672.9,106,102200
AUROPHARMA-III,20170302,0,0,0,689.8,0,700
AXISBANK-I,20170302,517.65,520.9,505,507.55,9713,25450800
AXISBANK-II,20170302,522,522.4,507.3,509.75,113,292800
AXISBANK-III,20170302,513,513,513,513,1,1200
BAJAJ-AUTO-I,20170302,2805.65,2848.9,2799.85,2833.1,4856,1206750
BAJAJ-AUTO-II,20170302,2837,2850,2835,2842.65,7,7000
BAJAJ-AUTO-III,20170302,0,0,0,2859,0,0
BAJFINANCE-I,20170302,1081.95,1095,1025.3,1050.85,10956,4246500
BAJFINANCE-II,20170302,1092.8,1094,1041,1056,102,28500
BAJFINANCE-III,20170302,1100,1100,1053.05,1064.55,221,16000
BANKBARODA-I,20170302,166.9,168.1,161.85,162.35,6935,43323000
BANKBARODA-II,20170302,167.6,168.25,162.6,163.25,82,367500
BANKBARODA-III,20170302,165,165,163.5,163.75,3,7000
BANKINDIA-I,20170302,128,130.9,125.25,125.95,2697,22122000
BANKINDIA-II,20170302,129.05,130.7,125.2,125.85,42,630000
BANKINDIA-III,20170302,0,0,0,125.5,0,6000
BATAINDIA-I,20170302,508.7,512.65,494,495.75,1368,2992000
BATAINDIA-II,20170302,513.5,513.5,494.3,495.4,15,13200
BATAINDIA-III,20170302,0,0,0,504.9,0,0
BEL-I,20170302,1531.55,1538,1505.5,1510,2424,3542400
BEL-II,20170302,1532,1544.05,1520.25,1520.25,27,22950
BEL-III,20170302,0,0,0,1529.45,0,0
BEML-I,20170302,1343,1351.65,1299.2,1303.9,2153,1980600
BEML-II,20170302,1349.95,1350,1302.95,1304.15,29,10800
BEML-III,20170302,0,0,0,1343.25,0,0
BHARATFIN-I,20170302,828.65,834.5,761.95,799.6,30500,12769000
BHARATFIN-II,20170302,822.35,837.95,765.75,803.85,302,120000
BHARATFIN-III,20170302,0,0,0,884.3,0,0
BHARATFORG-I,20170302,1061.4,1080.9,1041.25,1045.5,5151,3187800
BHARATFORG-II,20170302,1065.7,1083,1047.05,1048.45,41,10800
BHARATFORG-III,20170302,0,0,0,1088.6,0,0
BHARTIARTL-I,20170302,363.95,365.85,352.5,357.1,5926,38285700
BHARTIARTL-II,20170302,363.55,364.95,352.3,357.45,93,358700
BHARTIARTL-III,20170302,0,0,0,372.1,0,0
BHEL-I,20170302,162.7,165,157.9,158.75,5858,25010000
BHEL-II,20170302,164.5,165.5,158.75,159.1,70,440000
BHEL-III,20170302,162.5,162.5,162.5,162.5,1,10000
BIOCON-I,20170302,1121.05,1125.7,1029.3,1035.55,8989,3071400
BIOCON-II,20170302,1120,1122.05,1034.95,1042.15,150,72000
BIOCON-III,20170302,1124,1124,1050.45,1051.3,13,88800
BOSCHLTD-I,20170302,21700,21848.9,21569.2,21712.2,649,86550
BOSCHLTD-II,20170302,21770.5,21770.5,21770.5,21770.5,1,350
BOSCHLTD-III,20170302,0,0,0,22341.5,0,0
BPCL-I,20170302,667.2,669.35,635.2,639.45,8183,14853600
BPCL-II,20170302,668.05,671.15,639,641.75,117,92400
BPCL-III,20170302,657,657,657,657,1,1200
BRITANNIA-I,20170302,3214.15,3237,3122.75,3134.3,1337,1239600
BRITANNIA-II,20170302,3249.95,3250,3161,3161,15,1600
BRITANNIA-III,20170302,0,0,0,3278.45,0,0
CADILAHC-I,20170302,441.95,443.4,409.8,431.1,4289,3672000
CADILAHC-II,20170302,433.6,442.5,413,442.5,15,17600
CADILAHC-III,20170302,0,0,0,437.6,0,0
CAIRN-I,20170302,294.4,301.6,294.4,296.45,3969,26428500
CAIRN-II,20170302,299.95,302.45,296.5,297.45,34,49000
CAIRN-III,20170302,0,0,0,290.85,0,0
CANBK-I,20170302,292,297,286.55,287.35,4836,14229576
CANBK-II,20170302,292,294.15,283.9,284.15,79,379332
CANBK-III,20170302,293,293,287.25,287.25,3,30840
CASTROLIND-I,20170302,412.45,414.9,402.2,403.95,1198,9737000
CASTROLIND-II,20170302,406.05,406.05,404.55,405,3,33600
CASTROLIND-III,20170302,0,0,0,414.65,0,4200
CEATLTD-I,20170302,1190.5,1191.55,1151,1155.25,3192,1995700
CEATLTD-II,20170302,1190,1190,1154.15,1155.6,20,7000
CEATLTD-III,20170302,0,0,0,1175.05,0,0
CENTURYTEX-I,20170302,955.4,964.9,919,922.95,5526,8204900
CENTURYTEX-II,20170302,957.45,957.45,925,927.05,30,19800
CENTURYTEX-III,20170302,0,0,0,961.1,0,0
CESC-I,20170302,839.1,840.8,811.25,815.3,1417,3412200
CESC-II,20170302,830,830,823,823,3,7700
CESC-III,20170302,0,0,0,869.75,0,0
CIPLA-I,20170302,593.05,593.65,588.55,589.95,1908,6906000
CIPLA-II,20170302,593.4,594.8,592.05,592.5,6,43000
CIPLA-III,20170302,0,0,0,601.85,0,0
COALINDIA-I,20170302,306.85,310.9,302.75,303.7,4716,12398100
COALINDIA-II,20170302,309.65,311.75,304.75,305.05,57,170000
COALINDIA-III,20170302,312.05,312.05,312,312,2,3400
COLPAL-I,20170302,901.75,910.6,892.2,893.9,1062,1577100
COLPAL-II,20170302,901.65,901.65,894,895.6,8,8400
COLPAL-III,20170302,0,0,0,907.45,0,0
CONCOR-I,20170302,1231.15,1238.75,1215,1224.05,728,1334000
CONCOR-II,20170302,1230,1233,1221.75,1221.8,8,4000
CONCOR-III,20170302,0,0,0,1205.45,0,0
CROMPGREAV-I,20170302,69.8,70.2,67.5,67.8,784,20796000
CROMPGREAV-II,20170302,69.5,69.5,68,68.1,6,144000
CROMPGREAV-III,20170302,69.5,69.5,69.5,69.5,1,12000
CUMMINSIND-I,20170302,889.65,892.05,872.3,876.65,221,697200
CUMMINSIND-II,20170302,0,0,0,852,1,600
CUMMINSIND-III,20170302,0,0,0,896.35,0,0
DABUR-I,20170302,278.45,279.8,275.65,276.7,880,11755000
DABUR-II,20170302,280.85,281.3,276.05,276.75,10,15000
DABUR-III,20170302,0,0,0,273.85,0,0
DCBBANK-I,20170302,155.7,159.65,152.25,153.3,1490,4207500
DCBBANK-II,20170302,158.35,159.6,155.1,155.1,8,67500
DCBBANK-III,20170302,0,0,0,155.75,0,0
DHFL-I,20170302,335.9,341,324.1,326.15,5673,18408000
DHFL-II,20170302,338.2,339.7,327,327,21,129000
DHFL-III,20170302,338.1,340,333.65,333.65,8,21000
DISHTV-I,20170302,93.05,96.8,93,94.65,1574,24010000
DISHTV-II,20170302,93.9,97.1,93.9,96.2,24,70000
DISHTV-III,20170302,0,0,0,94.85,0,0
DIVISLAB-I,20170302,768.5,776.8,750,752.9,4112,5455200
DIVISLAB-II,20170302,771.05,774.9,755,757.15,32,38400
DIVISLAB-III,20170302,0,0,0,761.5,0,0
DLF-I,20170302,155,155.7,139.7,141.6,16779,35200000
DLF-II,20170302,156.1,156.1,140.7,142.35,234,515000
DLF-III,20170302,141.75,142,141.75,142,2,5000
DRREDDY-I,20170302,2920,2922.7,2875,2879.45,5201,2832400
DRREDDY-II,20170302,2907,2927,2890.5,2895.25,67,19800
DRREDDY-III,20170302,2937.95,2937.95,2937.95,2937.95,1,400
EICHERMOT-I,20170302,23710,24078.55,23445.2,23541.45,3022,198025
EICHERMOT-II,20170302,24294.05,24294.05,23600,23659.7,58,8200
EICHERMOT-III,20170302,0,0,0,24240,0,10100
ENGINERSIN-I,20170302,150.45,151.75,147.1,147.6,987,21259000
ENGINERSIN-II,20170302,151.25,152.05,148,148.5,15,238000
ENGINERSIN-III,20170302,0,0,0,149.9,0,0
EXIDEIND-I,20170302,214.5,216.9,212.65,213.75,1852,16660000
EXIDEIND-II,20170302,216.05,217.75,213.55,213.55,11,44000
EXIDEIND-III,20170302,0,0,0,215.95,0,0
FEDERALBNK-I,20170302,88.1,89.8,84.7,85.15,5834,65571000
FEDERALBNK-II,20170302,88.65,90.1,85.1,85.55,85,462000
FEDERALBNK-III,20170302,0,0,0,85.45,0,0
GAIL-I,20170302,507.15,507.15,496.4,497.8,3594,14749500
GAIL-II,20170302,508,508,497.45,497.8,59,127500
GAIL-III,20170302,0,0,0,525.8,0,0
GLENMARK-I,20170302,936.8,947.55,906.05,908.75,1432,2531200
GLENMARK-II,20170302,941.9,941.9,931.05,931.05,4,3500
GLENMARK-III,20170302,0,0,0,948.35,0,0
GMRINFRA-I,20170302,16,17.4,15.8,15.95,3694,189900000
GMRINFRA-II,20170302,16.15,17.2,15.95,15.95,36,3285000
GMRINFRA-III,20170302,16.6,16.6,16.2,16.2,2,90000
GODREJCP-I,20170302,1680.55,1680.55,1604.95,1616.5,816,490800
GODREJCP-II,20170302,0,0,0,1566.75,0,0
GODREJCP-III,20170302,0,0,0,1693.9,0,0
GODREJIND-I,20170302,503.9,506.05,481,483.05,906,1095000
GODREJIND-II,20170302,492.5,492.5,485,485.05,4,7500
GODREJIND-III,20170302,0,0,0,512.9,0,0
GRANULES-I,20170302,134.85,135.95,127.7,128.45,921,14505000
GRANULES-II,20170302,134.35,134.35,130,130,7,95000
GRANULES-III,20170302,0,0,0,130.65,0,0
GRASIM-I,20170302,1007.05,1015,992,995.8,3280,6549000
GRASIM-II,20170302,1009,1009,997,999.6,4,15000
GRASIM-III,20170302,0,0,0,1041.25,0,0
HAVELLS-I,20170302,414.75,430.9,414,421.3,4389,4910000
HAVELLS-II,20170302,421.4,430.3,421.25,421.25,17,32000
HAVELLS-III,20170302,0,0,0,415.75,0,0
HCLTECH-I,20170302,853.65,857.85,844.75,847.65,1995,6521200
HCLTECH-II,20170302,855.9,860.15,855.9,860.15,4,30100
HCLTECH-III,20170302,0,0,0,856.3,0,0
HDFC-I,20170302,1404.05,1413.9,1394.1,1399.75,5369,11197500
HDFC-II,20170302,1417.6,1417.75,1400.2,1405.05,78,50000
HDFC-III,20170302,1415,1415,1415,1415,1,500
HDFCBANK-I,20170302,1396.3,1398,1381.5,1385,8019,32082000
HDFCBANK-II,20170302,1394.2,1398.2,1384.65,1386.5,100,567000
HDFCBANK-III,20170302,0,0,0,1416.55,0,0
HDIL-I,20170302,70.5,71.4,67.35,67.95,3930,29456000
HDIL-II,20170302,70.35,70.7,67.75,68.1,27,432000
HDIL-III,20170302,71,71,70,70,3,24000
HEROMOTOCO-I,20170302,3176.7,3234.4,3170.25,3196.25,5391,1371200
HEROMOTOCO-II,20170302,3202.55,3230,3188,3202.4,34,8800
HEROMOTOCO-III,20170302,0,0,0,3215,0,200
HEXAWARE-I,20170302,227.95,228,218.05,218.95,1237,4131000
HEXAWARE-II,20170302,224.85,226,219.15,219.7,7,54000
HEXAWARE-III,20170302,0,0,0,224.6,0,0
HINDALCO-I,20170302,191.15,196.5,189.3,190.75,21581,49833000
HINDALCO-II,20170302,193.15,197.3,190.3,191.6,110,378000
HINDALCO-III,20170302,196.45,196.75,191.6,192.95,14,24500
HINDPETRO-I,20170302,525.9,529.9,508.15,511.05,6981,20256600
HINDPETRO-II,20170302,525.9,530.6,509.2,511.8,94,394800
HINDPETRO-III,20170302,520,520,510.4,510.4,6,10500
HINDUNILVR-I,20170302,880,884.95,875.3,879.35,3664,7089000
HINDUNILVR-II,20170302,885.5,886,880.85,882.5,19,25800
HINDUNILVR-III,20170302,0,0,0,871.95,0,0
HINDZINC-I,20170302,314.3,314.65,305.1,307,1594,6908800
HINDZINC-II,20170302,310.05,310.05,305.6,306.75,27,112000
HINDZINC-III,20170302,0,0,0,306.85,0,0
IBREALEST-I,20170302,85.35,85.4,78.8,79.4,1452,32950000
IBREALEST-II,20170302,81.7,81.7,80.55,80.55,7,230000
IBREALEST-III,20170302,0,0,0,78.8,0,0
IBULHSGFIN-I,20170302,876.9,878,850.35,853.8,2815,13682400
IBULHSGFIN-II,20170302,873,883.1,855,857.35,109,69600
IBULHSGFIN-III,20170302,0,0,0,878.3,0,0
ICICIBANK-I,20170302,283.3,285.4,277.7,279.2,16591,64740000
ICICIBANK-II,20170302,283.95,286.55,279.15,280.9,199,445000
ICICIBANK-III,20170302,286.8,287,285.85,285.85,7,17500
ICIL-I,20170302,163.7,164,158.95,159.8,314,4028500
ICIL-II,20170302,163.45,163.45,158.8,160.85,3,63000
ICIL-III,20170302,0,0,0,162.1,0,0
IDBI-I,20170302,80.5,81.1,77,77.45,1589,27256000
IDBI-II,20170302,80.85,80.9,77.15,77.65,45,512000
IDBI-III,20170302,0,0,0,82.95,0,0
IDEA-I,20170302,113.6,114.55,108.65,110.1,7841,87178000
IDEA-II,20170302,114.1,114.3,109,110.25,141,1631000
IDEA-III,20170302,0,0,0,114.75,0,7000
IDFC-I,20170302,54.2,54.2,51.15,51.6,1027,87159600
IDFC-II,20170302,54.1,54.3,51.8,52,19,356400
IDFC-III,20170302,0,0,0,53.7,0,0
IDFCBANK-I,20170302,62.8,62.8,60.25,60.45,1513,59336000
IDFCBANK-II,20170302,63,63,60.7,60.8,42,616000
IDFCBANK-III,20170302,0,0,0,63.75,0,8000
IFCI-I,20170302,29.2,29.7,28.55,28.7,1368,60170000
IFCI-II,20170302,29.75,29.75,28.85,28.85,12,1188000
IFCI-III,20170302,30.1,30.1,30.1,30.1,1,22000
IGL-I,20170302,1057.35,1057.95,1033.7,1035.8,1218,1516900
IGL-II,20170302,1042,1042,1038.2,1038.2,2,15400
IGL-III,20170302,0,0,0,1051.6,0,0
INDIACEM-I,20170302,169.7,171.9,160.45,161.85,4817,20352500
INDIACEM-II,20170302,170.45,172.75,161.85,162.4,51,119000
INDIACEM-III,20170302,169,169,169,169,1,3500
INDUSINDBK-I,20170302,1336.75,1340.15,1311,1313.8,3210,5749800
INDUSINDBK-II,20170302,1344,1344.8,1317.4,1319.15,57,49200
INDUSINDBK-III,20170302,0,0,0,1362.15,0,0
INFRATEL-I,20170302,293.75,295,289.55,291,2604,10920000
INFRATEL-II,20170302,293.95,294,292.5,294,19,123200
INFRATEL-III,20170302,293,293,293,293,1,4800
INFY-I,20170302,1027.65,1031.25,1021.2,1025.4,5945,22114000
INFY-II,20170302,1031.55,1035,1025.6,1028.15,133,107500
INFY-III,20170302,1030.15,1037.3,1030.1,1037.3,3,2500
IOC-I,20170302,386.45,388.7,375.9,377.2,2517,15003000
IOC-II,20170302,389.8,389.8,377.9,378.45,26,330000
IOC-III,20170302,382,382,382,382,1,3000
IRB-I,20170302,241,245,228.2,230.45,4255,11407500
IRB-II,20170302,243.65,244.5,230.2,231.4,39,70000
IRB-III,20170302,0,0,0,234.75,0,0
ITC-I,20170302,270.5,271.9,265,266.05,5025,50107200
ITC-II,20170302,272.05,272.05,266.5,267.1,65,415200
ITC-III,20170302,0,0,0,269.9,0,0
JETAIRWAYS-I,20170302,445.8,448.5,418.1,421.95,4735,5027000
JETAIRWAYS-II,20170302,442.7,442.7,419,423.3,42,67000
JETAIRWAYS-III,20170302,430,430,425.7,425.7,3,7000
JINDALSTEL-I,20170302,127.25,128.75,124.35,125.65,1113,44100000
JINDALSTEL-II,20170302,127,127.7,126.1,126.25,12,1179000
JINDALSTEL-III,20170302,0,0,0,129.05,0,27000
JISLJALEQS-I,20170302,94.95,95.8,92.25,92.65,966,38565000
JISLJALEQS-II,20170302,96.15,96.2,93,93.05,6,198000
JISLJALEQS-III,20170302,0,0,0,95.1,0,0
JPASSOCIAT-I,20170302,16.3,16.35,14.75,15,658,155380000
JPASSOCIAT-II,20170302,15.85,15.85,15.15,15.1,18,6256000
JPASSOCIAT-III,20170302,0,0,0,15,0,0
JSWENERGY-I,20170302,65.45,65.85,62.35,62.65,1493,45760000
JSWENERGY-II,20170302,65.9,65.9,62.8,62.9,41,264000
JSWENERGY-III,20170302,0,0,0,63.7,0,0
JSWSTEEL-I,20170302,191.7,191.95,182.55,183.95,5636,42198000
JSWSTEEL-II,20170302,192,192,184.2,185.15,101,516000
JSWSTEEL-III,20170302,0,0,0,189.95,0,0
JUBLFOOD-I,20170302,1019.95,1083,1015,1035.55,13001,2220000
JUBLFOOD-II,20170302,1023.9,1080.85,1023.9,1037.75,103,26500
JUBLFOOD-III,20170302,0,0,0,1022.05,0,0
JUSTDIAL-I,20170302,530.25,541.85,514,520.05,2339,2450400
JUSTDIAL-II,20170302,528.85,530,508,510.7,27,80400
JUSTDIAL-III,20170302,0,0,0,543.15,0,0
KOTAKBANK-I,20170302,827.15,830.4,814.1,817,5103,9536000
KOTAKBANK-II,20170302,829.65,832.95,818.4,820.4,46,87200
KOTAKBANK-III,20170302,0,0,0,823.9,0,0
KPIT-I,20170302,140.45,140.5,134.8,135.3,306,4460000
KPIT-II,20170302,0,0,0,136.6,0,0
KPIT-III,20170302,0,0,0,140.35,0,0
KSCL-I,20170302,502.45,507.9,484,490.95,1836,3190500
KSCL-II,20170302,490.05,490.05,490,490,3,6000
KSCL-III,20170302,0,0,0,461.85,0,0
KTKBANK-I,20170302,140,144,137.5,138.6,6704,32361500
KTKBANK-II,20170302,140.25,144.45,138.5,139.15,82,405625
KTKBANK-III,20170302,139.7,139.7,139.6,139.65,3,44250
L&TFH-I,20170302,117.3,118.85,113.15,114.05,2378,17730000
L&TFH-II,20170302,117.8,118.4,113.9,114.1,25,180000
L&TFH-III,20170302,0,0,0,118.2,0,0
LICHSGFIN-I,20170302,565.1,570.6,552.75,555,4363,8998000
LICHSGFIN-II,20170302,569.85,572.55,556.75,557.3,51,55000
LICHSGFIN-III,20170302,565.25,565.25,565.2,565.25,3,3300
LT-I,20170302,1488.75,1499.6,1475,1478.6,6681,8049500
LT-II,20170302,1494.2,1506,1481.45,1484.55,156,103000
LT-III,20170302,1511.95,1512,1490,1490.05,6,1000
LUPIN-I,20170302,1484.95,1492.75,1458,1463.85,5292,6970000
LUPIN-II,20170302,1487.7,1498.05,1467.3,1469.35,78,40000
LUPIN-III,20170302,0,0,0,1473.15,0,0
M&M-I,20170302,1361.75,1364,1316.05,1327.05,4721,3313500
M&M-II,20170302,1364.4,1366.05,1326.95,1330.05,24,19500
M&M-III,20170302,0,0,0,1325.65,0,0
M&MFIN-I,20170302,297.7,299.5,285.7,286.95,2960,13425000
M&MFIN-II,20170302,299.8,300,289,289,20,85000
M&MFIN-III,20170302,298,298,297,297,2,5000
MARICO-I,20170302,279.05,283.5,279.05,280.45,724,4721600
MARICO-II,20170302,281.3,281.3,281.15,281.15,2,2600
MARICO-III,20170302,0,0,0,273.2,0,0
MARUTI-I,20170302,5980.6,6019.9,5930.15,5944.5,6635,2593950
MARUTI-II,20170302,6001,6048.1,5955,5964.4,92,23100
MARUTI-III,20170302,6000,6000,6000,6000,2,600
MCDOWELL-N-I,20170302,2353.95,2391.9,2307,2317.8,4111,2894250
MCDOWELL-N-II,20170302,2378.5,2395,2321,2326,58,11250
MCDOWELL-N-III,20170302,0,0,0,2368.55,0,0
MINDTREE-I,20170302,478.3,478.3,461.1,462.1,731,3012000
MINDTREE-II,20170302,0,0,0,474,0,6000
MINDTREE-III,20170302,0,0,0,477.4,0,0
MOTHERSUMI-I,20170302,365.7,368.6,352.5,353.6,4167,8877500
MOTHERSUMI-II,20170302,368.05,369.25,355,355.35,30,42500
MOTHERSUMI-III,20170302,0,0,0,354.9,0,0
MRF-I,20170302,53443.9,53500.1,52000,52102.15,1655,53730
MRF-II,20170302,53400.05,53400.05,52750,52825.1,17,210
MRF-III,20170302,0,0,0,52320.05,0,0
NCC-I,20170302,84.2,84.35,80.7,81.25,890,28784000
NCC-II,20170302,84.1,84.1,81.55,81.55,5,112000
NCC-III,20170302,0,0,0,82.9,0,0
NHPC-I,20170302,30.8,30.9,29.95,30.05,602,27270000
NHPC-II,20170302,31,31,30.15,30.15,5,945000
NHPC-III,20170302,30.95,30.95,30.9,30.9,2,81000
NIITTECH-I,20170302,419.6,422.6,408.5,409.95,221,888000
NIITTECH-II,20170302,411,411,411,411,1,3000
NIITTECH-III,20170302,0,0,0,429.65,0,0
NMDC-I,20170302,149.7,150.9,142.85,143.9,2062,17010000
NMDC-II,20170302,149.9,150.2,143.4,144.05,25,144000
NMDC-III,20170302,0,0,0,144.3,0,0
NTPC-I,20170302,161.65,161.85,156.25,156.9,3716,31168000
NTPC-II,20170302,161.3,161.3,157.1,157.65,102,432000
NTPC-III,20170302,0,0,0,168.15,0,0
OFSS-I,20170302,3751.1,3752.95,3641,3667.4,251,247050
OFSS-II,20170302,0,0,0,3733.3,2,900
OFSS-III,20170302,0,0,0,3761.45,0,0
OIL-I,20170302,335.85,337.55,329.95,331.35,408,2041666
OIL-II,20170302,337,337,334.5,334.5,11,27192
OIL-III,20170302,0,0,0,332.15,0,0
ONGC-I,20170302,195.2,195.8,193.35,193.9,3842,41407500
ONGC-II,20170302,196.3,196.6,194.3,194.7,48,862500
ONGC-III,20170302,196.85,196.85,195.25,195.25,3,18750
ORIENTBANK-I,20170302,128.55,128.9,121.8,122.4,2235,14286000
ORIENTBANK-II,20170302,129.15,129.2,122.4,122.75,43,390000
ORIENTBANK-III,20170302,127.5,127.5,123.75,123.75,10,48000
PAGEIND-I,20170302,14419.95,14570,14325,14410.3,257,26200
PAGEIND-II,20170302,0,0,0,14704.5,0,0
PAGEIND-III,20170302,0,0,0,14229.6,0,0
PCJEWELLER-I,20170302,376.95,381.4,374.4,375.3,516,1051500
PCJEWELLER-II,20170302,380,380,376.3,376.3,4,15000
PCJEWELLER-III,20170302,0,0,0,383.05,0,0
PETRONET-I,20170302,403.35,408.2,390,391.25,3410,5754000
PETRONET-II,20170302,406.55,406.55,392.7,392.7,26,28500
PETRONET-III,20170302,0,0,0,406.1,0,0
PFC-I,20170302,137.65,137.95,132.55,133.5,1683,27414000
PFC-II,20170302,136,136.65,132.3,132.9,36,918000
PFC-III,20170302,0,0,0,137,0,0
PIDILITIND-I,20170302,695,697.2,680,684.95,634,1498000
PIDILITIND-II,20170302,0,0,0,701.2,0,0
PIDILITIND-III,20170302,0,0,0,699.15,0,0
PNB-I,20170302,143.55,144.05,137.55,138.75,6754,47320000
PNB-II,20170302,143,143.5,137.4,138.45,111,1358000
PNB-III,20170302,141,141,138.15,138.15,3,49000
POWERGRID-I,20170302,194.35,194.4,190.15,190.8,1984,26776000
POWERGRID-II,20170302,194.05,194.05,191.2,191.65,29,168000
POWERGRID-III,20170302,0,0,0,202.35,0,0
PTC-I,20170302,88.1,89.25,85.35,86.2,568,16848000
PTC-II,20170302,89.3,89.85,86.2,86.8,13,192000
PTC-III,20170302,0,0,0,92,0,8000
RCOM-I,20170302,38.9,39.4,37.25,37.45,3149,103980000
RCOM-II,20170302,39,39.5,37.65,37.7,68,2772000
RCOM-III,20170302,39.35,39.35,38.2,38.2,4,48000
RECLTD-I,20170302,155.1,156.9,152.2,153.3,3096,28980000
RECLTD-II,20170302,155.6,157.05,153.5,153.8,40,288000
RECLTD-III,20170302,0,0,0,160.9,0,0
RELCAPITAL-I,20170302,539.05,544.4,519,521.8,8966,10933500
RELCAPITAL-II,20170302,541.15,545.05,522,523.2,87,148500
RELCAPITAL-III,20170302,528,528,528,528,1,7500
RELIANCE-I,20170302,1243.1,1258.95,1232,1237.9,17008,18806000
RELIANCE-II,20170302,1247.7,1263.45,1237.85,1242.75,310,224500
RELIANCE-III,20170302,1244.35,1259,1235,1241.3,49,39000
RELINFRA-I,20170302,574.3,578.25,551.35,553.7,6088,7096700
RELINFRA-II,20170302,578.5,578.5,553.6,555.6,58,63700
RELINFRA-III,20170302,558.05,558.05,558,558.05,2,2600
RPOWER-I,20170302,47.55,47.85,46,46.2,778,54360000
RPOWER-II,20170302,48.05,48.05,46.4,46.55,26,1044000
RPOWER-III,20170302,47.35,47.35,46.95,46.95,2,24000
SAIL-I,20170302,64.65,64.75,61.6,62.1,3646,46908000
SAIL-II,20170302,64.6,64.6,61.8,62.2,69,1632000
SAIL-III,20170302,0,0,0,61.1,0,0
SBIN-I,20170302,274,276,267.7,268.75,16208,83364000
SBIN-II,20170302,275.2,276.55,268.65,269.5,329,1521000
SBIN-III,20170302,275.1,276.3,274,274.9,18,75000
SIEMENS-I,20170302,1229.3,1231,1195.1,1200.7,819,855500
SIEMENS-II,20170302,1220,1220,1212,1212,3,1500
SIEMENS-III,20170302,0,0,0,1220.5,0,0
SINTEX-I,20170302,98.45,99,94.25,94.75,2341,33565875
SINTEX-II,20170302,97.55,99.25,95.2,95.35,37,285000
SINTEX-III,20170302,0,0,0,94.75,0,0
SOUTHBANK-I,20170302,21.05,21.2,20.4,20.5,555,65619180
SOUTHBANK-II,20170302,21.25,21.25,20.65,20.65,4,994230
SOUTHBANK-III,20170302,0,0,0,20.95,0,0
SRF-I,20170302,1563.7,1626.85,1558.55,1584.05,2342,779000
SRF-II,20170302,1595,1605.95,1595,1605.95,2,0
SRF-III,20170302,0,0,0,1576.95,0,0
SRTRANSFIN-I,20170302,927.8,937.05,897.25,901.85,2446,3546600
SRTRANSFIN-II,20170302,941.7,941.75,903.6,906.25,24,12600
SRTRANSFIN-III,20170302,0,0,0,948.5,0,0
STAR-I,20170302,1177.85,1180,1139.05,1147.3,1145,1411500
STAR-II,20170302,1171.5,1171.5,1171.5,1171.5,2,2500
STAR-III,20170302,0,0,0,1186.9,0,0
SUNPHARMA-I,20170302,703,703,675,677.65,13318,28043400
SUNPHARMA-II,20170302,704.8,705.25,679,681.4,331,213500
SUNPHARMA-III,20170302,700.05,700.05,684.75,684.75,18,10500
SUNTV-I,20170302,727.45,728.2,706,708.8,3529,7700000
SUNTV-II,20170302,729,729,710,710,31,56000
SUNTV-III,20170302,0,0,0,716.3,0,0
SYNDIBANK-I,20170302,70.5,71.15,67.6,67.9,766,13986000
SYNDIBANK-II,20170302,71.3,71.3,68,68,24,225000
SYNDIBANK-III,20170302,0,0,0,70.75,0,0
TATACHEM-I,20170302,574.05,575.75,561.15,562.9,1014,3583500
TATACHEM-II,20170302,569.75,569.75,567.25,567.25,2,12000
TATACHEM-III,20170302,570,570,570,570,1,1500
TATACOMM-I,20170302,748.7,754.6,732.05,735.75,1521,5671400
TATACOMM-II,20170302,743,743,743,743,1,16800
TATACOMM-III,20170302,0,0,0,753.75,0,0
TATAELXSI-I,20170302,1507.05,1522.15,1485,1488,875,1022000
TATAELXSI-II,20170302,0,0,0,1531.75,0,1600
TATAELXSI-III,20170302,0,0,0,1495.25,0,0
TATAGLOBAL-I,20170302,146.15,146.3,141,141.75,1516,30357000
TATAGLOBAL-II,20170302,146.35,146.35,142,142.4,19,261000
TATAGLOBAL-III,20170302,0,0,0,141.5,0,0
TATAMOTORS-I,20170302,457.3,468.7,454,462.25,21180,40768500
TATAMOTORS-II,20170302,462,470.5,455.6,464.15,285,402000
TATAMOTORS-III,20170302,469.25,469.25,469.25,469.25,2,10500
TATAMTRDVR-I,20170302,280.2,286.4,279.2,283.1,3422,18305700
TATAMTRDVR-II,20170302,281.7,287.2,281.5,284.15,71,623700
TATAMTRDVR-III,20170302,0,0,0,285.45,0,0
TATAPOWER-I,20170302,82.8,83.15,81,81.3,709,31059000
TATAPOWER-II,20170302,83,83,81.7,81.85,5,45000
TATAPOWER-III,20170302,0,0,0,84.8,0,0
TATASTEEL-I,20170302,505.5,507.4,494.8,497.1,14455,20164000
TATASTEEL-II,20170302,506.6,508.95,496.9,499.25,158,310000
TATASTEEL-III,20170302,503.3,503.3,502.1,502.5,5,8000
TCS-I,20170302,2487,2515,2481.4,2506.6,4832,5565000
TCS-II,20170302,2504.45,2523.55,2504.45,2512.85,139,45250
TCS-III,20170302,0,0,0,2521.4,0,0
TECHM-I,20170302,504.3,506.45,499,500.8,2370,10646900
TECHM-II,20170302,506,506,502.05,502.3,6,19800
TECHM-III,20170302,0,0,0,511.7,0,0
TITAN-I,20170302,440.75,447.9,431,433.35,1594,6291000
TITAN-II,20170302,443.9,443.9,433.6,436.2,59,52500
TITAN-III,20170302,0,0,0,439.85,0,0
TORNTPHARM-I,20170302,1374.75,1399,1364.05,1367.95,711,219200
TORNTPHARM-II,20170302,0,0,0,1363,0,400
TORNTPHARM-III,20170302,0,0,0,1317.3,0,0
TORNTPOWER-I,20170302,209.85,209.85,201.05,202.15,315,4092000
TORNTPOWER-II,20170302,0,0,0,208.45,0,3000
TORNTPOWER-III,20170302,0,0,0,203.55,0,0
TV18BRDCST-I,20170302,42.25,42.45,40.35,40.65,660,92055000
TV18BRDCST-II,20170302,42.2,42.2,40.95,41,8,221000
TV18BRDCST-III,20170302,0,0,0,40.5,0,0
TVSMOTOR-I,20170302,424,430.75,421.05,424.25,2139,6496000
TVSMOTOR-II,20170302,420,427.85,420,423.4,27,92000
TVSMOTOR-III,20170302,0,0,0,439.9,0,0
UBL-I,20170302,788,793.85,775,778.6,472,1194900
UBL-II,20170302,0,0,0,836.6,0,0
UBL-III,20170302,0,0,0,798.6,0,0
ULTRACEMCO-I,20170302,3759.9,3847.5,3758.5,3822.75,6990,2361400
ULTRACEMCO-II,20170302,3834.9,3854,3828.35,3833.7,23,4000
ULTRACEMCO-III,20170302,0,0,0,3846.5,0,0
UNIONBANK-I,20170302,147.35,147.95,142.1,142.9,2216,21884000
UNIONBANK-II,20170302,144.15,145.5,140,140.7,71,852000
UNIONBANK-III,20170302,144.9,144.9,139.95,139.95,2,12000
UPL-I,20170302,724.7,727.7,690.6,703.35,2195,5970000
UPL-II,20170302,721.05,721.05,699,706,31,34800
UPL-III,20170302,0,0,0,729.55,0,0
VEDL-I,20170302,269.5,276.15,268,270.85,19923,37292500
VEDL-II,20170302,269.95,275.95,269.85,270.9,151,266000
VEDL-III,20170302,271.6,273.2,271.6,273.2,2,3500
VOLTAS-I,20170302,378.1,379.1,367,368.35,2346,3942000
VOLTAS-II,20170302,373.35,373.35,366.05,366.7,15,70000
VOLTAS-III,20170302,0,0,0,375,0,6000
WIPRO-I,20170302,493.75,497.75,490.35,492.25,1899,5199600
WIPRO-II,20170302,496.35,499,493.65,494.55,19,33600
WIPRO-III,20170302,0,0,0,493.85,0,0
WOCKPHARMA-I,20170302,709,730.3,698.4,713.4,3548,2859000
WOCKPHARMA-II,20170302,731,731,731,731,12,26400
WOCKPHARMA-III,20170302,0,0,0,715.85,0,0
YESBANK-I,20170302,1462.85,1464.9,1428,1432.7,6281,7444500
YESBANK-II,20170302,1467.25,1467.25,1433.85,1438.2,127,119000
YESBANK-III,20170302,1462.7,1462.7,1436.75,1439.3,13,4900
ZEEL-I,20170302,512.95,514.5,501.4,504.3,1749,9362600
ZEEL-II,20170302,512.35,512.35,505,506.15,16,66300
ZEEL-III,20170302,0,0,0,526.85,0,0
