BANKNIFTY-I,20171005,24146.05,24236.65,24016,24107.25,54597,2272360
BANKNIFTY-II,20171005,24204.65,24294,24152.15,24174.15,443,53040
BANKNIFTY-III,20171005,24232.65,24353.95,24210.3,24226.1,43,4760
DJIA-I,20171005,22635,22640,22612.5,22622.5,120,22410
DJIA-II,20171005,0,0,0,22687.5,0,690
DJIA-III,20171005,0,0,0,22335,0,0
DJIA-IIII,20171005,0,0,0,22790,0,0
FTSE100-I,20171005,0,0,0,7550,0,0
FTSE100-II,20171005,0,0,0,7552,0,0
FTSE100-III,20171005,0,0,0,7457,0,0
FTSE100-IIII,20171005,0,0,0,7912,0,0
FTSE100-IIIII,20171005,0,0,0,7982,0,0
FTSE100-IIIIII,20171005,0,0,0,7867,0,0
NIFTY-I,20171005,9931,9965,9899.05,9908.7,84589,23367075
NIFTY-II,20171005,9955.9,9994,9930.2,9939.1,5091,1148175
NIFTY-III,20171005,9995.2,10028,9961.15,9971.3,615,91200
NIFTYCPSE-I,20171005,0,0,0,2423.05,0,0
NIFTYCPSE-II,20171005,0,0,0,2505.1,0,0
NIFTYCPSE-III,20171005,0,0,0,2531.5,0,0
NIFTYINFRA-I,20171005,0,0,0,3430.55,0,0
NIFTYINFRA-II,20171005,0,0,0,3376.25,0,0
NIFTYINFRA-III,20171005,0,0,0,3261.55,0,0
NIFTYIT-I,20171005,10588,10600,10539,10547,71,32850
NIFTYIT-II,20171005,0,0,0,10725,0,0
NIFTYIT-III,20171005,0,0,0,10689,0,0
NIFTYMID50-I,20171005,0,0,0,4822.75,0,0
NIFTYMID50-II,20171005,0,0,0,4782,0,0
NIFTYMID50-III,20171005,0,0,0,4732.3,0,0
NIFTYPSE-I,20171005,0,0,0,3997.7,0,0
NIFTYPSE-II,20171005,0,0,0,4196.35,0,0
NIFTYPSE-III,20171005,0,0,0,4060.8,0,0
S&P500-I,20171005,2533.5,2534,2532.25,2533.75,93,334750
S&P500-II,20171005,2559.75,2559.75,2515.25,2515.25,2,250
S&P500-III,20171005,0,0,0,2540.5,0,0
S&P500-IIII,20171005,0,0,0,2595.25,0,0
ACC-I,20171005,1656.7,1707,1656.7,1702.6,4382,2297200
ACC-II,20171005,1675.8,1712.9,1675.75,1711.45,39,20800
ACC-III,20171005,0,0,0,1690.7,0,400
ADANIENT-I,20171005,117.5,123.2,116.6,122.1,4893,28904000
ADANIENT-II,20171005,117.9,123,117.85,122.7,62,232000
ADANIENT-III,20171005,0,0,0,117.15,0,0
ADANIPORTS-I,20171005,389,389.9,385.5,386.85,1186,7930000
ADANIPORTS-II,20171005,391.05,391.8,388.15,388.45,43,192500
ADANIPORTS-III,20171005,0,0,0,392.3,0,2500
ADANIPOWER-I,20171005,29.9,30.8,29.6,30.6,1193,101740000
ADANIPOWER-II,20171005,29.85,30.7,29.85,30.7,10,640000
ADANIPOWER-III,20171005,30.15,30.15,30.1,30.1,3,60000
AJANTPHARM-I,20171005,1161.15,1174.8,1156,1159.65,697,824000
AJANTPHARM-II,20171005,1171.4,1171.4,1171.4,1171.4,1,3600
AJANTPHARM-III,20171005,0,0,0,1159.35,0,0
ALBK-I,20171005,65.9,66.9,65.8,66.55,576,12560000
ALBK-II,20171005,66.7,66.7,66.15,66.7,11,480000
ALBK-III,20171005,0,0,0,67.5,0,0
AMARAJABAT-I,20171005,703.7,714,703.7,708.3,1058,1879800
AMARAJABAT-II,20171005,714.1,715.5,707.55,709.7,16,18600
AMARAJABAT-III,20171005,718.65,718.65,718.65,718.65,2,3600
AMBUJACEM-I,20171005,270.9,275.8,270.1,275.05,1739,12527500
AMBUJACEM-II,20171005,271.85,276.55,271.85,276.55,15,77500
AMBUJACEM-III,20171005,0,0,0,272.3,0,0
ANDHRABANK-I,20171005,57,58.4,56.5,58,1123,21370000
ANDHRABANK-II,20171005,57.15,58.65,57,58.65,7,190000
ANDHRABANK-III,20171005,0,0,0,57.75,0,0
APOLLOHOSP-I,20171005,1052,1095.9,1050.9,1081.3,1983,1369000
APOLLOHOSP-II,20171005,1067.75,1067.75,1067.75,1067.75,1,13000
APOLLOHOSP-III,20171005,0,0,0,1008.1,0,0
APOLLOTYRE-I,20171005,238.2,241.8,236.65,240.7,4086,12909000
APOLLOTYRE-II,20171005,240.3,242.65,238.55,241.95,42,162000
APOLLOTYRE-III,20171005,240.45,242.75,240.45,242.5,3,18000
ARVIND-I,20171005,368.1,385.2,366.8,383.4,6733,7282000
ARVIND-II,20171005,369.95,386.6,369.95,385.15,16,66000
ARVIND-III,20171005,375.35,376.6,375.35,376.6,2,2000
ASHOKLEY-I,20171005,124.45,125.35,122.55,123.15,3095,57568000
ASHOKLEY-II,20171005,125.05,125.4,123.25,123.85,38,987000
ASHOKLEY-III,20171005,124.55,124.55,124.55,124.55,1,70000
ASIANPAINT-I,20171005,1156.45,1163.85,1151,1154.1,1442,3349800
ASIANPAINT-II,20171005,1157.4,1163.15,1154.7,1159.5,11,16800
ASIANPAINT-III,20171005,0,0,0,1147.9,0,0
AUROPHARMA-I,20171005,730.05,754.4,730,744,11959,18095200
AUROPHARMA-II,20171005,737.2,756,734.85,746.95,110,76000
AUROPHARMA-III,20171005,753.85,759.25,753,753,3,1600
AXISBANK-I,20171005,507.85,509.65,499.4,503.55,8446,35636400
AXISBANK-II,20171005,508.5,511.6,502.4,506.05,148,378000
AXISBANK-III,20171005,508.7,509.05,505,505,5,7200
BAJAJ-AUTO-I,20171005,3180.85,3196.2,3136.05,3144.35,1882,1759000
BAJAJ-AUTO-II,20171005,3210.3,3210.3,3154,3157.8,76,40000
BAJAJ-AUTO-III,20171005,0,0,0,3087.5,0,0
BAJAJFINSV-I,20171005,5270,5340,5230,5271.15,1228,689500
BAJAJFINSV-II,20171005,5335.5,5336.15,5296.75,5299.65,6,1000
BAJAJFINSV-III,20171005,0,0,0,5123.5,0,0
BAJFINANCE-I,20171005,1866,1892,1860.05,1873.5,4749,5018500
BAJFINANCE-II,20171005,1888.55,1899.85,1880.05,1882.95,93,62500
BAJFINANCE-III,20171005,0,0,0,1872,0,0
BALKRISIND-I,20171005,1684.25,1689.7,1651.5,1675.05,249,495600
BALKRISIND-II,20171005,1675.05,1675.25,1675.05,1675.25,3,7600
BALKRISIND-III,20171005,1696,1700.35,1680.2,1685.85,41,2400
BALRAMCHIN-I,20171005,158.25,161,157.75,159.5,887,12614000
BALRAMCHIN-II,20171005,159.95,161.1,159,159.2,21,560000
BALRAMCHIN-III,20171005,0,0,0,159.6,0,56000
BANKBARODA-I,20171005,138.8,140.65,137.6,140,5315,58054500
BANKBARODA-II,20171005,139.5,141.2,138.35,140.8,69,423500
BANKBARODA-III,20171005,0,0,0,139.4,0,7000
BANKINDIA-I,20171005,138.5,141.6,137.7,140,2131,17418000
BANKINDIA-II,20171005,139.65,141.9,138.4,140.6,34,204000
BANKINDIA-III,20171005,139.45,139.45,139.45,139.45,1,12000
BATAINDIA-I,20171005,734.05,735.65,722.85,727.4,1660,2074600
BATAINDIA-II,20171005,732.9,732.9,727.5,730,6,31900
BATAINDIA-III,20171005,0,0,0,736.3,0,14300
BEL-I,20171005,165.45,166.15,164.2,164.6,892,14944050
BEL-II,20171005,165.5,165.5,165.5,165.5,1,133650
BEL-III,20171005,0,0,0,166.15,0,0
BEML-I,20171005,1701.2,1755.95,1686,1730.15,10194,2726400
BEML-II,20171005,1715.5,1762.5,1713.75,1738.9,95,34200
BEML-III,20171005,0,0,0,1669.4,0,0
BERGEPAINT-I,20171005,254.8,259.35,254.8,256.4,692,1645600
BERGEPAINT-II,20171005,257.65,257.95,257.55,257.95,5,26400
BERGEPAINT-III,20171005,258.45,259.9,258.45,259.9,7,6600
BHARATFIN-I,20171005,955.95,975.7,947.25,972.35,6753,13089000
BHARATFIN-II,20171005,955.5,979.5,952,976.35,50,84000
BHARATFIN-III,20171005,0,0,0,955.3,0,5000
BHARATFORG-I,20171005,631.65,639,625.8,632.45,2415,7190400
BHARATFORG-II,20171005,636,642.2,629.8,636.1,23,48000
BHARATFORG-III,20171005,0,0,0,608.65,0,0
BHARTIARTL-I,20171005,378.05,382.3,374.55,378.9,2040,25265400
BHARTIARTL-II,20171005,377.1,383.85,377.1,380.15,51,159800
BHARTIARTL-III,20171005,0,0,0,388.1,0,0
BHEL-I,20171005,83.65,84.2,83.4,83.9,969,50220000
BHEL-II,20171005,84.35,84.6,84,84.6,6,982500
BHEL-III,20171005,84.6,84.6,84.6,84.6,1,22500
BIOCON-I,20171005,341.5,349.65,338.2,345.5,1956,8962200
BIOCON-II,20171005,346.95,350.65,340.5,347.55,45,194400
BIOCON-III,20171005,0,0,0,335.6,0,0
BOSCHLTD-I,20171005,20723,20949,20676.95,20788.4,508,113000
BOSCHLTD-II,20171005,20987.05,21001.55,20953,21001.55,6,250
BOSCHLTD-III,20171005,0,0,0,21009.35,0,0
BPCL-I,20171005,484,485.45,474.3,480.45,3351,14490000
BPCL-II,20171005,486.8,486.8,477.4,482.4,50,151200
BPCL-III,20171005,0,0,0,470.2,0,0
BRITANNIA-I,20171005,4359.1,4394.4,4359,4385.7,522,576000
BRITANNIA-II,20171005,4403.3,4403.3,4402.4,4402.4,2,1800
BRITANNIA-III,20171005,0,0,0,4408.3,0,0
CADILAHC-I,20171005,499.5,507,496.05,501.25,2170,3281600
CADILAHC-II,20171005,503.95,508.85,503.05,503.05,9,44800
CADILAHC-III,20171005,0,0,0,475.05,0,0
CANBK-I,20171005,309.7,312.8,307.6,311.55,3695,11996760
CANBK-II,20171005,310.25,313.5,309,312.7,43,160368
CANBK-III,20171005,0,0,0,312.05,0,9252
CANFINHOME-I,20171005,2655,2669,2620,2628.8,488,677000
CANFINHOME-II,20171005,0,0,0,2681.7,0,3750
CANFINHOME-III,20171005,0,0,0,2674.55,0,0
CAPF-I,20171005,746.8,754.2,743.1,746,828,3058400
CAPF-II,20171005,749,756.2,748.5,749.15,12,16000
CAPF-III,20171005,0,0,0,731.15,0,0
CASTROLIND-I,20171005,360.25,360.95,355.05,356.8,570,10176600
CASTROLIND-II,20171005,362.15,362.15,360.8,360.8,3,22400
CASTROLIND-III,20171005,362.4,363.1,362.4,363.1,2,8400
CEATLTD-I,20171005,1708.9,1736,1707.8,1725.9,1678,1563100
CEATLTD-II,20171005,1736.95,1737,1723.6,1730.7,13,10500
CEATLTD-III,20171005,0,0,0,1719.25,0,0
CENTURYTEX-I,20171005,1248.7,1290,1243,1281.3,7080,7316650
CENTURYTEX-II,20171005,1255.95,1293.95,1254.05,1293.95,20,26950
CENTURYTEX-III,20171005,0,0,0,1240.95,0,3300
CESC-I,20171005,1003.75,1013,995,1007.75,1715,5150200
CESC-II,20171005,1006.45,1016.95,1001,1011.35,30,24200
CESC-III,20171005,0,0,0,1014.5,0,6600
CGPOWER-I,20171005,79.15,82,78.65,80.85,762,26448000
CGPOWER-II,20171005,80.35,80.45,80.35,80.45,2,144000
CGPOWER-III,20171005,0,0,0,77.95,0,0
CHENNPETRO-I,20171005,405,408.6,402.9,405.45,258,2463000
CHENNPETRO-II,20171005,409.75,409.75,409.75,409.75,1,18000
CHENNPETRO-III,20171005,0,0,0,397.3,0,0
CHOLAFIN-I,20171005,1103.95,1113.2,1087.4,1095.35,319,430500
CHOLAFIN-II,20171005,0,0,0,1181.2,0,0
CHOLAFIN-III,20171005,0,0,0,1101.35,0,0
CIPLA-I,20171005,581.2,591.9,581.2,586.85,1350,7681000
CIPLA-II,20171005,593.6,593.6,589.3,592.75,80,138000
CIPLA-III,20171005,0,0,0,591.9,0,0
COALINDIA-I,20171005,269.9,273.6,269.5,273.05,2255,21328200
COALINDIA-II,20171005,270.9,274.45,270.9,273.95,65,385900
COALINDIA-III,20171005,0,0,0,272.8,0,20400
COLPAL-I,20171005,1075.95,1097.4,1072.85,1086.5,858,1472800
COLPAL-II,20171005,1091.35,1091.35,1091.3,1091.3,3,4900
COLPAL-III,20171005,0,0,0,1093,0,0
CONCOR-I,20171005,1338.8,1352.95,1319.95,1326.9,651,1384375
CONCOR-II,20171005,1328.6,1328.6,1328.6,1328.6,1,3125
CONCOR-III,20171005,0,0,0,1340.2,0,0
CUMMINSIND-I,20171005,929.3,934,922.2,924.05,274,462600
CUMMINSIND-II,20171005,0,0,0,955,0,600
CUMMINSIND-III,20171005,0,0,0,908.35,0,0
DABUR-I,20171005,317.7,319.7,316.15,317.05,534,12402500
DABUR-II,20171005,320,320,316.85,317.1,8,52500
DABUR-III,20171005,0,0,0,315.75,0,0
DALMIABHA-I,20171005,2699,2772.95,2687,2763.35,868,591300
DALMIABHA-II,20171005,2763.3,2781,2763.3,2775.75,11,9300
DALMIABHA-III,20171005,0,0,0,2586.45,0,0
DCBBANK-I,20171005,185.15,189.5,184.6,187.9,934,5706000
DCBBANK-II,20171005,186.8,190.25,186.7,190.25,5,94500
DCBBANK-III,20171005,0,0,0,185.1,0,9000
DHFL-I,20171005,560.95,579.2,557.45,560.6,14150,29200500
DHFL-II,20171005,562.1,580,560.05,561.7,193,219000
DHFL-III,20171005,569.25,569.25,562.6,562.6,4,3000
DISHTV-I,20171005,70.7,72.9,69.8,71.75,1748,21035000
DISHTV-II,20171005,70.45,73,70.4,71.85,38,210000
DISHTV-III,20171005,72.05,72.3,72.05,72.3,4,28000
DIVISLAB-I,20171005,877.25,893,863,866.25,6574,5756000
DIVISLAB-II,20171005,882.55,895.05,870,870.45,134,101600
DIVISLAB-III,20171005,0,0,0,884.35,0,5600
DLF-I,20171005,168.05,172.5,166.5,171.7,6330,43790000
DLF-II,20171005,169.2,173.25,167.5,172.5,60,270000
DLF-III,20171005,0,0,0,164.45,0,0
DRREDDY-I,20171005,2395.65,2430.1,2382.75,2393.65,5790,3488400
DRREDDY-II,20171005,2404,2440.8,2398.5,2407.65,79,44600
DRREDDY-III,20171005,2442.95,2443,2442.95,2443,2,600
EICHERMOT-I,20171005,30997.2,31278.6,30825.15,30906.85,991,152975
EICHERMOT-II,20171005,31229.05,31229.05,31000.1,31100,46,2825
EICHERMOT-III,20171005,0,0,0,31350,0,25
ENGINERSIN-I,20171005,150.7,151.35,147.4,147.75,1165,12033000
ENGINERSIN-II,20171005,152,152,148.4,148.5,8,150500
ENGINERSIN-III,20171005,150.05,150.05,150.05,150.05,1,17500
EQUITAS-I,20171005,151.9,154.5,151.6,152.9,908,12480000
EQUITAS-II,20171005,152.55,154,152.55,153.85,54,492800
EQUITAS-III,20171005,0,0,0,154.35,0,0
ESCORTS-I,20171005,661.75,672.25,659.85,667.55,1726,3634400
ESCORTS-II,20171005,671,672.6,667.05,671,26,39600
ESCORTS-III,20171005,0,0,0,645.95,0,0
EXIDEIND-I,20171005,206.1,209.2,204.1,205.2,1376,13928000
EXIDEIND-II,20171005,207.1,207.1,204.8,204.95,19,220000
EXIDEIND-III,20171005,209.7,209.7,205.5,205.5,2,8000
FEDERALBNK-I,20171005,113.95,115,113.35,114.8,2083,53229000
FEDERALBNK-II,20171005,114.45,115.5,114.05,115.3,31,902000
FEDERALBNK-III,20171005,0,0,0,114.4,0,99000
FORTIS-I,20171005,148,151.7,146.85,150.8,4064,38299500
FORTIS-II,20171005,147.8,152.1,147.8,151.5,64,170100
FORTIS-III,20171005,0,0,0,147.8,0,0
GAIL-I,20171005,439,440,431.4,432.55,2582,15162000
GAIL-II,20171005,437.15,439.25,432.85,433.45,30,166000
GAIL-III,20171005,0,0,0,402.55,0,0
GLENMARK-I,20171005,605.75,629.1,605.75,613.2,5697,6347600
GLENMARK-II,20171005,611.9,631.6,611.9,616.4,92,77700
GLENMARK-III,20171005,0,0,0,608.1,0,4200
GMRINFRA-I,20171005,16.35,16.5,16.15,16.35,388,291780000
GMRINFRA-II,20171005,16.45,16.55,16.4,16.45,8,1620000
GMRINFRA-III,20171005,0,0,0,16.85,0,135000
GODFRYPHLP-I,20171005,1029.95,1033.75,1023.1,1029.55,383,510000
GODFRYPHLP-II,20171005,1036.85,1036.9,1036,1036,3,3500
GODFRYPHLP-III,20171005,0,0,0,1019.65,0,0
GODREJCP-I,20171005,974.35,980.8,960.35,964.95,588,1773600
GODREJCP-II,20171005,0,0,0,944,0,0
GODREJCP-III,20171005,0,0,0,914.7,0,0
GODREJIND-I,20171005,596,598.05,584.35,588.7,855,3231000
GODREJIND-II,20171005,595.5,596.55,590,593.7,11,39000
GODREJIND-III,20171005,0,0,0,597.6,0,13500
GRANULES-I,20171005,116.75,117.9,114.85,115.35,507,14780000
GRANULES-II,20171005,0,0,0,118.4,0,80000
GRANULES-III,20171005,0,0,0,114.05,0,0
GRASIM-I,20171005,1156.65,1171.7,1146,1165.75,1578,3804000
GRASIM-II,20171005,1163,1177.85,1158.5,1170.6,80,69750
GRASIM-III,20171005,1178,1185,1178,1185,2,750
GSFC-I,20171005,135,136.85,134.2,135.3,1177,16047000
GSFC-II,20171005,136.45,136.45,135.5,135.8,4,67500
GSFC-III,20171005,0,0,0,127.95,0,0
HAVELLS-I,20171005,507.85,513.1,506.1,508.55,1363,3262000
HAVELLS-II,20171005,511.35,514.9,509.05,509.05,4,62000
HAVELLS-III,20171005,0,0,0,510.25,0,12000
HCC-I,20171005,32.8,33.35,32.4,32.9,494,27132000
HCC-II,20171005,33.05,33.55,32.6,33.25,8,168000
HCC-III,20171005,0,0,0,33.25,0,0
HCLTECH-I,20171005,886.25,902.65,884.2,893.35,2621,7245000
HCLTECH-II,20171005,895.3,903.5,890.35,892.65,44,93800
HCLTECH-III,20171005,0,0,0,889.05,0,0
HDFC-I,20171005,1774.95,1777.65,1755.3,1758,3584,11531000
HDFC-II,20171005,1782.85,1782.85,1764.5,1766.7,262,288000
HDFC-III,20171005,1790.95,1792.6,1783.05,1783.1,5,2000
HDFCBANK-I,20171005,1792.25,1802.55,1789.2,1795.2,6061,20968500
HDFCBANK-II,20171005,1794.3,1802.75,1791.55,1796,86,196000
HDFCBANK-III,20171005,1792.5,1802.8,1792.5,1797,30,16500
HDIL-I,20171005,56.15,57.4,55.35,57,1578,34136000
HDIL-II,20171005,56.2,57.45,55.7,57.45,14,560000
HDIL-III,20171005,57.4,57.4,57.4,57.4,1,72000
HEROMOTOCO-I,20171005,3793.1,3805.35,3755.45,3761.75,1640,1784000
HEROMOTOCO-II,20171005,3820.35,3820.35,3770.5,3774.85,29,15200
HEROMOTOCO-III,20171005,0,0,0,3799.2,0,0
HEXAWARE-I,20171005,269.5,269.5,263.5,266.2,629,2124000
HEXAWARE-II,20171005,266.8,266.8,266.8,266.8,1,12000
HEXAWARE-III,20171005,0,0,0,271.2,0,0
HINDALCO-I,20171005,242.35,244,240.2,241.85,4067,35227500
HINDALCO-II,20171005,244,244.95,241.35,243.1,106,476000
HINDALCO-III,20171005,0,0,0,242.25,0,0
HINDPETRO-I,20171005,445,445.2,433,437.55,5714,26135550
HINDPETRO-II,20171005,445,445,434.8,438.75,60,176400
HINDPETRO-III,20171005,0,0,0,429,0,3150
HINDUNILVR-I,20171005,1206.15,1206.15,1190.1,1191.45,1871,9634200
HINDUNILVR-II,20171005,1200,1200,1189,1189.55,44,22200
HINDUNILVR-III,20171005,0,0,0,1221.85,0,0
HINDZINC-I,20171005,314.5,316.35,312.5,314.2,870,8915200
HINDZINC-II,20171005,316,316.1,312.2,313.45,36,105600
HINDZINC-III,20171005,0,0,0,296.1,0,0
IBREALEST-I,20171005,225.05,227.35,216.7,219.55,486,44750000
IBREALEST-II,20171005,0,0,0,225.5,0,370000
IBULHSGFIN-I,20171005,1264.85,1276.9,1253,1262.75,2981,6188000
IBULHSGFIN-II,20171005,1260,1274.95,1256,1260,14,32800
IBULHSGFIN-III,20171005,0,0,0,1243.45,0,800
ICICIBANK-I,20171005,276.05,278.4,272.55,273.2,7559,92787750
ICICIBANK-II,20171005,277.4,279.35,274,274.6,243,1042250
ICICIBANK-III,20171005,279.05,279.05,276.5,274.65,7,35750
ICICIPRULI-I,20171005,411.65,413.45,398.15,399.65,1708,5413200
ICICIPRULI-II,20171005,412.8,412.8,401,401.3,16,53300
ICICIPRULI-III,20171005,0,0,0,387.4,0,0
ICIL-I,20171005,99.2,109.25,99.2,108.3,2768,11896500
ICIL-II,20171005,106.45,109.15,106.45,108.35,8,66500
ICIL-III,20171005,0,0,0,104.15,0,0
IDBI-I,20171005,52.6,52.8,51.8,52.3,574,30784000
IDBI-II,20171005,52.75,52.75,52.15,52.55,14,624000
IDBI-III,20171005,53.2,53.2,52.9,52.9,2,16000
IDEA-I,20171005,74.3,75.1,73.8,74.1,1577,59948000
IDEA-II,20171005,75,75.1,74.35,74.65,22,455000
IDEA-III,20171005,75.5,75.5,75.5,75.5,1,14000
IDFC-I,20171005,59.35,59.85,58.8,59.25,1390,144368400
IDFC-II,20171005,59.7,59.95,59.5,59.5,9,699600
IDFC-III,20171005,0,0,0,60.25,0,0
IDFCBANK-I,20171005,56.45,57.4,56.05,57,1118,97740000
IDFCBANK-II,20171005,56.95,57.65,56.45,57.2,23,1251000
IDFCBANK-III,20171005,0,0,0,57.25,0,0
IFCI-I,20171005,22.95,23.1,22.65,22.9,297,75526000
IFCI-II,20171005,23.1,23.25,22.85,22.85,11,1540000
IFCI-III,20171005,23.1,23.1,23.1,23.1,1,22000
IGL-I,20171005,1458.2,1468.95,1442,1445.65,1310,1124750
IGL-II,20171005,1465,1465,1450,1452.5,9,21450
IGL-III,20171005,0,0,0,1470.55,0,1100
INDIACEM-I,20171005,182.6,184.8,178.15,183.15,4782,24377500
INDIACEM-II,20171005,183.6,185,179.35,184.4,29,161000
INDIACEM-III,20171005,0,0,0,172.4,0,0
INDIANB-I,20171005,267.6,271.4,267.25,268.65,514,3668000
INDIANB-II,20171005,270.6,272.25,270.05,270.05,8,34000
INDIANB-III,20171005,0,0,0,273.15,0,4000
INDIGO-I,20171005,1099,1121.8,1094.45,1104.85,1163,2227800
INDIGO-II,20171005,1107.85,1110.45,1107.25,1110,7,5400
INDIGO-III,20171005,0,0,0,1095.8,0,0
INDUSINDBK-I,20171005,1697,1707.1,1689.2,1694.35,1936,4353000
INDUSINDBK-II,20171005,1709.55,1709.55,1696.15,1701.75,17,48600
INDUSINDBK-III,20171005,0,0,0,1707.35,0,0
INFIBEAM-I,20171005,126.45,131.35,126.45,127.15,1526,49660000
INFIBEAM-II,20171005,127.6,130.75,127.6,129.5,12,56000
INFIBEAM-III,20171005,0,0,0,130.95,0,0
INFRATEL-I,20171005,411.4,415,405.05,406.65,1745,8726100
INFRATEL-II,20171005,409.6,413,408.75,409.15,16,81600
INFRATEL-III,20171005,0,0,0,398.85,0,0
INFY-I,20171005,901.9,908.2,900.25,904.8,5015,38066500
INFY-II,20171005,887.05,891,886.15,887.2,610,2285500
INFY-III,20171005,888.95,890.7,886,886.5,18,18000
IOC-I,20171005,409.6,409.9,401.5,406.2,3002,17268000
IOC-II,20171005,409.2,409.2,403.25,407.6,24,166500
IOC-III,20171005,0,0,0,403.7,0,0
IRB-I,20171005,211.35,211.7,209.3,210.9,1029,17802500
IRB-II,20171005,212.3,212.3,210,210.35,13,165000
IRB-III,20171005,211.5,211.5,211.2,211.2,4,15000
ITC-I,20171005,269.9,269.9,265.7,266.25,3811,61360800
ITC-II,20171005,277,277,267.2,267.5,105,1008000
ITC-III,20171005,0,0,0,271.7,0,2400
JETAIRWAYS-I,20171005,478.95,496.9,476.8,490.65,4564,4566000
JETAIRWAYS-II,20171005,479.5,500,479.5,493.9,43,61200
JETAIRWAYS-III,20171005,0,0,0,486.4,0,0
JINDALSTEL-I,20171005,145.2,149.6,144.3,148.15,3198,33214500
JINDALSTEL-II,20171005,146.85,150,146.8,148.6,32,157500
JINDALSTEL-III,20171005,0,0,0,136.95,0,0
JISLJALEQS-I,20171005,97.05,98.1,96.75,97.65,807,39573000
JISLJALEQS-II,20171005,0,0,0,97,0,225000
JISLJALEQS-III,20171005,0,0,0,94.8,0,0
JPASSOCIAT-I,20171005,19.3,19.6,18.95,19.15,469,191896000
JPASSOCIAT-II,20171005,0,0,0,19.25,1,3604000
JPASSOCIAT-III,20171005,0,0,0,16.9,0,0
JSWENERGY-I,20171005,77.05,77.85,75.55,76.8,397,73499500
JSWENERGY-II,20171005,0,0,0,75.7,0,875500
JSWENERGY-III,20171005,0,0,0,75.85,0,51000
JSWSTEEL-I,20171005,250.7,252.4,248.2,249.85,1922,53004000
JSWSTEEL-II,20171005,252.5,252.5,250,250.45,9,153000
JSWSTEEL-III,20171005,0,0,0,253.85,0,6000
JUBLFOOD-I,20171005,1423.45,1497.7,1415.6,1489.3,9710,2223000
JUBLFOOD-II,20171005,1430,1500,1424,1493.65,126,42500
JUBLFOOD-III,20171005,0,0,0,1397.6,0,0
JUSTDIAL-I,20171005,370.5,401,366,395.05,7927,4338000
JUSTDIAL-II,20171005,368.65,399.95,368.25,393.25,79,44400
JUSTDIAL-III,20171005,400,400,400,400,1,1200
KAJARIACER-I,20171005,724.35,736.95,721.4,731.6,521,808000
KAJARIACER-II,20171005,0,0,0,712.95,0,0
KAJARIACER-III,20171005,0,0,0,714.9,0,0
KOTAKBANK-I,20171005,1029.55,1038.6,1022.2,1033.8,3237,9317600
KOTAKBANK-II,20171005,1030,1042.05,1028.25,1039.05,28,63200
KOTAKBANK-III,20171005,0,0,0,1021.15,0,0
KPIT-I,20171005,123.9,131.25,123.9,129.65,2586,10800000
KPIT-II,20171005,126.45,131,126.45,131,11,56000
KPIT-III,20171005,0,0,0,122.85,0,0
KSCL-I,20171005,516.85,530,516.85,519.55,885,3913500
KSCL-II,20171005,523.5,530.2,522.45,523.3,10,25500
KSCL-III,20171005,527.25,530.7,527.25,529.85,24,4500
KTKBANK-I,20171005,145.4,148.25,145.4,146.85,1998,22431400
KTKBANK-II,20171005,147.65,148,147,147.1,18,167200
KTKBANK-III,20171005,0,0,0,142.2,0,0
L&TFH-I,20171005,195.95,197.5,192.65,194.35,3289,25560000
L&TFH-II,20171005,197.15,198.05,194.05,195.7,31,400500
L&TFH-III,20171005,0,0,0,199.75,0,18000
LICHSGFIN-I,20171005,645.25,655,642.7,650.75,3843,9241100
LICHSGFIN-II,20171005,647.55,658.35,647.15,654.95,38,86900
LICHSGFIN-III,20171005,0,0,0,660.6,0,1100
LT-I,20171005,1143,1148.5,1132.4,1134.8,3605,11463750
LT-II,20171005,1146.75,1153.75,1138.35,1140.65,85,134250
LT-III,20171005,1159,1159,1150,1150,3,3000
LUPIN-I,20171005,1030,1040.9,1025,1030.4,3356,7428000
LUPIN-II,20171005,1040.35,1045,1031.25,1035.75,81,86400
LUPIN-III,20171005,0,0,0,1025,0,400
M&M-I,20171005,1307.85,1318,1298.3,1302.5,5768,5057000
M&M-II,20171005,1319.15,1323.35,1305.6,1309.55,78,58500
M&M-III,20171005,0,0,0,1250,0,0
M&MFIN-I,20171005,420,424.5,415.3,418.1,1711,6277500
M&MFIN-II,20171005,421.75,423.1,419,419,10,80000
M&MFIN-III,20171005,0,0,0,407.7,0,0
MANAPPURAM-I,20171005,97.15,100.2,97.1,99,1471,32010000
MANAPPURAM-II,20171005,98.2,99.85,97.8,99.25,20,426000
MANAPPURAM-III,20171005,99.1,99.1,99.1,99.1,1,24000
MARICO-I,20171005,313.2,316.7,313.2,314.6,379,5158400
MARICO-II,20171005,314.6,316.8,314.6,315.45,7,41600
MARICO-III,20171005,0,0,0,316.4,0,0
MARUTI-I,20171005,7861,7935,7840.95,7869.05,4919,2031000
MARUTI-II,20171005,7919.7,7972,7900,7907.9,104,44100
MARUTI-III,20171005,8000.8,8000.8,7951.45,7980.95,6,3300
MCDOWELL-N-I,20171005,2401.45,2427.65,2392.25,2404.75,1474,1914250
MCDOWELL-N-II,20171005,2433.85,2435.1,2416.5,2416.5,12,10500
MCDOWELL-N-III,20171005,0,0,0,2460,0,250
MCX-I,20171005,1060.8,1071.2,1046.75,1052.6,250,1090000
MCX-II,20171005,1074,1074,1062.9,1062.9,3,16500
MCX-III,20171005,0,0,0,1074.95,0,1000
MFSL-I,20171005,591.2,597.15,587.4,591.15,829,4487000
MFSL-II,20171005,0,0,0,614.05,0,6000
MFSL-III,20171005,0,0,0,593.15,0,0
MGL-I,20171005,1107.05,1107.05,1090.5,1095.3,411,788400
MGL-II,20171005,1105,1113.15,1101.9,1101.9,3,3600
MGL-III,20171005,1101.95,1101.95,1101.55,1101.8,3,1200
MINDTREE-I,20171005,485,487.8,474.5,479.95,891,3518400
MINDTREE-II,20171005,486.15,486.15,472.8,477,59,44400
MINDTREE-III,20171005,0,0,0,469.2,0,0
MOTHERSUMI-I,20171005,335.45,341.3,335.1,337.6,2051,12052500
MOTHERSUMI-II,20171005,338.85,341.3,338.65,339,8,82500
MOTHERSUMI-III,20171005,0,0,0,344.75,0,0
MRF-I,20171005,63304.65,63849,63182,63306.15,400,52845
MRF-II,20171005,63532.35,63532.35,63532.35,63532.35,1,255
MRF-III,20171005,0,0,0,62844.25,0,0
MRPL-I,20171005,125.9,127.7,125.9,127,194,6061500
MRPL-II,20171005,127,127.2,127,127.2,2,40500
MRPL-III,20171005,0,0,0,124.05,0,0
MUTHOOTFIN-I,20171005,476.25,485.95,476.25,479.2,478,2206500
MUTHOOTFIN-II,20171005,0,0,0,512.1,0,9000
MUTHOOTFIN-III,20171005,0,0,0,466.1,0,0
NATIONALUM-I,20171005,79.05,80.7,79.05,79.75,832,23032000
NATIONALUM-II,20171005,79.75,80.5,79.7,80.3,13,168000
NATIONALUM-III,20171005,0,0,0,77.55,0,0
NBCC-I,20171005,215.3,216.65,214.5,215.4,292,3006000
NBCC-II,20171005,0,0,0,216.55,0,18000
NBCC-III,20171005,0,0,0,213.95,0,0
NCC-I,20171005,83.35,84,82.9,83.2,532,24120000
NCC-II,20171005,83.55,83.55,83.45,83.45,4,192000
NCC-III,20171005,0,0,0,83.05,0,0
NESTLEIND-I,20171005,7344.95,7370.05,7155,7251.55,174,90000
NESTLEIND-II,20171005,7306.85,7306.85,7299.45,7302.55,4,600
NESTLEIND-III,20171005,0,0,0,7250.45,0,0
NHPC-I,20171005,28.1,28.2,27.75,27.85,202,31455000
NHPC-II,20171005,28.3,28.3,27.95,27.95,4,540000
NHPC-III,20171005,28.25,28.25,28.25,28.25,1,135000
NIITTECH-I,20171005,551.75,568.95,548,564,851,817500
NIITTECH-II,20171005,0,0,0,506.45,0,0
NIITTECH-III,20171005,0,0,0,556.55,0,0
NMDC-I,20171005,119.05,119.6,117.85,119.1,826,30762000
NMDC-II,20171005,119.75,120.2,119.05,119.55,10,366000
NMDC-III,20171005,0,0,0,119.35,0,12000
NTPC-I,20171005,167.8,171.75,167.8,171.3,1925,25596000
NTPC-II,20171005,169.6,172.45,169.6,172.2,29,128000
NTPC-III,20171005,0,0,0,168.7,0,0
OFSS-I,20171005,3620.95,3650,3615,3623.3,116,52500
OFSS-II,20171005,0,0,0,3712.6,0,150
OFSS-III,20171005,0,0,0,3650.1,0,0
OIL-I,20171005,349.75,351.7,343.6,349.4,542,2497132
OIL-II,20171005,348.05,348.05,345.15,345.15,4,56650
OIL-III,20171005,0,0,0,353.85,0,0
ONGC-I,20171005,172.05,172.4,170.85,171.3,1888,44651250
ONGC-II,20171005,172,172.2,171,171.45,63,2141250
ONGC-III,20171005,171.25,171.25,171.25,171.25,1,18750
ORIENTBANK-I,20171005,121.65,123.4,120.85,122.6,976,14142000
ORIENTBANK-II,20171005,122.55,123.7,121.95,123,14,150000
ORIENTBANK-III,20171005,0,0,0,121.55,0,0
PAGEIND-I,20171005,18699.95,18899.95,18465,18555.9,297,29150
PAGEIND-II,20171005,0,0,0,18028.45,0,0
PAGEIND-III,20171005,0,0,0,18700.9,0,0
PCJEWELLER-I,20171005,371.35,373.9,363.95,367.4,2551,9735000
PCJEWELLER-II,20171005,372,372.5,366,368.7,14,102000
PCJEWELLER-III,20171005,370,370,370,370,3,27000
PEL-I,20171005,2716,2745,2701.2,2710.2,682,1121100
PEL-II,20171005,0,0,0,2750,0,2400
PEL-III,20171005,2751.55,2761,2743.6,2750.6,37,1800
PETRONET-I,20171005,235.4,240.25,235.2,239,1316,12354000
PETRONET-II,20171005,237.55,241,237,241,22,99000
PETRONET-III,20171005,0,0,0,227.3,0,0
PFC-I,20171005,125.25,126.8,124.65,125.5,1701,25854000
PFC-II,20171005,127.1,127.1,126,126.05,34,534000
PFC-III,20171005,0,0,0,123.95,0,0
PIDILITIND-I,20171005,795,808.25,794.75,798.6,378,1160000
PIDILITIND-II,20171005,0,0,0,799.4,0,2000
PIDILITIND-III,20171005,0,0,0,789.65,0,0
PNB-I,20171005,130.75,133.85,130.7,132.55,4328,28395500
PNB-II,20171005,131.7,134.25,131.1,133.2,88,332500
PNB-III,20171005,0,0,0,130.15,0,7000
POWERGRID-I,20171005,209.1,209.25,205.25,206,2142,18080000
POWERGRID-II,20171005,208.9,208.9,206.5,207.2,16,112000
POWERGRID-III,20171005,0,0,0,212.3,0,0
PTC-I,20171005,123.5,125.25,123.05,124.1,572,14400000
PTC-II,20171005,124.4,125.5,124,124.05,5,128000
PTC-III,20171005,0,0,0,123.85,0,0
PVR-I,20171005,1262.55,1326.2,1262.55,1298.65,2132,722800
PVR-II,20171005,0,0,0,1195,0,2400
PVR-III,20171005,0,0,0,1213.55,0,0
RAMCOCEM-I,20171005,689.9,709,680.25,705.2,481,396800
RAMCOCEM-II,20171005,708,708,708,708,1,4800
RAMCOCEM-III,20171005,696.1,703.15,696.1,698.7,25,4800
RAYMOND-I,20171005,813.05,849.9,806.8,841.5,3269,3579200
RAYMOND-II,20171005,824.6,832.85,822.05,832.85,12,18400
RAYMOND-III,20171005,0,0,0,817.9,0,9600
RBLBANK-I,20171005,512.35,518.6,511.95,515.2,1452,4228000
RBLBANK-II,20171005,514.9,520.55,514.9,517.6,51,172000
RBLBANK-III,20171005,0,0,0,511.45,0,0
RCOM-I,20171005,16.9,17.25,16.85,17.2,2239,121044000
RCOM-II,20171005,17,17.35,17,17.3,54,3752000
RCOM-III,20171005,17.2,17.5,17.2,17.5,2,462000
RECLTD-I,20171005,155.25,156.4,154.1,154.65,1832,41214000
RECLTD-II,20171005,155.55,156.9,154.9,155.35,19,744000
RECLTD-III,20171005,0,0,0,153.45,0,0
RELCAPITAL-I,20171005,576.5,579.4,562.55,565.95,7360,11301000
RELCAPITAL-II,20171005,578.9,578.9,566.9,569.1,53,58500
RELCAPITAL-III,20171005,0,0,0,609.2,0,0
RELIANCE-I,20171005,826.75,829.6,820.1,825.45,10327,40555000
RELIANCE-II,20171005,830.35,833.65,825,829.85,323,830000
RELIANCE-III,20171005,831.55,836.6,831.15,833,7,12000
RELINFRA-I,20171005,467.25,474.45,464.65,472.1,5179,10754900
RELINFRA-II,20171005,469,475.9,467.4,472.75,46,102700
RELINFRA-III,20171005,0,0,0,465.55,0,1300
REPCOHOME-I,20171005,654.95,657,642.5,643.55,261,855400
REPCOHOME-II,20171005,0,0,0,670.75,0,1400
REPCOHOME-III,20171005,0,0,0,625.25,0,0
RNAVAL-I,20171005,51.9,52,50.5,51.25,140,12384000
RNAVAL-II,20171005,51.75,51.75,51.7,51.7,2,81000
RNAVAL-III,20171005,0,0,0,53.2,0,0
RPOWER-I,20171005,40.9,41.2,40.55,40.8,419,53520000
RPOWER-II,20171005,41,41.35,40.85,41,11,1092000
RPOWER-III,20171005,41.45,41.45,41.45,41.45,1,36000
SAIL-I,20171005,53.9,54.45,53.9,54.3,638,66192000
SAIL-II,20171005,54.2,54.75,54.2,54.65,13,1140000
SAIL-III,20171005,0,0,0,54.7,0,72000
SBIN-I,20171005,253.95,255,250.45,252.55,8604,92706000
SBIN-II,20171005,255.45,256.05,251.8,254,242,1236000
SBIN-III,20171005,254.75,254.75,253.75,253.6,4,24000
SHREECEM-I,20171005,18605.5,19044,18530.9,18809.95,245,36650
SHREECEM-II,20171005,0,0,0,18400,0,200
SHREECEM-III,20171005,0,0,0,18485.5,0,0
SIEMENS-I,20171005,1217.3,1233.5,1213.9,1217.3,834,1017500
SIEMENS-II,20171005,1230.75,1231.75,1221.25,1221.3,17,9500
SIEMENS-III,20171005,0,0,0,1207.65,0,0
SOUTHBANK-I,20171005,29.75,30.2,29.35,29.9,1554,143301684
SOUTHBANK-II,20171005,29.95,30.3,29.85,30.1,15,1889037
SOUTHBANK-III,20171005,0,0,0,28.35,0,0
SREINFRA-I,20171005,106,106.2,104.05,104.3,334,8785000
SREINFRA-II,20171005,106.45,106.45,105.6,105.6,2,60000
SREINFRA-III,20171005,0,0,0,104.35,0,0
SRF-I,20171005,1547.9,1575,1538.2,1565.45,854,631500
SRF-II,20171005,1550.6,1577.1,1550.45,1577.1,7,7000
SRF-III,20171005,0,0,0,1560,0,0
SRTRANSFIN-I,20171005,1059.55,1076,1050,1064.3,2638,3666000
SRTRANSFIN-II,20171005,1060.9,1075,1051.75,1062.7,18,6600
SRTRANSFIN-III,20171005,0,0,0,1070.95,0,0
STAR-I,20171005,864.8,875,856.75,859.5,1242,2587500
STAR-II,20171005,877.5,877.5,863,864.8,37,28500
STAR-III,20171005,0,0,0,884.85,0,500
SUNPHARMA-I,20171005,521.25,526.45,513,514.9,8578,38465600
SUNPHARMA-II,20171005,526,528.7,516,517.6,222,425600
SUNPHARMA-III,20171005,524.25,525.75,519,519,15,12000
SUNTV-I,20171005,774.75,795.6,770.95,784.5,3830,5828000
SUNTV-II,20171005,780,798,777.9,788.65,48,58000
SUNTV-III,20171005,792.6,792.6,792.6,792.6,1,3000
SUZLON-I,20171005,15.6,15.6,14.8,15.3,4196,417690000
SUZLON-II,20171005,15.5,15.65,14.9,15.4,275,10680000
SUZLON-III,20171005,15.6,15.6,15.05,15.3,5,240000
SYNDIBANK-I,20171005,63.8,64.9,63.45,64.55,735,17964000
SYNDIBANK-II,20171005,64.8,65.1,64.8,65.1,11,459000
SYNDIBANK-III,20171005,65.25,65.25,65.25,65.25,1,9000
TATACHEM-I,20171005,641.95,674,640,667,3747,5178000
TATACHEM-II,20171005,646.7,673.45,645.8,670.2,25,42000
TATACHEM-III,20171005,0,0,0,645.45,0,0
TATACOMM-I,20171005,694.9,704.3,694.15,702.05,1350,7798000
TATACOMM-II,20171005,703.8,705.25,703.8,705.2,4,23800
TATACOMM-III,20171005,0,0,0,682.55,0,0
TATAELXSI-I,20171005,805.4,834.9,799.55,831.6,2171,1548000
TATAELXSI-II,20171005,817.1,838,817.1,835.85,15,17600
TATAELXSI-III,20171005,0,0,0,819.65,0,0
TATAGLOBAL-I,20171005,205.6,211.4,205.6,210.5,3970,29011500
TATAGLOBAL-II,20171005,209,212.2,207.8,211.7,37,211500
TATAGLOBAL-III,20171005,0,0,0,206.4,0,0
TATAMOTORS-I,20171005,424.2,426.6,421.2,423.95,6539,38571000
TATAMOTORS-II,20171005,425.35,428.85,423.45,426.1,194,675000
TATAMOTORS-III,20171005,430.2,430.2,427.15,428.05,13,21000
TATAMTRDVR-I,20171005,241.35,242.8,238.6,241.7,1834,22724100
TATAMTRDVR-II,20171005,242,243.45,240,242.9,88,231000
TATAMTRDVR-III,20171005,0,0,0,243,0,4200
TATAPOWER-I,20171005,78.7,79.4,78.7,79.05,494,39726000
TATAPOWER-II,20171005,79.75,79.75,79.45,79.55,4,387000
TATAPOWER-III,20171005,79.85,79.85,79.8,79.8,3,27000
TATASTEEL-I,20171005,659.35,666.8,659.25,662.65,4656,23380000
TATASTEEL-II,20171005,666,670,665,665.8,75,428000
TATASTEEL-III,20171005,670,670,670,670,1,2000
TCS-I,20171005,2437.85,2443,2425,2429.55,2505,6742750
TCS-II,20171005,2446.25,2450.7,2436.6,2437.8,12,20000
TCS-III,20171005,2452,2452,2452,2452,1,1250
TECHM-I,20171005,465.55,465.55,448.5,450.8,2556,12134100
TECHM-II,20171005,465.1,465.1,450.8,451.65,29,44000
TECHM-III,20171005,0,0,0,461.65,0,0
TITAN-I,20171005,605.5,606.4,597.65,598.45,1116,5302500
TITAN-II,20171005,603.85,605.4,601.2,601.6,35,121500
TITAN-III,20171005,0,0,0,584.75,0,0
TORNTPHARM-I,20171005,1269.9,1270.1,1248,1255.9,450,302000
TORNTPHARM-II,20171005,1268.75,1268.75,1264.35,1264.35,4,5200
TORNTPHARM-III,20171005,0,0,0,1241.05,0,0
TORNTPOWER-I,20171005,214.55,218.3,213.5,217.4,566,6636000
TORNTPOWER-II,20171005,0,0,0,213.45,0,12000
TORNTPOWER-III,20171005,0,0,0,212.1,0,0
TV18BRDCST-I,20171005,39.2,40.9,38.8,40.6,1169,87329000
TV18BRDCST-II,20171005,39.35,39.85,39.35,39.85,2,425000
TV18BRDCST-III,20171005,0,0,0,39.3,0,0
TVSMOTOR-I,20171005,660.85,660.85,651.5,656.45,922,5324000
TVSMOTOR-II,20171005,652.5,656.8,650.8,654.95,18,92000
TVSMOTOR-III,20171005,0,0,0,654.9,0,0
UBL-I,20171005,843.2,853.3,834.1,846.45,382,828100
UBL-II,20171005,0,0,0,810.75,0,2100
UBL-III,20171005,847.75,849.15,847.75,848.3,6,4200
UJJIVAN-I,20171005,323,332.4,322.7,328.35,2034,6182400
UJJIVAN-II,20171005,331.9,332.95,328.3,331.15,30,32400
UJJIVAN-III,20171005,0,0,0,319.8,0,0
ULTRACEMCO-I,20171005,3861.15,3944,3861.1,3913.65,2166,1344000
ULTRACEMCO-II,20171005,3906.75,3946.1,3900.15,3928.7,15,8400
ULTRACEMCO-III,20171005,0,0,0,3929.85,0,0
UNIONBANK-I,20171005,126.7,128.45,125.5,126.6,3190,22608000
UNIONBANK-II,20171005,128,128.15,126.4,127.65,28,408000
UNIONBANK-III,20171005,0,0,0,130.4,0,0
UPL-I,20171005,794.25,795.95,784.7,788.75,1348,8252400
UPL-II,20171005,790.2,796,790,791.2,12,26400
UPL-III,20171005,0,0,0,778.35,0,0
VEDL-I,20171005,319.8,321.9,318.15,319.4,5354,46732000
VEDL-II,20171005,319.3,321,317.7,318.7,120,724500
VEDL-III,20171005,321.75,321.75,321.6,321.6,2,7000
VGUARD-I,20171005,190.4,192.4,187.05,188.75,298,2040000
VGUARD-II,20171005,0,0,0,191,0,21000
VGUARD-III,20171005,0,0,0,183.05,0,0
VOLTAS-I,20171005,523,527.8,517.7,520.75,1372,2734000
VOLTAS-II,20171005,527.8,527.8,520,520,7,54000
VOLTAS-III,20171005,0,0,0,508.95,0,0
WIPRO-I,20171005,283.2,285.5,282.1,283.85,933,31492800
WIPRO-II,20171005,284,285.25,283.5,284.15,16,175200
WIPRO-III,20171005,0,0,0,290.45,0,0
WOCKPHARMA-I,20171005,630.05,649.9,628.15,632.75,4324,3134400
WOCKPHARMA-II,20171005,634.1,649.2,630,630.05,31,28000
WOCKPHARMA-III,20171005,0,0,0,616.75,0,0
YESBANK-I,20171005,358.5,369,358.35,361.25,11385,40295500
YESBANK-II,20171005,360.9,370.9,360.4,362.95,273,589750
YESBANK-III,20171005,367,368.1,367,368.1,2,12250
ZEEL-I,20171005,523.45,525.25,520.5,521.85,1134,6078800
ZEEL-II,20171005,524.35,527.2,523.85,524.75,31,58500
ZEEL-III,20171005,0,0,0,528.25,0,0
