BANKNIFTY-I,20180319,24630,24670,24256.55,24336.9,106707,2047320
BANKNIFTY-II,20180319,24670,24730.1,24330.05,24417.2,5061,251440
BANKNIFTY-III,20180319,24760,24760,24366.05,24453.75,163,149640
FTSE100-I,20180319,0,0,0,7832,0,0
FTSE100-II,20180319,0,0,0,7364,0,0
FTSE100-III,20180319,0,0,0,7982,0,0
FTSE100-IIII,20180319,0,0,0,7867,0,0
FTSE100-IIIII,20180319,0,0,0,7947,0,0
FTSE100-IIIIII,20180319,0,0,0,7674,0,0
NIFTY-I,20180319,10230,10235.95,10102,10122.8,189024,23031750
NIFTY-II,20180319,10251.55,10270,10140.4,10158.25,19528,3413925
NIFTY-III,20180319,10283.45,10300.95,10166.6,10180.45,5526,1231200
NIFTYCPSE-I,20180319,0,0,0,2729.2,0,0
NIFTYCPSE-II,20180319,0,0,0,2827.05,0,0
NIFTYCPSE-III,20180319,0,0,0,2627.4,0,0
NIFTYINFRA-I,20180319,0,0,0,3662.6,0,0
NIFTYINFRA-II,20180319,0,0,0,3716.6,0,0
NIFTYINFRA-III,20180319,0,0,0,3441.1,0,0
NIFTYIT-I,20180319,12726,12726,12425,12447,466,48900
NIFTYIT-II,20180319,12588,12645,12450,12475,12,800
NIFTYIT-III,20180319,0,0,0,12980,0,0
NIFTYMID50-I,20180319,0,0,0,5080,0,513600
NIFTYMID50-II,20180319,0,0,0,5562.4,0,0
NIFTYMID50-III,20180319,0,0,0,5152,0,0
NIFTYPSE-I,20180319,0,0,0,4378.2,0,0
NIFTYPSE-II,20180319,0,0,0,4380.6,0,0
NIFTYPSE-III,20180319,0,0,0,4077.45,0,0
ACC-I,20180319,1569.1,1575.45,1535,1557,1602,1282400
ACC-II,20180319,1559.45,1565,1546.85,1561.15,193,51600
ACC-III,20180319,0,0,0,1599,0,800
ADANIENT-I,20180319,160.75,162.45,154.55,161.05,8795,18532000
ADANIENT-II,20180319,161.85,162.9,155.5,161.55,380,2108000
ADANIENT-III,20180319,161.4,161.4,161.4,161.4,1,988000
ADANIPORTS-I,20180319,372.65,372.95,357,366,5646,14790000
ADANIPORTS-II,20180319,373.25,373.25,358.95,367.75,207,777500
ADANIPORTS-III,20180319,0,0,0,395.05,0,420000
ADANIPOWER-I,20180319,27.55,27.7,26,26.2,1909,91880000
ADANIPOWER-II,20180319,27.75,27.75,26.3,26.4,99,6620000
ADANIPOWER-III,20180319,0,0,0,27.85,0,940000
AJANTPHARM-I,20180319,1413.15,1433.5,1385.65,1392.25,1577,663500
AJANTPHARM-II,20180319,1436,1436,1396,1399,196,89500
AJANTPHARM-III,20180319,0,0,0,1386,0,500
ALBK-I,20180319,51.6,52.35,49.1,49.6,2120,15190000
ALBK-II,20180319,52.35,52.35,49.45,49.9,150,2600000
ALBK-III,20180319,0,0,0,51.75,0,80000
AMARAJABAT-I,20180319,785.35,785.35,767.1,777.1,916,1528800
AMARAJABAT-II,20180319,784.35,784.35,773,779.05,32,46200
AMARAJABAT-III,20180319,0,0,0,821,0,1400
AMBUJACEM-I,20180319,236.2,237.2,229.55,231.85,4536,15352500
AMBUJACEM-II,20180319,235.6,236.2,230.75,232.55,1889,3900000
AMBUJACEM-III,20180319,235.1,235.1,234.95,235.05,7,20000
ANDHRABANK-I,20180319,44,44,40.85,42.1,1773,21890000
ANDHRABANK-II,20180319,43.25,43.25,41.15,42.3,79,2720000
ANDHRABANK-III,20180319,0,0,0,41.35,0,40000
APOLLOHOSP-I,20180319,1078.75,1085.75,1042.25,1060.4,1082,1006000
APOLLOHOSP-II,20180319,1074.7,1074.7,1044,1060.8,93,44500
APOLLOHOSP-III,20180319,0,0,0,1270.9,0,0
APOLLOTYRE-I,20180319,265.2,265.2,259.5,260.9,1642,10644000
APOLLOTYRE-II,20180319,264.35,265.25,261.7,262.25,142,549000
APOLLOTYRE-III,20180319,0,0,0,263.6,0,123000
ARVIND-I,20180319,395.15,395.5,382.8,387,2406,5600000
ARVIND-II,20180319,392.1,393.55,385.3,388.45,118,354000
ARVIND-III,20180319,0,0,0,407,0,82000
ASHOKLEY-I,20180319,148.3,148.7,144.65,146.25,4868,50575000
ASHOKLEY-II,20180319,149,149.3,145.5,146.85,889,5453000
ASHOKLEY-III,20180319,149.05,149.05,146.15,147.75,11,483000
ASIANPAINT-I,20180319,1127.05,1127.05,1103,1107.8,2448,4038600
ASIANPAINT-II,20180319,1126,1128,1108.55,1113.75,82,218400
ASIANPAINT-III,20180319,1132.4,1132.4,1114.65,1120.15,146,109800
AUROPHARMA-I,20180319,579.2,579.2,569.9,574.55,4701,21929600
AUROPHARMA-II,20180319,581.8,581.8,573,577.35,248,1176000
AUROPHARMA-III,20180319,583,583.2,578.4,581.35,4,54400
AXISBANK-I,20180319,525,526.4,517.55,520.75,7902,39004800
AXISBANK-II,20180319,524.5,528.8,520.25,522.6,409,1131600
AXISBANK-III,20180319,0,0,0,528.15,0,42000
BAJAJ-AUTO-I,20180319,2912.2,2921.9,2857.85,2863.2,1714,2145250
BAJAJ-AUTO-II,20180319,2915,2915,2873.2,2876.5,69,33000
BAJAJ-AUTO-III,20180319,0,0,0,3075,0,2000
BAJAJFINSV-I,20180319,5050,5074.2,4946.2,4976.45,744,723375
BAJAJFINSV-II,20180319,5075,5075,4995,4999.6,45,11375
BAJAJFINSV-III,20180319,0,0,0,5048.95,0,0
BAJFINANCE-I,20180319,1701.05,1701.75,1635.7,1640.75,4642,5652000
BAJFINANCE-II,20180319,1705.6,1706,1643.7,1648.95,359,203500
BAJFINANCE-III,20180319,0,0,0,1711,0,2000
BALKRISIND-I,20180319,1081.3,1096.95,1052.05,1060.4,692,961600
BALKRISIND-II,20180319,1086.4,1086.4,1059.6,1064.05,14,24800
BALKRISIND-III,20180319,0,0,0,1096.1,0,0
BALRAMCHIN-I,20180319,87.8,87.9,80.25,82.2,2518,15732500
BALRAMCHIN-II,20180319,86.5,87.5,80,81.45,282,1953000
BALRAMCHIN-III,20180319,82.4,82.4,80.25,80.25,151,581000
BANKBARODA-I,20180319,145,146.45,130.55,133.85,17742,59304000
BANKBARODA-II,20180319,146.1,147.1,131.15,134.25,1274,6504000
BANKBARODA-III,20180319,146.9,146.9,132.65,136,19,892000
BANKINDIA-I,20180319,105,106.5,99.3,100.7,1836,22116000
BANKINDIA-II,20180319,105.9,106.5,101.3,101.5,48,4038000
BANKINDIA-III,20180319,0,0,0,100.8,0,1452000
BATAINDIA-I,20180319,705.25,706.2,675,678.65,1852,2415600
BATAINDIA-II,20180319,704.6,704.6,679.05,681.5,38,72600
BATAINDIA-III,20180319,690,690,690,690,2,2200
BEL-I,20180319,149.9,150.05,146.95,148.8,1002,24517350
BEL-II,20180319,149.8,150.65,147.85,149.5,127,1752300
BEL-III,20180319,150.6,151,150.2,151,3,524700
BEML-I,20180319,1078,1079.95,1001.75,1025.3,1441,1905300
BEML-II,20180319,1073,1073,1020.1,1032.25,61,267600
BEML-III,20180319,0,0,0,1105,0,226500
BERGEPAINT-I,20180319,253.1,253.1,242.1,243.35,4454,1258400
BERGEPAINT-II,20180319,249.95,250,243.8,243.05,31,63800
BERGEPAINT-III,20180319,0,0,0,245.35,0,0
BHARATFIN-I,20180319,1067.1,1074.85,1058.5,1064.55,2815,4944000
BHARATFIN-II,20180319,1064.45,1076.8,1063.4,1066.45,79,127000
BHARATFIN-III,20180319,1077.75,1077.75,1077.75,1077.75,1,1000
BHARATFORG-I,20180319,737.05,737.95,708,712.9,2632,6624000
BHARATFORG-II,20180319,739.75,739.75,712.25,715.7,109,283200
BHARATFORG-III,20180319,0,0,0,771.05,0,0
BHARTIARTL-I,20180319,420.05,422.4,398.75,401.65,5880,54847100
BHARTIARTL-II,20180319,421.5,424.25,401,404.4,176,1157700
BHARTIARTL-III,20180319,405.5,405.5,405.5,405.5,1,154700
BHEL-I,20180319,86.5,86.95,83.65,84.05,2332,47520000
BHEL-II,20180319,87,87.2,84.1,84.5,407,5407500
BHEL-III,20180319,85.4,85.4,84.6,84.6,3,120000
BIOCON-I,20180319,590,591.75,577.6,581.45,2524,6649200
BIOCON-II,20180319,590,591.05,577.9,581.05,251,1110600
BIOCON-III,20180319,590,590,583,583.6,3,30600
BOSCHLTD-I,20180319,17752.35,18029.9,17538.9,17579.45,784,155200
BOSCHLTD-II,20180319,18067.95,18080,17625,17654.2,141,6350
BOSCHLTD-III,20180319,0,0,0,18100,0,125
BPCL-I,20180319,445.05,445.05,428.6,431,5110,10486800
BPCL-II,20180319,440.4,440.4,429.95,432.2,129,748800
BPCL-III,20180319,432.35,432.35,432.35,432.35,2,10800
BRITANNIA-I,20180319,4885.75,4885.75,4812.5,4826.4,500,846000
BRITANNIA-II,20180319,4863.75,4863.75,4842,4846.05,10,7800
BRITANNIA-III,20180319,0,0,0,4951.05,0,0
CADILAHC-I,20180319,383.45,385.65,375,378.7,603,5769600
CADILAHC-II,20180319,386.85,386.85,377.85,379.05,38,228800
CADILAHC-III,20180319,379.6,379.6,379.6,379.6,1,3200
CANBK-I,20180319,270.4,272.4,258.1,265,13151,13345600
CANBK-II,20180319,273,273,259.9,266.05,416,1401600
CANBK-III,20180319,0,0,0,271.9,0,1078400
CANFINHOME-I,20180319,543,544.85,524,531.95,3857,4926250
CANFINHOME-II,20180319,539,545.55,527.85,534.75,253,636250
CANFINHOME-III,20180319,538,539.5,538,538,83,336250
CAPF-I,20180319,651.85,654.15,634.35,636.85,1413,7534400
CAPF-II,20180319,653.55,655.95,638,640.15,359,782400
CAPF-III,20180319,0,0,0,638.95,0,203200
CASTROLIND-I,20180319,205.65,206.7,198.65,200.3,757,10598000
CASTROLIND-II,20180319,205.2,205.2,197.75,198.75,57,817600
CASTROLIND-III,20180319,0,0,0,201.8,0,8400
CEATLTD-I,20180319,1584.75,1591,1537.45,1545.35,1504,1037750
CEATLTD-II,20180319,1595.15,1595.15,1545,1550.3,75,39900
CEATLTD-III,20180319,0,0,0,1602.25,0,0
CENTURYTEX-I,20180319,1184.25,1198.8,1148.65,1164.4,3550,5210150
CENTURYTEX-II,20180319,1204.65,1204.65,1155,1171.1,725,1182500
CENTURYTEX-III,20180319,0,0,0,1171.55,0,0
CESC-I,20180319,955.1,959,914.1,920.95,3684,6113800
CESC-II,20180319,962,962.95,921.5,926.15,214,299200
CESC-III,20180319,940,940,939.95,940,4,1650
CGPOWER-I,20180319,80.3,80.3,78.3,79.15,363,21648000
CGPOWER-II,20180319,80,80.25,78.75,79.55,21,1164000
CGPOWER-III,20180319,0,0,0,81.05,0,84000
CHENNPETRO-I,20180319,345.6,348,337.05,339.05,437,2506500
CHENNPETRO-II,20180319,344.35,345.1,338.9,341.85,32,70500
CHENNPETRO-III,20180319,0,0,0,367,0,0
CHOLAFIN-I,20180319,1467.4,1475.9,1436.05,1442.5,332,434500
CHOLAFIN-II,20180319,1441,1441,1441,1441,1,3500
CHOLAFIN-III,20180319,0,0,0,1406.05,0,0
CIPLA-I,20180319,565,567.95,557.1,560.95,2676,8588000
CIPLA-II,20180319,567.45,569.5,560,561.9,67,584000
CIPLA-III,20180319,0,0,0,575,0,422000
COALINDIA-I,20180319,278.1,278.45,269.5,272.55,2624,17553800
COALINDIA-II,20180319,277.25,277.25,271,273.4,269,1749000
COALINDIA-III,20180319,275,277.3,271.9,276.75,232,640200
COLPAL-I,20180319,1043.3,1044.5,1020.45,1029.4,3866,1376900
COLPAL-II,20180319,1053.8,1053.8,1016.95,1031.8,23,30100
COLPAL-III,20180319,0,0,0,1062.6,0,0
CONCOR-I,20180319,1207.85,1213.15,1187.2,1203.5,460,1118750
CONCOR-II,20180319,1213.95,1213.95,1195,1210.3,48,76875
CONCOR-III,20180319,0,0,0,1358.85,0,0
CUMMINSIND-I,20180319,771.65,771.65,750.1,758.65,464,757800
CUMMINSIND-II,20180319,776.55,776.55,755,759,24,18600
CUMMINSIND-III,20180319,0,0,0,833,0,0
DABUR-I,20180319,324.2,326.35,318.9,320.85,865,14302500
DABUR-II,20180319,327,327,320.5,322.75,45,142500
DABUR-III,20180319,0,0,0,333.55,0,0
DALMIABHA-I,20180319,2847.55,2876.85,2829.05,2847.65,836,686100
DALMIABHA-II,20180319,2871.7,2885.55,2851,2851,14,10800
DALMIABHA-III,20180319,0,0,0,2899.05,0,1500
DCBBANK-I,20180319,163.6,163.9,160.5,161.9,401,4653000
DCBBANK-II,20180319,162.65,164.05,161.5,162.7,12,202500
DCBBANK-III,20180319,0,0,0,165.6,0,0
DHFL-I,20180319,514,515.05,498.25,499.85,1072,24859500
DHFL-II,20180319,510,510,500,502,38,417000
DHFL-III,20180319,0,0,0,510,0,9000
DISHTV-I,20180319,69,69.65,65.9,67.45,1544,48685000
DISHTV-II,20180319,68.8,68.8,66.4,67.7,51,2772000
DISHTV-III,20180319,0,0,0,71.25,0,742000
DIVISLAB-I,20180319,1093.9,1111.8,1071.8,1091.65,2474,2261600
DIVISLAB-II,20180319,1094.45,1115,1079.7,1094.4,116,219200
DIVISLAB-III,20180319,0,0,0,1039.25,0,160000
DLF-I,20180319,225.7,226.25,211.1,213.8,9558,47510000
DLF-II,20180319,227,227.25,212.5,214.9,508,1750000
DLF-III,20180319,222,222,218.9,218.9,3,330000
DRREDDY-I,20180319,2161.9,2173.45,2122,2130.55,2866,4260000
DRREDDY-II,20180319,2177.6,2177.6,2133,2141.05,250,167750
DRREDDY-III,20180319,0,0,0,2163.7,0,4000
EICHERMOT-I,20180319,28294.9,28294.9,27439.95,27519.2,1899,204775
EICHERMOT-II,20180319,28250,28250,27600,27652.45,79,4775
EICHERMOT-III,20180319,0,0,0,27395.2,0,0
ENGINERSIN-I,20180319,158,159.8,154.6,158.25,1856,8921500
ENGINERSIN-II,20180319,159.95,160.5,155.3,159.5,174,826000
ENGINERSIN-III,20180319,0,0,0,160.05,0,14000
EQUITAS-I,20180319,141.55,142.55,138.8,141.55,578,19545600
EQUITAS-II,20180319,142.6,143.4,139.7,142.3,62,860800
EQUITAS-III,20180319,0,0,0,142.25,0,6400
ESCORTS-I,20180319,836,840.3,816.3,828.6,3526,3083300
ESCORTS-II,20180319,839,843.65,822.1,832.75,106,148500
ESCORTS-III,20180319,0,0,0,888.5,0,0
EXIDEIND-I,20180319,214.7,214.75,209.75,210.35,803,10544000
EXIDEIND-II,20180319,213.95,213.95,211.1,211.3,24,216000
EXIDEIND-III,20180319,0,0,0,206.6,0,0
FEDERALBNK-I,20180319,94,94.3,90.65,91,2250,54202500
FEDERALBNK-II,20180319,94.7,94.7,91.25,91.6,211,3861000
FEDERALBNK-III,20180319,94.7,94.7,92,92.15,9,121000
FORTIS-I,20180319,157.05,158.65,151.7,153.85,1578,28983500
FORTIS-II,20180319,158.7,158.7,152.1,153.55,55,350000
FORTIS-III,20180319,0,0,0,157.3,0,21000
GAIL-I,20180319,444.95,446.3,438,442.85,2013,12128000
GAIL-II,20180319,447.25,447.25,441.1,443.2,112,992000
GAIL-III,20180319,0,0,0,443.1,0,2000
GLENMARK-I,20180319,543.75,548.65,541.4,542.9,809,5405400
GLENMARK-II,20180319,549.05,549.05,544.65,545.65,75,289800
GLENMARK-III,20180319,554.1,554.1,554.1,554.1,1,5400
GMRINFRA-I,20180319,18.25,18.3,17.45,17.65,1155,281385000
GMRINFRA-II,20180319,18.35,18.4,17.6,17.8,116,25605000
GMRINFRA-III,20180319,18.15,18.15,17.75,17.75,2,1980000
GODFRYPHLP-I,20180319,879.95,880.2,829.5,836.2,418,635000
GODFRYPHLP-II,20180319,874.8,875,834.05,839.7,31,35000
GODFRYPHLP-III,20180319,0,0,0,884.95,0,0
GODREJCP-I,20180319,1066.6,1076.35,1048.1,1054.35,601,2473600
GODREJCP-II,20180319,1078.3,1078.3,1053,1054.5,89,136800
GODREJCP-III,20180319,0,0,0,1065,0,1600
GODREJIND-I,20180319,549,550.95,534.8,540.35,570,2095500
GODREJIND-II,20180319,544,544.9,539.6,540.85,12,54000
GODREJIND-III,20180319,0,0,0,549.65,0,0
GRANULES-I,20180319,111.2,111.45,107.15,108.55,1072,15515000
GRANULES-II,20180319,112.55,112.55,107.8,109.25,140,745000
GRANULES-III,20180319,109,109,109,109,1,15000
GRASIM-I,20180319,1100.05,1103.2,1071.75,1099.5,1880,4392750
GRASIM-II,20180319,1105,1107.15,1077.35,1104.15,72,115500
GRASIM-III,20180319,0,0,0,1143.45,0,3750
GSFC-I,20180319,123.35,124.95,120.95,122.45,1094,18675000
GSFC-II,20180319,124,124.1,121.9,123.05,61,549000
GSFC-III,20180319,122.55,123.95,122.5,123.4,5,22500
HAVELLS-I,20180319,517.55,521.2,504,506.7,1583,4696000
HAVELLS-II,20180319,519.65,520.25,507,508.15,49,122000
HAVELLS-III,20180319,0,0,0,522.75,0,6000
HCC-I,20180319,32.5,32.6,30.95,31.2,583,48435000
HCC-II,20180319,32.25,32.35,31.2,31.35,114,3825000
HCC-III,20180319,31.85,31.85,31.85,31.85,1,90000
HCLTECH-I,20180319,962.5,962.95,925.1,929.2,4248,10555300
HCLTECH-II,20180319,963.65,965,930,933.75,103,335300
HCLTECH-III,20180319,950,950,936.45,936.45,2,211400
HDFC-I,20180319,1805.4,1808.5,1775.55,1780.2,5687,16449000
HDFC-II,20180319,1812,1816,1783.55,1787.2,1235,917000
HDFC-III,20180319,0,0,0,1854.95,0,0
HDFCBANK-I,20180319,1860,1864.7,1849,1853.5,9028,15175500
HDFCBANK-II,20180319,1863.3,1868.9,1853.25,1857.5,837,912000
HDFCBANK-III,20180319,0,0,0,1881.55,0,8000
HDIL-I,20180319,43.2,43.2,41.4,42.25,603,32040000
HDIL-II,20180319,42.8,42.8,41.8,42.6,49,3231000
HEROMOTOCO-I,20180319,3546.15,3555.1,3503,3528.25,2039,1366000
HEROMOTOCO-II,20180319,3548.85,3552,3519.9,3543.65,89,34800
HEROMOTOCO-III,20180319,0,0,0,3620,0,2000
HEXAWARE-I,20180319,362.5,370.05,357.15,362,1357,3867000
HEXAWARE-II,20180319,366.75,366.75,353.8,359.25,54,450000
HEXAWARE-III,20180319,0,0,0,358.8,0,120000
HINDALCO-I,20180319,223.8,224,212.55,215.3,8433,46707500
HINDALCO-II,20180319,224.5,224.5,213.8,216.45,339,1522500
HINDALCO-III,20180319,220,220,215.45,216,8,595000
HINDPETRO-I,20180319,366.6,367,351.55,353.65,3126,22550850
HINDPETRO-II,20180319,364,364.05,353.65,355.75,151,549675
HINDPETRO-III,20180319,355.5,355.5,355.5,355.5,1,14175
HINDUNILVR-I,20180319,1305.65,1320,1305.05,1313.15,3083,8130000
HINDUNILVR-II,20180319,1316.45,1325,1310.9,1317.2,70,165000
HINDUNILVR-III,20180319,0,0,0,1352.45,0,0
HINDZINC-I,20180319,309.65,312.75,301.95,304,1764,16227200
HINDZINC-II,20180319,310.9,313.35,303.5,305.15,186,1929600
HINDZINC-III,20180319,0,0,0,308.5,0,6400
IBULHSGFIN-I,20180319,1213.65,1213.95,1186,1193.4,6190,16220800
IBULHSGFIN-II,20180319,1214.2,1215,1193.45,1198.75,549,1289200
IBULHSGFIN-III,20180319,0,0,0,1225,0,7600
ICICIBANK-I,20180319,300.05,301.15,292.55,296.15,9098,89905750
ICICIBANK-II,20180319,301,302.05,294,297.15,543,3825250
ICICIBANK-III,20180319,299.3,299.5,295.25,298.2,17,660000
ICICIPRULI-I,20180319,380.5,380.5,371.1,373.3,537,5527600
ICICIPRULI-II,20180319,380,380,374,375.35,49,150800
ICICIPRULI-III,20180319,0,0,0,393,0,2600
IDBI-I,20180319,79.95,81.7,71.5,73.85,3485,41250000
IDBI-II,20180319,80.85,81.4,72.35,73.75,101,2920000
IDBI-III,20180319,78.1,78.1,78.1,78.1,1,140000
IDEA-I,20180319,81,81.55,77,78.05,3002,107079000
IDEA-II,20180319,81.6,81.9,77.5,78.6,290,3451000
IDEA-III,20180319,81.6,81.6,78.4,78.5,11,420000
IDFC-I,20180319,51.25,51.55,49.65,49.9,1411,147747600
IDFC-II,20180319,51.8,51.8,49.95,50.1,510,18796800
IDFC-III,20180319,0,0,0,52.25,0,92400
IDFCBANK-I,20180319,50.45,50.7,49.2,49.4,1699,166707000
IDFCBANK-II,20180319,50.85,50.9,49.55,49.65,472,24030000
IDFCBANK-III,20180319,50.9,50.9,50,50,5,171000
IFCI-I,20180319,21,21.2,20.2,20.55,931,82786000
IFCI-II,20180319,21.15,21.5,20.4,20.65,260,11220000
IFCI-III,20180319,20.8,21.05,20.75,21.05,3,1430000
IGL-I,20180319,296,296.25,288.4,290.8,1028,4746500
IGL-II,20180319,295.5,296.05,290.05,292.5,65,272250
IGL-III,20180319,0,0,0,300,0,11000
INDIACEM-I,20180319,148.25,148.8,140.5,142.1,2217,24052000
INDIACEM-II,20180319,148.85,148.85,141.35,142.85,273,1088500
INDIACEM-III,20180319,148.4,148.4,144.9,144.9,4,59500
INDIANB-I,20180319,313.55,314,293,294.45,2460,4402000
INDIANB-II,20180319,307.3,308.6,295,295.35,63,176000
INDIANB-III,20180319,0,0,0,312.3,0,0
INDIGO-I,20180319,1245.75,1260.5,1201,1209.2,2497,3436800
INDIGO-II,20180319,1251.1,1259.05,1203.55,1210.6,115,85800
INDIGO-III,20180319,1235.4,1235.4,1235.4,1235.4,1,1800
INDUSINDBK-I,20180319,1728.5,1739.5,1719.3,1726.35,6481,4855200
INDUSINDBK-II,20180319,1731.7,1738.2,1719,1724.7,271,921600
INDUSINDBK-III,20180319,0,0,0,1725.05,0,129600
INFIBEAM-I,20180319,149.9,152,146.5,147.55,881,25536000
INFIBEAM-II,20180319,150,150,146.55,147.15,431,13560000
INFIBEAM-III,20180319,0,0,0,160.4,0,0
INFRATEL-I,20180319,334.9,337.9,320.75,326.35,1566,6143800
INFRATEL-II,20180319,337.15,337.15,318.1,322.9,62,503200
INFRATEL-III,20180319,327.5,327.5,327.5,327.5,1,307700
INFY-I,20180319,1175.2,1183.95,1148.3,1152.05,7923,36735000
INFY-II,20180319,1177.15,1186.6,1153.7,1157.1,217,661200
INFY-III,20180319,1183.1,1183.1,1164,1164,10,31200
IOC-I,20180319,184,184,176.8,178.55,7046,32859000
IOC-II,20180319,183.95,183.95,177.7,179.6,914,10116000
IOC-III,20180319,181.05,181.05,179,180.3,7,1125000
IRB-I,20180319,223.05,223.3,216.7,219,1484,13395000
IRB-II,20180319,223,223.75,218.5,219.2,63,2157500
IRB-III,20180319,0,0,0,221.3,0,175000
ITC-I,20180319,262.15,263.45,259.55,260.45,5639,83313600
ITC-II,20180319,263.45,264.5,260.9,261.55,369,3751200
ITC-III,20180319,263.55,263.7,261.95,262.75,6,84000
JETAIRWAYS-I,20180319,710,710,670.3,673.7,4711,6206400
JETAIRWAYS-II,20180319,709.05,709.05,673.85,676.45,282,403200
JETAIRWAYS-III,20180319,0,0,0,704.5,0,103200
JINDALSTEL-I,20180319,226.7,227.7,218.25,221.5,7598,35361000
JINDALSTEL-II,20180319,228.6,228.6,219.6,222.7,400,2286000
JINDALSTEL-III,20180319,225,225,221,221,2,81000
JISLJALEQS-I,20180319,110.7,110.8,105.2,106.65,1475,36513000
JISLJALEQS-II,20180319,110.45,110.45,106,107.05,162,2880000
JISLJALEQS-III,20180319,110.5,110.5,107.6,107.6,2,486000
JPASSOCIAT-I,20180319,21.2,21.2,19.25,19.55,1388,166226000
JPASSOCIAT-II,20180319,21.25,21.25,19.45,19.65,235,25500000
JPASSOCIAT-III,20180319,0,0,0,21.1,0,408000
JSWSTEEL-I,20180319,290.95,291,280.45,284.45,5129,63597000
JSWSTEEL-II,20180319,290,290.35,282,285.9,629,3876000
JSWSTEEL-III,20180319,289.55,289.55,283.9,288.4,56,711000
JUBLFOOD-I,20180319,2111.25,2165,2094,2113.1,6414,2178500
JUBLFOOD-II,20180319,2140,2170,2106.4,2119.1,216,171000
JUBLFOOD-III,20180319,2121.5,2122.6,2121.5,2122.3,90,81000
JUSTDIAL-I,20180319,448.5,451.45,421.45,424.4,2970,4237800
JUSTDIAL-II,20180319,440,442.15,422.65,425.3,615,516600
JUSTDIAL-III,20180319,438.7,438.7,425.3,430,252,319200
KAJARIACER-I,20180319,568.3,571.9,556.5,559.45,5717,1642400
KAJARIACER-II,20180319,568,573,561.1,561.45,12,40000
KAJARIACER-III,20180319,0,0,0,588.1,0,0
KOTAKBANK-I,20180319,1067.05,1070,1050.7,1054.15,3728,10057600
KOTAKBANK-II,20180319,1069.55,1073.15,1055,1058.05,635,616800
KOTAKBANK-III,20180319,0,0,0,1093.55,0,200000
KPIT-I,20180319,229.05,229.85,224,226.15,1411,9580500
KPIT-II,20180319,229.6,230,224.6,227.55,33,472500
KPIT-III,20180319,230.2,230.25,228.1,228.4,7,22500
KSCL-I,20180319,477.5,485,473.5,482.85,740,2829000
KSCL-II,20180319,477.95,487,477.95,487,14,31500
KSCL-III,20180319,0,0,0,493,0,0
KTKBANK-I,20180319,121,123.3,114.45,117.95,6269,21527000
KTKBANK-II,20180319,122.5,123.6,115.7,118.65,168,3663200
KTKBANK-III,20180319,122.05,122.05,117.4,117.85,10,524400
L&TFH-I,20180319,161.1,161.4,156.8,157.85,1926,32805000
L&TFH-II,20180319,162.05,162.05,157.85,158.65,237,2992500
L&TFH-III,20180319,159.8,159.8,159.8,159.8,2,688500
LICHSGFIN-I,20180319,516.05,518.7,505.25,511.75,3315,14160300
LICHSGFIN-II,20180319,518,520.8,508,514.4,243,583000
LICHSGFIN-III,20180319,512,512,512,512,1,7700
LT-I,20180319,1280.05,1293.95,1269,1283.05,7465,13068000
LT-II,20180319,1285.85,1299.2,1274.95,1288.75,227,315750
LT-III,20180319,1289.05,1298.95,1288.05,1290,8,20250
LUPIN-I,20180319,768,773.45,760.85,767.9,4389,13166400
LUPIN-II,20180319,771.85,777,765,772.15,385,1002600
LUPIN-III,20180319,771,779,771,776,5,280800
M&M-I,20180319,745,750.95,741.2,745.3,3351,14482000
M&M-II,20180319,752.25,753.7,744.8,747.5,200,820000
M&M-III,20180319,0,0,0,740,0,4000
M&MFIN-I,20180319,434,435.5,423.5,432.2,1804,8198750
M&MFIN-II,20180319,437,437,426.2,434.1,77,512500
M&MFIN-III,20180319,0,0,0,429.35,0,200000
MANAPPURAM-I,20180319,104.6,105.5,101.6,103,861,21390000
MANAPPURAM-II,20180319,105.25,105.7,102.5,103.6,64,1416000
MANAPPURAM-III,20180319,105.5,105.5,104,104.1,4,30000
MARICO-I,20180319,303.4,305,300.65,303.35,1059,4817800
MARICO-II,20180319,303,306,302.7,306,9,75400
MARICO-III,20180319,0,0,0,308.85,0,0
MARUTI-I,20180319,8751.15,8818.9,8729.5,8788.85,10312,2372775
MARUTI-II,20180319,8795.55,8851.15,8770.9,8832.45,716,143175
MARUTI-III,20180319,8820,8877.35,8800.05,8869,23,23400
MCDOWELL-N-I,20180319,3145.05,3150.8,3033.05,3043.75,2416,2142500
MCDOWELL-N-II,20180319,3122,3128.95,3051,3056.55,120,73000
MCDOWELL-N-III,20180319,3085,3085,3070,3070,2,3750
MCX-I,20180319,817.45,820.15,761,768.2,2838,3466000
MCX-II,20180319,822.8,822.8,766.1,773.5,228,200500
MCX-III,20180319,0,0,0,759.3,0,0
MFSL-I,20180319,453,453,429.4,432.7,629,3267000
MFSL-II,20180319,449,451.95,431.95,435.7,33,48000
MFSL-III,20180319,0,0,0,504.65,0,0
MGL-I,20180319,1018.7,1018.7,974.5,979.3,611,1107000
MGL-II,20180319,1017.65,1017.65,980.25,985.7,47,54000
MGL-III,20180319,0,0,0,1005.35,0,0
MINDTREE-I,20180319,819.6,819.6,774.95,781,4197,2203200
MINDTREE-II,20180319,815,816.45,778.8,782.85,101,170400
MINDTREE-III,20180319,787,787,787,787,1,4800
MOTHERSUMI-I,20180319,311.35,311.35,301.5,307.35,2472,17352000
MOTHERSUMI-II,20180319,312,312,303,308.45,217,1340800
MOTHERSUMI-III,20180319,0,0,0,313,0,396800
MRF-I,20180319,70700.05,70901,69969,70298.2,450,42900
MRF-II,20180319,70755,70935.4,70309.9,70576.9,23,915
MRF-III,20180319,0,0,0,71482.05,0,0
MRPL-I,20180319,116.95,117.1,112.2,112.5,447,4873500
MRPL-II,20180319,116.2,116.8,112.9,113,24,148500
MRPL-III,20180319,0,0,0,118,0,0
MUTHOOTFIN-I,20180319,397.05,402,385.9,389.95,948,1935000
MUTHOOTFIN-II,20180319,402.7,402.7,390,392.75,17,54000
MUTHOOTFIN-III,20180319,0,0,0,377.8,0,0
NATIONALUM-I,20180319,66.1,67.85,64.85,67.5,2471,39608000
NATIONALUM-II,20180319,66.7,68,65.45,67.8,72,1632000
NATIONALUM-III,20180319,68,68,68,68,1,40000
NBCC-I,20180319,203.9,205.25,198.25,200.05,1499,10128000
NBCC-II,20180319,207,207,199.4,200.75,90,1104000
NBCC-III,20180319,0,0,0,201.1,0,519000
NCC-I,20180319,122.1,123.7,118.55,119.65,2025,27408000
NCC-II,20180319,124,124.1,119.45,120.4,104,1728000
NCC-III,20180319,122.65,122.65,121.65,121.65,2,16000
NESTLEIND-I,20180319,7707.85,7732.75,7654.05,7685,298,250200
NESTLEIND-II,20180319,0,0,0,7702.35,0,2500
NESTLEIND-III,20180319,0,0,0,7691.2,0,0
NHPC-I,20180319,26.7,26.7,26.2,26.5,232,42714000
NHPC-II,20180319,26.8,26.8,26.4,26.65,49,3483000
NHPC-III,20180319,26.6,26.85,26.6,26.85,3,243000
NIITTECH-I,20180319,932.5,932.5,876,884.85,3619,1273500
NIITTECH-II,20180319,920,920,878.25,885.4,67,91500
NIITTECH-III,20180319,0,0,0,838.7,0,0
NMDC-I,20180319,122.1,123,116.8,117.8,2698,32004000
NMDC-II,20180319,122.5,122.8,117.45,118.3,494,3078000
NMDC-III,20180319,0,0,0,121.95,0,102000
NTPC-I,20180319,165.05,167.7,164,167,1610,27836000
NTPC-II,20180319,165.3,168.1,165.1,167.65,91,784000
NTPC-III,20180319,0,0,0,164,0,4000
OFSS-I,20180319,3930.15,3933.1,3820.35,3889.75,120,111450
OFSS-II,20180319,3870,3910.45,3856.35,3910.45,3,1500
OFSS-III,20180319,0,0,0,4170.8,0,0
OIL-I,20180319,332.3,339,328.45,330.25,569,2134572
OIL-II,20180319,334,334,326.85,328.35,20,219802
OIL-III,20180319,0,0,0,335.35,0,2266
ONGC-I,20180319,178.25,178.85,176.85,177.45,1740,34207500
ONGC-II,20180319,178.8,179.65,177.85,178.15,125,2220000
ONGC-III,20180319,179.3,179.55,178.85,178.85,3,146250
ORIENTBANK-I,20180319,101.95,102.9,94.35,95.3,2938,14130000
ORIENTBANK-II,20180319,102,102.15,95,95.7,107,2838000
ORIENTBANK-III,20180319,0,0,0,107.2,0,498000
PAGEIND-I,20180319,20587.9,20700,20225,20361.8,537,35600
PAGEIND-II,20180319,0,0,0,20715.2,0,500
PAGEIND-III,20180319,0,0,0,22693.55,0,0
PCJEWELLER-I,20180319,374,381.65,363.15,366.3,7390,5344500
PCJEWELLER-II,20180319,378.2,382.4,364.35,367.3,152,766500
PCJEWELLER-III,20180319,369.15,369.15,369.15,369.15,2,504000
PEL-I,20180319,2508.95,2520,2473.9,2494.1,1600,1885084
PEL-II,20180319,2518.7,2525.8,2490,2503.95,102,73386
PEL-III,20180319,0,0,0,2640.9,0,0
PETRONET-I,20180319,234.85,236.6,231.5,234.15,897,15885000
PETRONET-II,20180319,235.1,236,232.5,235.3,44,441000
PETRONET-III,20180319,233.55,233.55,233.5,233.5,2,15000
PFC-I,20180319,87.9,88.8,84.85,87.9,4195,70866000
PFC-II,20180319,88.65,89.2,85.4,88.3,411,6918000
PFC-III,20180319,89.05,89.5,86,89.5,12,1932000
PIDILITIND-I,20180319,919.2,921.5,904.05,905.85,694,1315000
PIDILITIND-II,20180319,912,915.5,911.25,915.5,3,29000
PIDILITIND-III,20180319,0,0,0,902.9,0,0
PNB-I,20180319,98.85,100.7,96.2,96.8,12539,69840000
PNB-II,20180319,99.5,101.1,96.8,97.15,1061,9452000
PNB-III,20180319,101,101.3,97.5,97.95,72,2976000
POWERGRID-I,20180319,193.85,195.7,193.1,194.65,1873,22604000
POWERGRID-II,20180319,194.75,196.35,194.1,195.7,49,444000
POWERGRID-III,20180319,196.4,197,196.1,196.1,3,8000
PTC-I,20180319,95.75,96.05,91.65,92.6,1037,24232000
PTC-II,20180319,95.2,95.2,92.25,92.95,259,1832000
PTC-III,20180319,0,0,0,99.7,1,808000
PVR-I,20180319,1301.3,1306.3,1251.5,1272.2,1031,618000
PVR-II,20180319,1285.05,1285.05,1260,1276.05,13,8000
PVR-III,20180319,0,0,0,1411.7,0,0
RAMCOCEM-I,20180319,765.4,765.4,738.1,746.05,669,924000
RAMCOCEM-II,20180319,756,756,740,742.95,13,12800
RAMCOCEM-III,20180319,0,0,0,728.1,0,0
RAYMOND-I,20180319,937.9,937.9,902.8,908.2,1529,4486400
RAYMOND-II,20180319,925.75,927,909,911.3,41,324800
RAYMOND-III,20180319,0,0,0,900,0,3200
RBLBANK-I,20180319,468.05,471,460.55,463.5,912,4623000
RBLBANK-II,20180319,472,472,464.4,465.2,97,305000
RBLBANK-III,20180319,0,0,0,479.1,0,0
RCOM-I,20180319,23.65,23.95,22.2,22.8,2374,105056000
RCOM-II,20180319,23.35,23.55,22.15,22.7,715,17752000
RCOM-III,20180319,23.65,23.75,22.55,22.7,29,1820000
RECLTD-I,20180319,128.8,128.9,121.65,125.1,4907,35820000
RECLTD-II,20180319,128.6,128.6,122.3,125.8,300,4272000
RECLTD-III,20180319,126.5,126.5,124.2,126.05,7,1134000
RELCAPITAL-I,20180319,431.2,432.45,415.2,420,6837,12897000
RELCAPITAL-II,20180319,433.4,434.3,418,422.45,607,777000
RELCAPITAL-III,20180319,423.55,426,423.55,426,3,123000
RELIANCE-I,20180319,902.15,908.4,895.5,899.2,12897,49336000
RELIANCE-II,20180319,906.25,912.75,900.05,903.35,934,3426000
RELIANCE-III,20180319,910,912.5,903.65,909.7,35,149000
RELINFRA-I,20180319,429,431.3,418.5,425.2,5764,8782800
RELINFRA-II,20180319,432.7,432.7,421.2,427.3,526,1570400
RELINFRA-III,20180319,0,0,0,445,0,517400
REPCOHOME-I,20180319,570,578,562.95,565.65,254,960300
REPCOHOME-II,20180319,575,575,566.3,567,11,13500
REPCOHOME-III,20180319,0,0,0,551.45,0,0
RNAVAL-I,20180319,34.45,34.6,32.45,32.95,785,39159000
RNAVAL-II,20180319,34.15,34.15,32.75,33.2,176,2790000
RNAVAL-III,20180319,0,0,0,36.5,0,36000
RPOWER-I,20180319,39.35,39.6,38.05,38.55,1028,60515000
RPOWER-II,20180319,39.65,39.65,38.3,38.85,105,6825000
RPOWER-III,20180319,38.9,38.9,38.9,38.9,1,1248000
SAIL-I,20180319,73,73,67.6,69.2,3295,92784000
SAIL-II,20180319,72.35,72.35,68,69.55,220,8712000
SAIL-III,20180319,70,70,68.8,68.95,4,1344000
SBIN-I,20180319,252.3,254.5,246.7,248.6,17664,80670000
SBIN-II,20180319,254,255.25,248,249.75,1038,5580000
SBIN-III,20180319,253.55,254,248.1,250,147,1656000
SHREECEM-I,20180319,16610,16645.2,16035.05,16104.7,449,71300
SHREECEM-II,20180319,16580,16580,16200,16197.85,6,1100
SHREECEM-III,20180319,0,0,0,17057.5,0,0
SIEMENS-I,20180319,1113,1113,1082,1093.6,388,827000
SIEMENS-II,20180319,1102.15,1102.15,1089.45,1094.6,14,41500
SIEMENS-III,20180319,1095,1095,1095,1095,1,500
SOUTHBANK-I,20180319,25.3,25.35,24.2,24.35,721,134187909
SOUTHBANK-II,20180319,25.15,25.2,24.3,24.5,73,13223259
SOUTHBANK-III,20180319,25.4,25.4,24.6,24.6,10,563397
SREINFRA-I,20180319,82.05,82.05,77.6,78.25,629,16905000
SREINFRA-II,20180319,81.5,81.5,78,78.8,38,315000
SREINFRA-III,20180319,0,0,0,79.45,0,5000
SRF-I,20180319,1874.5,1886.7,1854.2,1882.8,780,518500
SRF-II,20180319,1875,1889.9,1874.45,1889,12,15000
SRF-III,20180319,0,0,0,1936.7,0,0
SRTRANSFIN-I,20180319,1459.3,1463.65,1404.4,1409.65,2266,2553000
SRTRANSFIN-II,20180319,1450.15,1468,1410.7,1415.3,125,60000
SRTRANSFIN-III,20180319,1440,1441.55,1440,1441.35,3,6000
STAR-I,20180319,701.5,705.85,693.5,698.7,1319,3309600
STAR-II,20180319,708,708.8,700,701.5,27,313200
STAR-III,20180319,0,0,0,690,0,192600
SUNPHARMA-I,20180319,507.85,509.9,497.45,499.75,10157,55784300
SUNPHARMA-II,20180319,512,512.3,500.1,502.1,1012,3554100
SUNPHARMA-III,20180319,514.85,514.85,505,505.15,4,414700
SUNTV-I,20180319,910.05,911,886.95,906,3856,3945000
SUNTV-II,20180319,910.05,914.75,892,909.9,104,128000
SUNTV-III,20180319,0,0,0,924.75,0,7000
SUZLON-I,20180319,11.8,11.85,11.25,11.3,1575,330155000
SUZLON-II,20180319,11.95,11.95,11.35,11.4,495,37835000
SUZLON-III,20180319,11.75,11.75,11.5,11.5,71,5355000
SYNDIBANK-I,20180319,63.2,63.95,59.6,60.8,2343,31716000
SYNDIBANK-II,20180319,63.15,63.8,60.1,61.1,141,1854000
SYNDIBANK-III,20180319,0,0,0,61.6,0,27000
TATACHEM-I,20180319,681.2,684.3,664.5,668.25,1565,5913000
TATACHEM-II,20180319,683.5,683.5,669,671.45,69,288000
TATACHEM-III,20180319,0,0,0,676,0,67500
TATACOMM-I,20180319,629.1,632.15,624.75,627.8,1344,6401600
TATACOMM-II,20180319,634.8,634.85,628.5,631,35,47200
TATACOMM-III,20180319,0,0,0,630,0,0
TATAELXSI-I,20180319,1020.1,1020.1,980.9,983.05,1487,1731200
TATAELXSI-II,20180319,1013.85,1015.3,986.85,988.4,105,94400
TATAELXSI-III,20180319,0,0,0,1017.45,0,0
TATAGLOBAL-I,20180319,273.55,273.8,259.1,261.5,5443,22239000
TATAGLOBAL-II,20180319,275,275,260.55,262.7,321,981000
TATAGLOBAL-III,20180319,0,0,0,276.9,0,27000
TATAMOTORS-I,20180319,343,343.05,334.15,337.55,11518,64438500
TATAMOTORS-II,20180319,344,344.7,335.65,338.95,1601,6387000
TATAMOTORS-III,20180319,345.8,345.8,338,338,28,457500
TATAMTRDVR-I,20180319,190.5,190.85,187.7,189.3,1947,29530000
TATAMTRDVR-II,20180319,192.1,192.1,188.9,190.4,380,1885000
TATAMTRDVR-III,20180319,191,192,191,192,3,27500
TATAPOWER-I,20180319,80.3,80.8,79.1,79.7,834,61929000
TATAPOWER-II,20180319,80.4,80.85,79.55,80.15,78,1548000
TATAPOWER-III,20180319,0,0,0,80.55,0,9000
TATASTEEL-I,20180319,601.55,603.7,575.25,577.65,23764,30953614
TATASTEEL-II,20180319,604.95,605.15,578.25,580.2,1081,2480618
TATASTEEL-III,20180319,603,603,581,582.65,851,930497
TCS-I,20180319,2842.35,2856.2,2830,2837.55,8197,10850000
TCS-II,20180319,2858.65,2869,2847,2851.9,259,413500
TCS-III,20180319,2860.5,2862.45,2860,2862.45,9,91750
TECHM-I,20180319,635.65,637.6,610.8,612.15,3364,11989200
TECHM-II,20180319,633.85,634.4,614,615.1,200,420000
TECHM-III,20180319,626.75,626.75,626.75,626.75,1,145200
TITAN-I,20180319,880.05,893,869.1,872.3,6002,11691000
TITAN-II,20180319,887,896.45,872.75,874.85,214,444000
TITAN-III,20180319,893,893,884.5,884.7,3,10500
TORNTPHARM-I,20180319,1271.2,1279.65,1248,1269.05,291,755500
TORNTPHARM-II,20180319,1275,1275.25,1265.1,1269.95,8,7500
TORNTPHARM-III,20180319,0,0,0,1286.05,0,500
TORNTPOWER-I,20180319,251.95,252.1,239.75,241.2,1145,3996000
TORNTPOWER-II,20180319,249.05,249.05,242,242.6,39,156000
TORNTPOWER-III,20180319,0,0,0,259.35,0,0
TV18BRDCST-I,20180319,66.95,67.2,63.55,64.45,1343,72046000
TV18BRDCST-II,20180319,66.85,66.85,64,65.1,53,4726000
TV18BRDCST-III,20180319,0,0,0,68.25,0,1173000
TVSMOTOR-I,20180319,635.55,638.05,608,617.45,2692,4199000
TVSMOTOR-II,20180319,631.05,631.05,611.7,619.55,93,147000
TVSMOTOR-III,20180319,0,0,0,655,0,2000
UBL-I,20180319,1014,1017.85,980,998.55,1075,833000
UBL-II,20180319,1003.2,1003.2,985,1003,16,140000
UBL-III,20180319,0,0,0,1077.1,0,99400
UJJIVAN-I,20180319,350.9,350.9,336.45,340.6,1292,4457600
UJJIVAN-II,20180319,349.7,349.8,339.85,342.75,56,376000
UJJIVAN-III,20180319,0,0,0,337,0,204800
ULTRACEMCO-I,20180319,4064.1,4075.05,3970.95,3987.4,1873,1790400
ULTRACEMCO-II,20180319,4076,4078.4,3992,4009.4,317,70000
ULTRACEMCO-III,20180319,0,0,0,4180.3,0,50000
UNIONBANK-I,20180319,100.8,101.75,94.85,96.6,5113,30360000
UNIONBANK-II,20180319,101.55,101.8,95.35,97.2,759,4024000
UNIONBANK-III,20180319,102.4,102.4,96.75,97.1,12,548000
UPL-I,20180319,717.05,722.75,700.55,703.1,2844,12589200
UPL-II,20180319,719.8,723,704.7,707.25,150,309600
UPL-III,20180319,0,0,0,721.6,0,2400
VEDL-I,20180319,291.95,293.15,283,286.55,10159,37009000
VEDL-II,20180319,293.9,294.3,284.6,288.05,1245,4361000
VEDL-III,20180319,287.5,289.6,286,289.3,20,1083250
VGUARD-I,20180319,232.65,233.65,223.2,224.7,675,3006000
VGUARD-II,20180319,231.15,231.15,222,222.75,22,198000
VGUARD-III,20180319,0,0,0,229.95,0,0
VOLTAS-I,20180319,631.9,635.2,619.3,623.65,2800,3230000
VOLTAS-II,20180319,636.45,636.5,622.2,627.1,99,220000
VOLTAS-III,20180319,0,0,0,633,0,66000
WIPRO-I,20180319,293.85,296.1,287.8,288.75,1497,28372800
WIPRO-II,20180319,295.1,295.1,289.2,289.75,17,331200
WIPRO-III,20180319,0,0,0,298.4,0,0
WOCKPHARMA-I,20180319,765.55,770,747,753.4,1818,3185100
WOCKPHARMA-II,20180319,771,772.75,752.25,757.55,77,520200
WOCKPHARMA-III,20180319,0,0,0,777.15,0,99900
YESBANK-I,20180319,315.4,316.45,303.5,305.85,10998,45769500
YESBANK-II,20180319,317.7,317.7,305.1,307.4,685,2045750
YESBANK-III,20180319,312,312,305.5,306.95,11,530250
ZEEL-I,20180319,572.6,573.4,565.5,567.35,1543,7550400
ZEEL-II,20180319,575.65,575.65,568.5,569.3,64,174200
ZEEL-III,20180319,0,0,0,577.95,0,1300
