BANKNIFTY-I,20180119,26551.05,26947.75,26429.95,26896.05,104809,2400640
BANKNIFTY-II,20180119,26580.5,26974.95,26488.55,26931.6,12508,466080
BANKNIFTY-III,20180119,26581.1,27020.65,26514.75,26973.65,200,14360
FTSE100-I,20180119,0,0,0,7652,0,0
FTSE100-II,20180119,0,0,0,7503,0,0
FTSE100-III,20180119,0,0,0,7912,0,0
FTSE100-IIII,20180119,0,0,0,7982,0,0
FTSE100-IIIII,20180119,0,0,0,7867,0,0
FTSE100-IIIIII,20180119,0,0,0,7947,0,0
NIFTY-I,20180119,10820,10918.15,10792.15,10901.05,127613,30682800
NIFTY-II,20180119,10848.85,10936,10819.3,10921,19924,3189225
NIFTY-III,20180119,10860.1,10954,10833.7,10937.05,1356,346425
NIFTYCPSE-I,20180119,0,0,0,2752.3,0,0
NIFTYCPSE-II,20180119,0,0,0,2661.05,0,0
NIFTYCPSE-III,20180119,0,0,0,2729.2,0,0
NIFTYINFRA-I,20180119,0,0,0,3636.75,0,0
NIFTYINFRA-II,20180119,0,0,0,3569.3,0,0
NIFTYINFRA-III,20180119,0,0,0,3662.6,0,0
NIFTYIT-I,20180119,12443,12660,12443,12605,270,21700
NIFTYIT-II,20180119,12463,12609,12463,12604,18,1500
NIFTYIT-III,20180119,0,0,0,11682,0,0
NIFTYMID50-I,20180119,5423,5460,5423,5460,5,515400
NIFTYMID50-II,20180119,0,0,0,5289.3,0,0
NIFTYMID50-III,20180119,0,0,0,5588,0,0
NIFTYPSE-I,20180119,0,0,0,4478.55,0,0
NIFTYPSE-II,20180119,0,0,0,4297,0,0
NIFTYPSE-III,20180119,0,0,0,4378.2,0,0
ACC-I,20180119,1828.55,1834,1806.3,1823.15,1617,1278400
ACC-II,20180119,1831.55,1837.7,1814.3,1828.6,142,77600
ACC-III,20180119,0,0,0,1776.85,0,0
ADANIENT-I,20180119,193.85,200.3,188.85,199.2,11131,20996000
ADANIENT-II,20180119,194.05,201.35,190,200.3,595,1648000
ADANIENT-III,20180119,196.35,202.5,196.35,202.5,2,28000
ADANIPORTS-I,20180119,417.55,434.35,417.55,432.9,9228,13872500
ADANIPORTS-II,20180119,423.5,436.15,421.65,434.95,675,900000
ADANIPORTS-III,20180119,431,438.2,431,438.1,3,25000
ADANIPOWER-I,20180119,36.55,38.3,35.95,38.1,2933,112420000
ADANIPOWER-II,20180119,36.35,38.5,36.35,38.25,776,20420000
ADANIPOWER-III,20180119,36.65,37.25,36.3,37.25,4,220000
AJANTPHARM-I,20180119,1542.95,1571,1538.5,1565.65,1031,1026000
AJANTPHARM-II,20180119,1546.5,1575,1546.5,1570.5,83,52500
AJANTPHARM-III,20180119,0,0,0,1556.95,0,5000
ALBK-I,20180119,69.65,71.65,69.65,71,987,17140000
ALBK-II,20180119,70.5,71.95,70.3,71.35,137,2450000
ALBK-III,20180119,70.8,71.2,70.8,71.2,2,40000
AMARAJABAT-I,20180119,833.2,836.7,821.1,827.6,795,1704500
AMARAJABAT-II,20180119,834.55,840.6,826.6,831.65,142,140000
AMARAJABAT-III,20180119,0,0,0,867.9,0,700
AMBUJACEM-I,20180119,275.1,275.1,267.1,269.35,1759,13525000
AMBUJACEM-II,20180119,273.95,275.2,268,270.3,219,580000
AMBUJACEM-III,20180119,0,0,0,275,0,7500
ANDHRABANK-I,20180119,54.5,56.9,54.5,56.7,850,21850000
ANDHRABANK-II,20180119,54.8,57.2,54.8,57,144,3170000
ANDHRABANK-III,20180119,57.45,57.45,57.45,57.45,1,20000
APOLLOHOSP-I,20180119,1101.25,1143,1101.25,1140.15,967,747000
APOLLOHOSP-II,20180119,1121.7,1146.2,1121.45,1144.65,174,79500
APOLLOHOSP-III,20180119,0,0,0,1252.1,0,0
APOLLOTYRE-I,20180119,262,265.9,260.9,264.75,1839,10827000
APOLLOTYRE-II,20180119,262.6,267,262.3,266.1,509,1488000
APOLLOTYRE-III,20180119,0,0,0,275.5,0,3000
ARVIND-I,20180119,447.6,452.6,442.1,450.55,2324,5234000
ARVIND-II,20180119,451.45,454.7,445,452.7,328,538000
ARVIND-III,20180119,0,0,0,458.85,0,12000
ASHOKLEY-I,20180119,120.45,121.8,118.95,121.4,2933,47782000
ASHOKLEY-II,20180119,121.05,122.25,119.7,122,774,8666000
ASHOKLEY-III,20180119,120.6,122.7,120.05,122.7,7,245000
ASIANPAINT-I,20180119,1183.15,1194.35,1177.65,1190.15,2299,4099800
ASIANPAINT-II,20180119,1189.9,1198.55,1182.4,1195.7,193,217800
ASIANPAINT-III,20180119,0,0,0,1162.85,0,0
AUROPHARMA-I,20180119,647.1,649.25,635.5,643.75,6435,22760000
AUROPHARMA-II,20180119,651,652.4,638.6,646.8,2834,2903200
AUROPHARMA-III,20180119,647.65,651,643.3,650.85,11,84000
AXISBANK-I,20180119,583.5,594.8,581.25,591.7,11925,46654800
AXISBANK-II,20180119,585.95,597,584,594.15,3408,5532000
AXISBANK-III,20180119,593.05,598.15,584.4,598.15,24,104400
BAJAJ-AUTO-I,20180119,3222.55,3222.55,3172.5,3205.85,1649,1972250
BAJAJ-AUTO-II,20180119,3218.55,3222.7,3186.65,3219.35,205,72250
BAJAJ-AUTO-III,20180119,3230,3230,3230,3230,1,500
BAJAJFINSV-I,20180119,4897.1,4999.8,4852.2,4975.1,1460,762875
BAJAJFINSV-II,20180119,4920,5020,4883,4999.15,208,31125
BAJAJFINSV-III,20180119,0,0,0,5391.25,0,0
BAJFINANCE-I,20180119,1662.15,1711.7,1635.3,1705.25,7127,6023000
BAJFINANCE-II,20180119,1666.45,1718.95,1644.25,1713,1170,724500
BAJFINANCE-III,20180119,1675,1675,1675,1675,1,2500
BALKRISIND-I,20180119,1119.85,1154.9,1118,1141.35,708,1394400
BALKRISIND-II,20180119,1145,1161.5,1139,1147.3,175,127200
BALKRISIND-III,20180119,0,0,0,1213.7,0,0
BALRAMCHIN-I,20180119,126.8,129,121.75,122.8,677,18448500
BALRAMCHIN-II,20180119,126.5,127.6,122.6,123.75,304,1529500
BALRAMCHIN-III,20180119,0,0,0,124,0,87500
BANKBARODA-I,20180119,162.55,166.7,161.7,165.85,5719,48448000
BANKBARODA-II,20180119,164.3,167.4,162.6,166.6,784,5148000
BANKBARODA-III,20180119,165,168,165,166.15,3,92000
BANKINDIA-I,20180119,161.3,165.85,159.7,165.4,2826,18996000
BANKINDIA-II,20180119,160.7,166.5,160.6,166.1,372,2232000
BANKINDIA-III,20180119,0,0,0,162,0,30000
BATAINDIA-I,20180119,724,725.2,711.1,718.5,1160,2527800
BATAINDIA-II,20180119,727,728.5,714.5,721.8,395,388300
BATAINDIA-III,20180119,0,0,0,754.45,0,0
BEL-I,20180119,171.5,173.4,170.25,172.75,1087,30383100
BEL-II,20180119,172.5,174,171,173.25,439,4425300
BEL-III,20180119,172.1,174.15,172,172,3,24750
BEML-I,20180119,1507.4,1528,1493,1516.6,3389,2275200
BEML-II,20180119,1512.65,1536.3,1502.6,1523,435,159600
BEML-III,20180119,0,0,0,1550,0,1800
BERGEPAINT-I,20180119,255,255,245.1,246.95,896,2318800
BERGEPAINT-II,20180119,253,254.2,246.6,248.35,193,354200
BERGEPAINT-III,20180119,0,0,0,264.75,0,0
BHARATFIN-I,20180119,1005.25,1011.95,1002.05,1007.8,1892,7241000
BHARATFIN-II,20180119,1010.55,1017.05,1007.95,1012.65,775,1378000
BHARATFIN-III,20180119,0,0,0,1012.2,0,2000
BHARATFORG-I,20180119,721.45,737.9,720.3,735.5,1753,6732000
BHARATFORG-II,20180119,723.65,740.45,723.65,738.5,247,447600
BHARATFORG-III,20180119,732,732,732,732,1,4800
BHARTIARTL-I,20180119,488,501,485.2,498.9,11199,36216800
BHARTIARTL-II,20180119,488.55,500.5,486.4,499.05,2999,8748200
BHARTIARTL-III,20180119,490,496.95,490,496.95,5,25500
BHEL-I,20180119,97.35,98.55,96.3,97.65,2050,49155000
BHEL-II,20180119,97.6,98.8,96.65,97.9,627,7755000
BHEL-III,20180119,97.95,97.95,97.85,97.85,2,307500
BIOCON-I,20180119,546.35,569.65,543.15,565.1,12449,5956200
BIOCON-II,20180119,549,569,544.5,564.9,1688,2953800
BIOCON-III,20180119,559,568,559,564,7,10800
BOSCHLTD-I,20180119,19895.9,20000,19769.15,19977.3,608,139075
BOSCHLTD-II,20180119,19870,20091.9,19861.2,20063.25,68,5400
BOSCHLTD-III,20180119,19526.25,19526.25,19526.25,19526.25,1,75
BPCL-I,20180119,471.5,479.75,467.1,478.5,3873,10144800
BPCL-II,20180119,466.45,473,462.6,471.8,725,1830600
BPCL-III,20180119,460.55,469.9,460,469.9,9,95400
BRITANNIA-I,20180119,4664.65,4705,4636.95,4696.6,735,1113400
BRITANNIA-II,20180119,4696,4721.5,4664,4719.4,121,25600
BRITANNIA-III,20180119,0,0,0,4741.2,0,0
CADILAHC-I,20180119,438,452,434.5,442.35,2219,5136000
CADILAHC-II,20180119,438.75,455.35,437.35,444.65,330,400000
CADILAHC-III,20180119,0,0,0,433.45,0,1600
CANBK-I,20180119,349,365,347.2,362.25,7545,10702400
CANBK-II,20180119,350.5,366.65,348.9,364.05,787,948800
CANBK-III,20180119,366,366,366,366,1,8000
CANFINHOME-I,20180119,461.25,479.5,461.25,475.55,1517,5515000
CANFINHOME-II,20180119,466.45,481.45,465.1,477.2,451,732500
CANFINHOME-III,20180119,0,0,0,482.45,0,0
CAPF-I,20180119,763.9,778.65,749.25,767.1,5125,5846400
CAPF-II,20180119,771,781.95,753.85,770.05,1187,840800
CAPF-III,20180119,780.3,780.7,767,771.5,7,51200
CASTROLIND-I,20180119,186.8,189,186.1,187.8,1089,20280400
CASTROLIND-II,20180119,187.85,190,187.55,188.85,555,2870000
CASTROLIND-III,20180119,0,0,0,196,0,5600
CEATLTD-I,20180119,1896,1896.35,1858.5,1873.3,2257,1144150
CEATLTD-II,20180119,1888.2,1901.95,1872.55,1882.05,264,98350
CEATLTD-III,20180119,0,0,0,1901.3,0,350
CENTURYTEX-I,20180119,1391.75,1417.5,1378.05,1413.25,4936,4459400
CENTURYTEX-II,20180119,1398.15,1424,1387.6,1421,1602,3716350
CENTURYTEX-III,20180119,1398.65,1398.7,1397.4,1397.4,4,2200
CESC-I,20180119,1106.9,1132,1095.25,1112.7,2755,5438950
CESC-II,20180119,1110.4,1135.9,1101.65,1117.45,846,994950
CESC-III,20180119,1120,1120,1106.25,1106.25,2,163350
CGPOWER-I,20180119,94.1,95.85,93.8,95.6,660,21240000
CGPOWER-II,20180119,94.65,96.4,94.3,96.2,198,2520000
CGPOWER-III,20180119,0,0,0,94,0,12000
CHENNPETRO-I,20180119,443.55,455.1,437.3,449.15,905,3604500
CHENNPETRO-II,20180119,446,456.6,442.25,451.45,68,127500
CHENNPETRO-III,20180119,0,0,0,434.6,0,0
CHOLAFIN-I,20180119,1310.8,1331,1304,1325.2,359,1118500
CHOLAFIN-II,20180119,1320,1335,1310,1329.2,108,39500
CHOLAFIN-III,20180119,0,0,0,1308.2,0,0
CIPLA-I,20180119,604.55,605.6,600.1,604,1100,8812000
CIPLA-II,20180119,607.35,608.55,604.05,607.05,271,510000
CIPLA-III,20180119,0,0,0,608,0,6000
COALINDIA-I,20180119,282.65,285.5,280.2,284.25,2051,19157600
COALINDIA-II,20180119,280.35,282,278,280.95,584,2670800
COALINDIA-III,20180119,269,273.45,268.8,271.65,89,807400
COLPAL-I,20180119,1159,1160.95,1144.1,1150.65,440,1215900
COLPAL-II,20180119,1159.55,1164.05,1150.25,1155.75,41,42700
COLPAL-III,20180119,0,0,0,1170,0,700
CONCOR-I,20180119,1452.2,1479.25,1451.05,1472,1582,1286875
CONCOR-II,20180119,1452.8,1479.95,1452.8,1472.85,241,161250
CONCOR-III,20180119,0,0,0,1397.8,0,0
CUMMINSIND-I,20180119,914.4,914.4,893.25,904.85,390,625800
CUMMINSIND-II,20180119,906.7,908.95,896,906.5,116,97200
CUMMINSIND-III,20180119,0,0,0,927.8,0,0
DABUR-I,20180119,363.2,366.4,359.45,363.75,594,10037500
DABUR-II,20180119,364.05,366.65,361.75,365.5,106,167500
DABUR-III,20180119,0,0,0,350.35,0,0
DALMIABHA-I,20180119,3130.05,3130.05,3016.85,3038.6,451,678600
DALMIABHA-II,20180119,3099,3099,3035,3052.05,78,17700
DALMIABHA-III,20180119,0,0,0,3275.25,0,0
DCBBANK-I,20180119,184.65,190.35,182.9,189.7,1405,7267500
DCBBANK-II,20180119,184.7,191.05,184.1,190.6,198,967500
DCBBANK-III,20180119,190.9,190.9,190.9,190.9,1,18000
DHFL-I,20180119,589.75,617.4,582.9,614.5,8324,30027000
DHFL-II,20180119,589.35,620,585.55,617.8,1197,1537500
DHFL-III,20180119,610,610,608,608,3,19500
DISHTV-I,20180119,73.25,74.2,72.35,72.9,486,41097000
DISHTV-II,20180119,73.3,74.35,73.05,73.3,46,2478000
DISHTV-III,20180119,0,0,0,79.6,0,42000
DIVISLAB-I,20180119,1095.45,1102.95,1082.4,1098.05,1456,2586400
DIVISLAB-II,20180119,1101.25,1108,1089.2,1102.95,204,196000
DIVISLAB-III,20180119,0,0,0,1093,0,2400
DLF-I,20180119,249.55,253.5,245.85,249.55,3517,46100000
DLF-II,20180119,250.25,254.5,247.65,250.95,274,5135000
DLF-III,20180119,254.05,254.05,251.85,251.85,3,335000
DRREDDY-I,20180119,2470.5,2508,2456,2495.55,3608,3617500
DRREDDY-II,20180119,2479.35,2517.85,2470.55,2509.25,1339,1366750
DRREDDY-III,20180119,2524,2524,2524,2524,3,1500
EICHERMOT-I,20180119,27999.55,28239,27837.75,28067.35,2754,234775
EICHERMOT-II,20180119,28299.85,28348.4,27960.05,28184.2,310,21525
EICHERMOT-III,20180119,28332.85,28332.85,28332.85,28332.85,1,75
ENGINERSIN-I,20180119,179.15,181.65,176.95,180.5,1356,10710000
ENGINERSIN-II,20180119,180.35,182.5,178,181.35,470,1956500
ENGINERSIN-III,20180119,0,0,0,184,0,10500
EQUITAS-I,20180119,150.95,156.5,150,155.75,2738,22998400
EQUITAS-II,20180119,152.15,157.25,151.1,156.55,603,1865600
EQUITAS-III,20180119,0,0,0,152.8,0,6400
ESCORTS-I,20180119,760.85,778.75,757.7,773,2789,3413300
ESCORTS-II,20180119,766.65,782.95,762.3,776.65,345,381700
ESCORTS-III,20180119,0,0,0,815,0,4400
EXIDEIND-I,20180119,220.15,224.15,219.6,221.85,1124,13904000
EXIDEIND-II,20180119,222.35,225.1,220.85,222.9,413,1716000
EXIDEIND-III,20180119,225.65,225.65,224.5,224.5,2,16000
FEDERALBNK-I,20180119,101.85,104.35,101.2,103.45,4825,71923500
FEDERALBNK-II,20180119,102.5,104.9,102,104,1421,13970000
FEDERALBNK-III,20180119,103.05,105.3,102.9,104.5,23,632500
FORTIS-I,20180119,146.65,147.5,144.55,146.15,955,41118000
FORTIS-II,20180119,146.5,147.7,145.75,146.95,503,7731500
FORTIS-III,20180119,0,0,0,165,0,7000
GAIL-I,20180119,467.65,471.25,460.45,469.75,2816,13142000
GAIL-II,20180119,469.45,469.7,460.9,467.6,500,874000
GAIL-III,20180119,465.2,465.2,463,463,2,16000
GLENMARK-I,20180119,630.15,630.95,619,624.45,1181,5830200
GLENMARK-II,20180119,633,634,622.85,627.6,389,729000
GLENMARK-III,20180119,0,0,0,630.2,0,17100
GMRINFRA-I,20180119,22.85,23.25,22.1,22.55,914,242730000
GMRINFRA-II,20180119,24,24,22.25,22.65,367,59040000
GMRINFRA-III,20180119,0,0,0,24.4,0,675000
GODFRYPHLP-I,20180119,996.8,997.9,977.7,994.15,263,847000
GODFRYPHLP-II,20180119,993.55,1003,985,998.5,81,93000
GODFRYPHLP-III,20180119,0,0,0,1003.6,0,0
GODREJCP-I,20180119,1037.95,1053.15,1032.35,1049.65,1262,1708000
GODREJCP-II,20180119,1044.3,1056.8,1037.55,1054.5,125,72800
GODREJCP-III,20180119,0,0,0,1040,0,800
GODREJIND-I,20180119,610.7,623.9,607.85,621.9,446,1827000
GODREJIND-II,20180119,618.9,626,613.9,624.6,56,151500
GODREJIND-III,20180119,0,0,0,612.35,0,0
GRANULES-I,20180119,136.4,137.75,134,135.9,863,14555000
GRANULES-II,20180119,136.7,138.3,134.8,136.4,321,1680000
GRANULES-III,20180119,0,0,0,146.8,0,25000
GRASIM-I,20180119,1223.45,1231.6,1184,1224.15,2396,3218250
GRASIM-II,20180119,1224.85,1236,1188.8,1230.45,323,165750
GRASIM-III,20180119,1240.05,1240.05,1220,1220,2,6000
GSFC-I,20180119,151.05,154.2,150.8,153,1114,20812500
GSFC-II,20180119,153,154.95,151.95,153.75,287,3024000
GSFC-III,20180119,0,0,0,155.85,0,18000
HAVELLS-I,20180119,550.7,552.45,541.2,549.3,1444,3242000
HAVELLS-II,20180119,552.65,553.9,544,551.35,169,242000
HAVELLS-III,20180119,0,0,0,559.4,0,0
HCC-I,20180119,36.55,37.5,36.3,36.85,728,54435000
HCC-II,20180119,36.9,37.4,36.9,37.05,143,9105000
HCC-III,20180119,0,0,0,39.8,0,75000
HCLTECH-I,20180119,959.75,964.65,943.3,959.45,5621,10494400
HCLTECH-II,20180119,965,966.7,945.3,961.35,498,296100
HCLTECH-III,20180119,0,0,0,892.45,0,0
HDFC-I,20180119,1909.45,1912,1892.05,1905.8,7128,17014500
HDFC-II,20180119,1902,1917.5,1901.6,1913.65,1922,2224000
HDFC-III,20180119,1910.55,1921,1909,1909,5,14500
HDFCBANK-I,20180119,1934.85,1956,1918.25,1950.4,25258,22788500
HDFCBANK-II,20180119,1938.15,1956.75,1920.55,1951.3,3112,2745000
HDFCBANK-III,20180119,1950.1,1953.8,1934,1952,9,76500
HDIL-I,20180119,61.25,61.75,59.55,61.05,890,29547000
HDIL-II,20180119,61.45,62.15,59.6,61.45,112,5130000
HDIL-III,20180119,0,0,0,66.1,0,18000
HEROMOTOCO-I,20180119,3569.65,3621.95,3563.85,3604.55,2205,1779200
HEROMOTOCO-II,20180119,3600.05,3635.2,3578.75,3617.15,443,138800
HEROMOTOCO-III,20180119,3579.5,3579.5,3558,3576.1,19,19200
HEXAWARE-I,20180119,351.45,354.75,347.3,351.65,898,3564000
HEXAWARE-II,20180119,350.3,351,344.7,348.65,78,474000
HEXAWARE-III,20180119,348.75,348.75,348.75,348.75,2,21000
HINDALCO-I,20180119,254.4,259.95,252.5,259.05,5921,42178500
HINDALCO-II,20180119,256.3,261,254,260.25,1045,3510500
HINDALCO-III,20180119,256,261.25,256,260,12,66500
HINDPETRO-I,20180119,415.3,421.35,410.7,417.65,4754,24601500
HINDPETRO-II,20180119,409.9,415.25,406.5,412.95,783,2192400
HINDPETRO-III,20180119,408,411,405.5,409.95,11,146475
HINDUNILVR-I,20180119,1362.7,1374,1352.95,1366.25,3061,10582200
HINDUNILVR-II,20180119,1376.05,1376.05,1360,1372.15,533,505200
HINDUNILVR-III,20180119,0,0,0,1400,0,600
HINDZINC-I,20180119,307.2,308.95,298.3,300.45,2084,7571200
HINDZINC-II,20180119,307.2,309.85,300,301.7,445,1011200
HINDZINC-III,20180119,298.1,298.1,298.1,298.1,1,3200
IBULHSGFIN-I,20180119,1255.25,1310,1250,1304.2,21927,14352800
IBULHSGFIN-II,20180119,1253.65,1306.7,1245,1301.75,3220,2431200
IBULHSGFIN-III,20180119,1278,1309.8,1278,1309.8,5,2400
ICICIBANK-I,20180119,345.7,354.95,340.75,353.8,17146,84249000
ICICIBANK-II,20180119,345.45,355.75,341.55,354.65,2359,12504250
ICICIBANK-III,20180119,343.15,355,343.15,355,24,305250
ICICIPRULI-I,20180119,414.35,436,409.55,430.9,8404,6217900
ICICIPRULI-II,20180119,413.5,438,411.95,433.1,607,370500
ICICIPRULI-III,20180119,416.2,420.75,415.7,420.75,5,45500
ICIL-I,20180119,115.6,120.7,113.25,120,690,7195000
IDBI-I,20180119,59.95,61.4,59.55,60.6,1075,29350000
IDBI-II,20180119,60.2,61.65,60,60.95,236,5510000
IDBI-III,20180119,61,61,61,61,1,140000
IDEA-I,20180119,101.1,103.6,99.1,102.25,4354,54516000
IDEA-II,20180119,101,104.05,99.6,102.8,887,6118000
IDEA-III,20180119,0,0,0,104.15,0,217000
IDFC-I,20180119,59.35,59.45,57.6,58.2,3625,171996000
IDFC-II,20180119,59.45,59.85,57.9,58.5,1725,32142000
IDFC-III,20180119,58.95,58.95,58.95,58.95,1,171600
IDFCBANK-I,20180119,59.2,59.65,57.35,58.85,7966,168534000
IDFCBANK-II,20180119,59.35,59.95,57.65,59.15,2551,26316000
IDFCBANK-III,20180119,58.4,59.5,58.4,59.5,2,531000
IFCI-I,20180119,30.05,30.95,29.4,30.4,659,73546000
IFCI-II,20180119,29.75,31,29.65,30.6,161,8778000
IFCI-III,20180119,0,0,0,33.05,0,264000
IGL-I,20180119,306.05,313.35,302.05,312.55,1252,7986000
IGL-II,20180119,306.5,314.8,304,314,323,1259500
IGL-III,20180119,0,0,0,333.65,0,0
INDIACEM-I,20180119,184,186.7,176.6,184.45,2409,20506500
INDIACEM-II,20180119,184.65,187.45,178.2,185.55,383,2576000
INDIACEM-III,20180119,0,0,0,207,0,52500
INDIANB-I,20180119,378,386.5,373,382.45,1454,4266000
INDIANB-II,20180119,378.7,388.05,375.75,384.15,246,466000
INDIANB-III,20180119,0,0,0,389.6,0,2000
INDIGO-I,20180119,1186.65,1212,1180.9,1208.25,1462,2683800
INDIGO-II,20180119,1193.15,1216.6,1189,1214.85,313,209400
INDIGO-III,20180119,0,0,0,1226.75,0,0
INDUSINDBK-I,20180119,1674,1689.85,1665.2,1684,7067,5858100
INDUSINDBK-II,20180119,1666.15,1681,1661.9,1674.9,2851,2952000
INDUSINDBK-III,20180119,1668,1682.6,1666,1672,19,37200
INFIBEAM-I,20180119,142.25,144.9,141.35,143.85,1410,23652000
INFIBEAM-II,20180119,141.65,144.95,141.65,143.65,952,14212000
INFIBEAM-III,20180119,143.2,144.9,143.2,144.4,62,860000
INFRATEL-I,20180119,346.75,349.7,340.35,347.35,2553,9684900
INFRATEL-II,20180119,349.35,351,341.9,348.65,451,771800
INFRATEL-III,20180119,342,347,342,346.05,6,85000
INFY-I,20180119,1141.65,1148.1,1133.3,1142.7,9405,30199200
INFY-II,20180119,1146.1,1152.05,1139.05,1145.55,2156,4543800
INFY-III,20180119,1149.65,1154,1142.85,1151.9,15,66000
IOC-I,20180119,378.05,387.1,376.05,385.55,4473,9742500
IOC-II,20180119,373.3,377,369.45,376.35,1811,2962500
IOC-III,20180119,370.9,378.05,370.85,378.05,7,55500
IRB-I,20180119,237.8,240.55,232.6,237.7,2016,15397500
IRB-II,20180119,238.5,241.85,233.45,238.15,765,2490000
IRB-III,20180119,240.8,241,240.8,241,2,5000
ITC-I,20180119,271.65,277.55,270.7,274.1,23480,91653600
ITC-II,20180119,277.15,278.8,272.2,275.4,3160,11138400
ITC-III,20180119,277.35,279.9,274.85,276.6,20,132000
JETAIRWAYS-I,20180119,794.3,813.5,779.1,795.2,4714,5880000
JETAIRWAYS-II,20180119,800,817,784.3,798.85,408,406800
JETAIRWAYS-III,20180119,0,0,0,820,0,2400
JINDALSTEL-I,20180119,264.25,265.9,250,264.85,8466,27108000
JINDALSTEL-II,20180119,265,267.25,252.1,266.1,1186,2430000
JINDALSTEL-III,20180119,260.9,266.2,259.2,266.2,4,72000
JISLJALEQS-I,20180119,133.2,138.15,131.05,135.85,1304,41247000
JISLJALEQS-II,20180119,135,138.2,132,137.15,84,1710000
JISLJALEQS-III,20180119,0,0,0,138,0,9000
JPASSOCIAT-I,20180119,21,22.05,20.5,21.8,2703,201620000
JPASSOCIAT-II,20180119,21.5,22.15,20.65,21.9,782,25942000
JPASSOCIAT-III,20180119,21.75,22.25,20.8,22.15,15,340000
JSWENERGY-I,20180119,89.95,92.85,89.5,92,2038,35785000
JSWSTEEL-I,20180119,279.55,283,272.8,281.95,5621,51552000
JSWSTEEL-II,20180119,279.85,284.5,274.5,283.5,1317,3303000
JSWSTEEL-III,20180119,280.65,280.65,280.65,280.65,1,75000
JUBLFOOD-I,20180119,1950,2110,1947,2093.1,35751,3537500
JUBLFOOD-II,20180119,1963.65,2115,1963.65,2100.55,2462,465000
JUBLFOOD-III,20180119,2088,2121,2054.05,2106.45,12,7000
JUSTDIAL-I,20180119,565.2,577.15,536.55,557.4,11406,3725400
JUSTDIAL-II,20180119,572.05,578.6,541.4,559.05,1084,499800
JUSTDIAL-III,20180119,572,572,551.2,564,12,11200
KAJARIACER-I,20180119,715.4,719.9,708.75,718.2,450,1264800
KAJARIACER-II,20180119,719.35,725.5,713,723.15,59,87200
KAJARIACER-III,20180119,0,0,0,722.1,0,0
KOTAKBANK-I,20180119,1049.3,1060,1040.55,1057.6,14128,13275200
KOTAKBANK-II,20180119,1049.5,1062,1042.3,1059.35,1355,1486400
KOTAKBANK-III,20180119,1054,1054,1054,1054,6,56000
KPIT-I,20180119,193.15,197.75,191.5,197.05,1514,13135500
KPIT-II,20180119,193.5,198.5,192.55,198.05,219,990000
KPIT-III,20180119,197,197,197,197,1,31500
KSCL-I,20180119,510,517,502.9,510.5,259,4393500
KSCL-II,20180119,518.45,519,508.55,515.8,42,142500
KSCL-III,20180119,0,0,0,546.1,0,1500
KTKBANK-I,20180119,157.5,161,156.55,159.25,2671,24046400
KTKBANK-II,20180119,158.35,161.65,157.6,160.2,511,2975400
KTKBANK-III,20180119,161.9,161.9,161.9,161.9,1,140600
L&TFH-I,20180119,171.9,172.95,169.55,172.3,2421,38938500
L&TFH-II,20180119,173,173.95,170.6,173.3,625,5535000
L&TFH-III,20180119,173.25,174.1,172.35,173.65,8,1012500
LICHSGFIN-I,20180119,551.85,563.45,550.65,562.05,3984,17079700
LICHSGFIN-II,20180119,555.05,565.95,554.85,564.75,768,1298000
LICHSGFIN-III,20180119,563.05,564,563.05,564,2,7700
LT-I,20180119,1361.6,1376.1,1349.6,1373.45,5848,13189500
LT-II,20180119,1359.8,1380.6,1355.25,1377.35,1483,1944000
LT-III,20180119,1374,1384.5,1374,1384.5,2,51750
LUPIN-I,20180119,924.5,925.95,908.15,923.25,5686,11590800
LUPIN-II,20180119,925.15,930,913,927.75,1845,1480800
LUPIN-III,20180119,921,934,918,932.45,12,32400
M&M-I,20180119,760.1,768,750.5,765.75,3548,13366000
M&M-II,20180119,767.5,771.5,754.05,769.25,682,894000
M&M-III,20180119,759,759,759,759,1,0
M&MFIN-I,20180119,474.15,480.4,465.8,472.45,3179,5237500
M&MFIN-II,20180119,475,482.35,468,474.45,1031,826250
M&MFIN-III,20180119,0,0,0,476.15,0,0
MANAPPURAM-I,20180119,115.7,120.9,111.6,119.75,5516,31620000
MANAPPURAM-II,20180119,115.6,121.65,113.9,120.15,743,2982000
MANAPPURAM-III,20180119,116.15,119.95,116.15,119.95,3,30000
MARICO-I,20180119,311.7,315.5,311.2,314.5,362,5460000
MARICO-II,20180119,313.25,315.75,311.5,314.7,101,481000
MARICO-III,20180119,0,0,0,322.6,0,0
MARUTI-I,20180119,9350.15,9447.7,9292,9347.35,13173,2319225
MARUTI-II,20180119,9407,9462.7,9335.95,9391.2,4714,396750
MARUTI-III,20180119,9441.2,9465.15,9386,9426.55,23,25275
MCDOWELL-N-I,20180119,3692.15,3735,3634,3717.7,3966,1850750
MCDOWELL-N-II,20180119,3720.75,3750.75,3658.2,3735.65,591,149500
MCDOWELL-N-III,20180119,3737.95,3748.65,3700.05,3748.65,4,3750
MCX-I,20180119,842.55,848.85,835,838.95,1206,3939500
MCX-II,20180119,845,851.1,840,843.35,371,522500
MCX-III,20180119,0,0,0,864,0,7000
MFSL-I,20180119,549.75,558.15,547,549.8,568,2768000
MFSL-II,20180119,557,560.4,550.1,553.3,101,88000
MFSL-III,20180119,0,0,0,581,0,1000
MGL-I,20180119,1048.15,1053,1027.35,1049.15,970,1276800
MGL-II,20180119,1052,1057,1033.85,1053.15,207,139200
MGL-III,20180119,0,0,0,1072.9,0,3600
MINDTREE-I,20180119,672.1,704.4,671.4,701.4,4641,2625600
MINDTREE-II,20180119,687,707.25,675,704.65,367,289200
MINDTREE-III,20180119,0,0,0,640.95,0,1200
MOTHERSUMI-I,20180119,377.05,383.55,373.65,382.15,1291,11137600
MOTHERSUMI-II,20180119,379,384.9,376.2,384.05,176,576000
MOTHERSUMI-III,20180119,0,0,0,377.35,0,0
MRF-I,20180119,69268,69485,68709.55,69344.7,624,58050
MRF-II,20180119,69237.55,69806.15,69100,69674,115,2595
MRF-III,20180119,0,0,0,74681.75,0,0
MRPL-I,20180119,126.3,127.7,124.3,126.4,602,11961000
MRPL-II,20180119,125.9,128.35,125,126.95,155,648000
MRPL-III,20180119,0,0,0,131.3,0,0
MUTHOOTFIN-I,20180119,431.95,438,424.5,435.85,671,2548500
MUTHOOTFIN-II,20180119,433.3,440.55,429.75,438.7,261,408000
MUTHOOTFIN-III,20180119,0,0,0,475.5,0,1500
NATIONALUM-I,20180119,75.7,77.5,74.9,77.3,1969,48280000
NATIONALUM-II,20180119,76.55,77.8,75.4,77.65,666,7480000
NATIONALUM-III,20180119,0,0,0,75.5,0,216000
NBCC-I,20180119,237.15,242,234.1,241.1,684,11328000
NBCC-II,20180119,238.1,243.05,235.25,242.2,192,1035000
NBCC-III,20180119,0,0,0,244.8,0,3000
NCC-I,20180119,123.4,127.4,121.25,126.7,2481,27504000
NCC-II,20180119,123.6,128,122.15,127.45,638,5160000
NCC-III,20180119,124,125,124,125,3,144000
NESTLEIND-I,20180119,7752.9,7793,7665.05,7691.4,191,136000
NESTLEIND-II,20180119,7770,7771.65,7710,7720.9,10,1700
NESTLEIND-III,20180119,0,0,0,7857.55,0,0
NHPC-I,20180119,29.65,30.05,29.4,29.95,738,53730000
NHPC-II,20180119,29.1,29.75,28.8,29.2,545,17793000
NHPC-III,20180119,0,0,0,30.2,0,486000
NIITTECH-I,20180119,704.05,736.45,685,731.25,3305,1293000
NIITTECH-II,20180119,701.75,739.25,689.55,734.95,157,67500
NIITTECH-III,20180119,0,0,0,717.5,0,1500
NMDC-I,20180119,144.65,147.15,143.25,146.8,1532,38418000
NMDC-II,20180119,145,147.35,143.5,146.95,352,8556000
NMDC-III,20180119,143.45,146.85,142.3,146.85,6,420000
NTPC-I,20180119,171.4,173,170.4,172.65,1932,30160000
NTPC-II,20180119,171.4,172.05,168.95,171,731,3888000
NTPC-III,20180119,0,0,0,173.4,0,52000
OFSS-I,20180119,4023.25,4150.05,3994,4109.8,189,106650
OFSS-II,20180119,4040,4173.8,4033.8,4117.5,33,2400
OFSS-III,20180119,0,0,0,4127,0,0
OIL-I,20180119,376,379.5,371.7,374.2,359,2383832
OIL-II,20180119,373.15,375.5,368.25,369.6,91,353496
OIL-III,20180119,0,0,0,381,0,11330
ONGC-I,20180119,194.45,196,191.6,194.1,2671,38505000
ONGC-II,20180119,194.95,196.4,192.3,194.45,603,6382500
ONGC-III,20180119,195.95,195.95,193.5,193.5,4,243750
ORIENTBANK-I,20180119,121.05,123.95,120.1,123.1,1495,14568000
ORIENTBANK-II,20180119,121.9,124.5,120.8,123.8,268,2898000
ORIENTBANK-III,20180119,0,0,0,120.5,0,24000
PAGEIND-I,20180119,22240.05,22350.85,21858.5,22109.2,199,48900
PAGEIND-II,20180119,22263.9,22275,22000,22162.45,30,2350
PAGEIND-III,20180119,0,0,0,25564.95,0,0
PCJEWELLER-I,20180119,583.6,594,576.05,589.2,10041,15831000
PCJEWELLER-II,20180119,585.45,596,578.1,591.8,702,1482000
PCJEWELLER-III,20180119,587,589.9,582,582,3,33000
PEL-I,20180119,2782.95,2810.85,2748.05,2791.3,1464,1507800
PEL-II,20180119,2790,2822,2764.1,2804.25,558,135300
PEL-III,20180119,0,0,0,2891.4,0,0
PETRONET-I,20180119,236,239,232.1,238.15,1906,19500000
PETRONET-II,20180119,237.5,239.95,233.5,238.9,735,2214000
PETRONET-III,20180119,235.05,235.95,235,235.95,4,15000
PFC-I,20180119,119.6,122.4,119.2,120.6,3724,59520000
PFC-II,20180119,120,122.5,119.3,120.8,1371,12516000
PFC-III,20180119,120.65,121.5,119.8,119.85,11,570000
PIDILITIND-I,20180119,892.05,898.65,886.95,892.65,531,1289000
PIDILITIND-II,20180119,890.4,901.65,890.4,896.1,77,126000
PIDILITIND-III,20180119,0,0,0,903,0,4000
PNB-I,20180119,170.4,178,169.7,176.95,11471,40260000
PNB-II,20180119,171.65,178.9,170.6,177.9,1296,4320000
PNB-III,20180119,175,178.3,175,178.3,2,40000
POWERGRID-I,20180119,196.4,198.3,194.8,196.7,1804,27304000
POWERGRID-II,20180119,197.05,198.65,195.3,196.8,431,3268000
POWERGRID-III,20180119,197.25,197.25,197.15,197.15,2,68000
PTC-I,20180119,114.25,116.4,113.6,116.05,694,19312000
PTC-II,20180119,114.9,116.8,114.6,116.6,237,2776000
PTC-III,20180119,115.5,115.5,115.5,115.5,1,184000
PVR-I,20180119,1473.9,1484.9,1459.25,1472.75,568,475600
PVR-II,20180119,1479.4,1490,1464.95,1478.55,29,26400
PVR-III,20180119,0,0,0,1488,0,800
RAMCOCEM-I,20180119,787.2,790.85,772.1,782.4,415,397600
RAMCOCEM-II,20180119,789,792.7,776.6,784.1,31,22400
RAMCOCEM-III,20180119,0,0,0,817.85,0,800
RAYMOND-I,20180119,1071.4,1087.8,1059,1084.3,2073,4894400
RAYMOND-II,20180119,1075.1,1093.4,1065.6,1090,231,370400
RAYMOND-III,20180119,0,0,0,1062,0,36800
RBLBANK-I,20180119,527,535,520.65,524.75,2173,6015000
RBLBANK-II,20180119,530.55,537.75,523,527.3,712,734000
RBLBANK-III,20180119,531.15,531.15,527.05,527.05,3,7000
RCOM-I,20180119,28.75,30,27.85,29.55,3228,76832000
RCOM-II,20180119,28.8,30.1,28,29.75,365,12852000
RCOM-III,20180119,28.75,30.35,28.75,30.35,9,924000
RECLTD-I,20180119,152.5,158.8,152.5,156.85,4967,35778000
RECLTD-II,20180119,150.1,152.9,147.2,151.15,1900,15024000
RECLTD-III,20180119,147,152.5,146.75,151.05,46,2100000
RELCAPITAL-I,20180119,523.25,536.3,512.55,530.7,12952,13176750
RELCAPITAL-II,20180119,521.7,538.45,516.1,533.35,2599,1455750
RELCAPITAL-III,20180119,525.25,526.25,525.25,526.25,2,6750
RELIANCE-I,20180119,922.95,935.95,922.8,932.2,16294,44724000
RELIANCE-II,20180119,928.5,939.75,927.9,936.3,2754,5594000
RELIANCE-III,20180119,937,942.7,934,940.85,34,218000
RELINFRA-I,20180119,507,522.6,500.55,518.75,10597,11108500
RELINFRA-II,20180119,510.45,525,503.5,521.25,1441,1964300
RELINFRA-III,20180119,516,516,511.7,511.7,2,10400
REPCOHOME-I,20180119,676.25,692.25,671.95,686.4,602,735300
REPCOHOME-II,20180119,678.5,695,678.5,690.2,274,208800
REPCOHOME-III,20180119,0,0,0,730,0,5400
RNAVAL-I,20180119,50.1,50.8,48,50.15,1786,34452000
RNAVAL-II,20180119,49.5,51,48.35,50.3,425,6003000
RNAVAL-III,20180119,0,0,0,54.25,0,9000
RPOWER-I,20180119,48.75,49.5,46.45,49.1,3505,51610000
RPOWER-II,20180119,48.1,49.75,46.85,49.3,1025,10725000
RPOWER-III,20180119,48.85,49.7,48.7,48.8,9,156000
SAIL-I,20180119,92.5,94.3,91.1,93.6,4441,65124000
SAIL-II,20180119,93.1,94.8,91.55,94.05,1143,16080000
SAIL-III,20180119,93.45,94,93.45,94,4,840000
SBIN-I,20180119,303.45,309.8,302.5,309.15,17979,73302000
SBIN-II,20180119,304.15,311.05,304.15,310.45,3406,11076000
SBIN-III,20180119,308.2,312.6,306.95,311.8,39,546000
SHREECEM-I,20180119,18478,18605.95,18180,18419.7,229,47150
SHREECEM-II,20180119,18832.7,18832.7,18270,18503.7,56,7100
SHREECEM-III,20180119,0,0,0,18265.8,0,0
SIEMENS-I,20180119,1290.7,1299,1254.5,1290.25,1277,749000
SIEMENS-II,20180119,1295,1306.3,1261.15,1296.05,253,153500
SIEMENS-III,20180119,0,0,0,1254.4,0,0
SOUTHBANK-I,20180119,31.85,32.45,31.55,32.35,1237,163683399
SOUTHBANK-II,20180119,32,32.6,31.75,32.5,307,20447997
SOUTHBANK-III,20180119,32.25,32.25,32,32,2,927948
SREINFRA-I,20180119,100.75,101.5,98.75,100.9,698,20010000
SREINFRA-II,20180119,101.25,102.1,99.5,101.45,192,1785000
SREINFRA-III,20180119,102.2,102.2,102.2,102.2,1,10000
SRF-I,20180119,1905.05,1926.9,1870,1909.25,1630,664500
SRF-II,20180119,1900,1932.9,1885.7,1913.75,159,56000
SRF-III,20180119,0,0,0,2039.9,0,1500
SRTRANSFIN-I,20180119,1442.25,1463.45,1412.75,1432.9,2069,1801800
SRTRANSFIN-II,20180119,1450,1467.75,1419.6,1437.45,484,211800
SRTRANSFIN-III,20180119,0,0,0,1521,0,600
STAR-I,20180119,802.55,807.8,794.05,805.65,1059,4288200
STAR-II,20180119,802.05,812,799,809.7,384,372000
STAR-III,20180119,0,0,0,841.9,0,0
SUNPHARMA-I,20180119,580.9,580.9,569.1,573.85,12769,45094500
SUNPHARMA-II,20180119,582.2,582.95,572.1,576.45,6377,9821900
SUNPHARMA-III,20180119,584.75,584.8,574.7,578.9,25,171600
SUNTV-I,20180119,1041.7,1057.7,1016.75,1052.45,5312,4500000
SUNTV-II,20180119,1041.75,1058.4,1020,1054.55,579,255000
SUNTV-III,20180119,1032,1055,1032,1054.85,9,50000
SUZLON-I,20180119,14.85,15.25,14.6,15.15,2210,369635000
SUZLON-II,20180119,14.95,15.3,14.75,15.25,906,67270000
SUZLON-III,20180119,15,15.35,15,15.35,27,4480000
SYNDIBANK-I,20180119,77.2,79.9,76.4,79.2,1773,22860000
SYNDIBANK-II,20180119,77,80.25,76.95,79.75,501,3231000
SYNDIBANK-III,20180119,78.6,78.6,78.6,78.6,1,81000
TATACHEM-I,20180119,731,735,718.1,726.8,2015,9322500
TATACHEM-II,20180119,732.15,738.7,722,730.55,551,1101000
TATACHEM-III,20180119,0,0,0,742.45,0,0
TATACOMM-I,20180119,635.8,640,627.25,636,2067,8097600
TATACOMM-II,20180119,635,643.55,632,639.1,975,967200
TATACOMM-III,20180119,0,0,0,641,0,6400
TATAELXSI-I,20180119,1035.35,1053.65,1018.1,1039.95,3042,2016000
TATAELXSI-II,20180119,1034.65,1057.75,1023.45,1045.3,286,164000
TATAELXSI-III,20180119,0,0,0,1039.5,0,2400
TATAGLOBAL-I,20180119,305.4,310,301.65,309.2,4918,25204500
TATAGLOBAL-II,20180119,306.2,311.5,303.65,310.65,912,4540500
TATAGLOBAL-III,20180119,306.6,311.7,306,308,10,54000
TATAMOTORS-I,20180119,415,421.5,414.3,419.25,7648,54378000
TATAMOTORS-II,20180119,416.85,423.25,416.85,421.35,1904,8028000
TATAMOTORS-III,20180119,422.45,423.95,420.95,423,9,235500
TATAMTRDVR-I,20180119,242.25,245.05,241.6,244.05,1695,23370000
TATAMTRDVR-II,20180119,244.05,245.95,243.75,245.25,665,2387500
TATAMTRDVR-III,20180119,241.3,241.3,241.3,241.3,1,25000
TATAPOWER-I,20180119,90.7,92.45,90.4,92.2,2072,69327000
TATAPOWER-II,20180119,90.5,92.85,90.5,92.7,498,8721000
TATAPOWER-III,20180119,93.05,93.3,92.1,93.3,4,90000
TATASTEEL-I,20180119,752.55,762.45,744.1,754.95,14817,18410000
TATASTEEL-II,20180119,757.45,765.35,747.75,758.1,2194,2051000
TATASTEEL-III,20180119,757.85,766,752.9,757.7,74,297000
TCS-I,20180119,2910.4,2966.7,2892.05,2947.7,7331,7231750
TCS-II,20180119,2926.8,2975,2904.6,2958.15,1081,550750
TCS-III,20180119,2924.6,2950,2924.6,2949,4,3750
TECHM-I,20180119,553.45,556.9,547.95,553.75,1844,14617200
TECHM-II,20180119,555.6,558,548.6,554.95,347,722400
TECHM-III,20180119,0,0,0,552.55,0,4800
TITAN-I,20180119,887.25,899,881.3,895.45,3796,8211000
TITAN-II,20180119,892,903.75,886.3,899.55,786,1900500
TITAN-III,20180119,900.1,900.1,894.55,894.55,3,165000
TORNTPHARM-I,20180119,1433.1,1438.6,1420,1429.1,266,346500
TORNTPHARM-II,20180119,1436.5,1436.5,1422,1432,27,18500
TORNTPHARM-III,20180119,0,0,0,1400.8,0,500
TORNTPOWER-I,20180119,289.7,305,288.05,303,3184,3972000
TORNTPOWER-II,20180119,293.25,306.5,290.15,304.85,158,255000
TORNTPOWER-III,20180119,0,0,0,297.45,0,3000
TV18BRDCST-I,20180119,60,60.4,58.55,59.6,1905,74154000
TV18BRDCST-II,20180119,59.7,60.7,59,60,321,8007000
TV18BRDCST-III,20180119,0,0,0,60.5,0,85000
TVSMOTOR-I,20180119,721,723.55,710,717.9,1420,5316000
TVSMOTOR-II,20180119,724.9,726.2,713.6,720.8,361,594000
TVSMOTOR-III,20180119,721,740.85,721,721,4,16000
UBL-I,20180119,1084.15,1103.05,1069.05,1096.45,944,1591100
UBL-II,20180119,1095,1107.65,1075.9,1101.25,76,64400
UBL-III,20180119,1100,1100,1100,1100,1,4900
UJJIVAN-I,20180119,396.05,411,390.1,409.65,3204,6968000
UJJIVAN-II,20180119,398,412.9,393,411.6,466,531200
UJJIVAN-III,20180119,0,0,0,402.4,0,12800
ULTRACEMCO-I,20180119,4380.35,4386.3,4282.05,4314.85,3419,1649200
ULTRACEMCO-II,20180119,4390,4392.1,4303,4337.05,426,133600
ULTRACEMCO-III,20180119,0,0,0,4560,0,400
UNIONBANK-I,20180119,138.25,142,137.5,141.75,3156,23684000
UNIONBANK-II,20180119,138.65,142.65,138.05,142.45,585,3876000
UNIONBANK-III,20180119,142.05,142.05,142.05,142.05,1,44000
UPL-I,20180119,801.5,807.7,791.3,803.3,4215,10527600
UPL-II,20180119,804.2,811.75,795.7,807.2,595,895200
UPL-III,20180119,807.5,807.5,807.5,807.5,1,16800
VEDL-I,20180119,325.65,333.95,323.1,332.35,12148,45736250
VEDL-II,20180119,325.6,335.2,324.85,333.55,1730,2938250
VEDL-III,20180119,328.15,332.65,324.9,331.65,24,204750
VGUARD-I,20180119,236.3,241.8,233.15,240.45,779,2784000
VGUARD-II,20180119,235.85,242.45,234.6,241.9,121,264000
VGUARD-III,20180119,0,0,0,238.1,0,3000
VOLTAS-I,20180119,604.6,621,603.25,618.85,3440,2825000
VOLTAS-II,20180119,607.6,622.05,606.2,620.7,363,289000
VOLTAS-III,20180119,0,0,0,666.75,0,0
WIPRO-I,20180119,326.65,329.25,320.3,328.4,4455,40269600
WIPRO-II,20180119,319,324.35,316.7,323.7,1838,5220000
WIPRO-III,20180119,321.75,327.65,316,327.65,3,40800
WOCKPHARMA-I,20180119,919.95,931.95,887.05,907.1,3183,3148200
WOCKPHARMA-II,20180119,918,935.2,892.65,911,664,400500
WOCKPHARMA-III,20180119,0,0,0,926.45,0,0
YESBANK-I,20180119,346.4,351.95,338.35,348.8,22310,47386500
YESBANK-II,20180119,348,353.45,340.1,350.3,3911,4618250
YESBANK-III,20180119,350,354.3,343,351.45,21,98000
ZEEL-I,20180119,589.75,602.5,586.45,601.25,4130,8266700
ZEEL-II,20180119,594.45,605,589.2,603.8,505,552500
ZEEL-III,20180119,0,0,0,618.5,0,39000
