BANKNIFTY-I,20171017,24740.25,24824,24580.5,24655,57659,2104840
BANKNIFTY-II,20171017,24772.35,24888,24655,24724.4,1829,137440
BANKNIFTY-III,20171017,24813.25,24949.95,24728.25,24783.15,111,11480
DJIA-I,20171017,22947.5,22955,22932.5,22945,258,17760
DJIA-II,20171017,22900,22925,22892.5,22910,207,6120
DJIA-III,20171017,0,0,0,22335,0,0
DJIA-IIII,20171017,0,0,0,22790,0,0
FTSE100-I,20171017,0,0,0,7549,0,0
FTSE100-II,20171017,0,0,0,7552,0,0
FTSE100-III,20171017,0,0,0,7457,0,0
FTSE100-IIII,20171017,0,0,0,7912,0,0
FTSE100-IIIII,20171017,0,0,0,7982,0,0
FTSE100-IIIIII,20171017,0,0,0,7867,0,0
NIFTY-I,20171017,10240.65,10271.4,10228,10253.7,68350,26799150
NIFTY-II,20171017,10276.85,10301.75,10257,10285.3,5549,1688175
NIFTY-III,20171017,10310.05,10334.5,10291.3,10317.8,3116,462300
NIFTYCPSE-I,20171017,0,0,0,2423.05,0,0
NIFTYCPSE-II,20171017,0,0,0,2505.1,0,0
NIFTYCPSE-III,20171017,0,0,0,2531.5,0,0
NIFTYINFRA-I,20171017,0,0,0,3430.55,0,0
NIFTYINFRA-II,20171017,0,0,0,3376.25,0,0
NIFTYINFRA-III,20171017,0,0,0,3261.55,0,0
NIFTYIT-I,20171017,10963,11000,10940,10954,47,33400
NIFTYIT-II,20171017,0,0,0,11131,0,50
NIFTYIT-III,20171017,0,0,0,10689,0,0
NIFTYMID50-I,20171017,0,0,0,4822.75,0,0
NIFTYMID50-II,20171017,0,0,0,4782,0,0
NIFTYMID50-III,20171017,0,0,0,4732.3,0,0
NIFTYPSE-I,20171017,0,0,0,3997.7,0,0
NIFTYPSE-II,20171017,0,0,0,4196.35,0,0
NIFTYPSE-III,20171017,0,0,0,4060.8,0,0
S&P500-I,20171017,2554,2557.5,2554,2556.5,312,230250
S&P500-II,20171017,2551.25,2552.25,2550,2551,245,76500
S&P500-III,20171017,0,0,0,2540.5,0,0
S&P500-IIII,20171017,0,0,0,2595.25,0,0
ACC-I,20171017,1789.15,1819,1767.15,1796.15,11424,1937200
ACC-II,20171017,1793,1827,1778.65,1805.25,233,107200
ACC-III,20171017,1836.25,1836.25,1836.25,1836.25,1,3200
ADANIENT-I,20171017,117.65,119.5,117.4,118.55,1034,29864000
ADANIENT-II,20171017,119.3,119.75,118.95,119.2,40,680000
ADANIENT-III,20171017,0,0,0,120.7,0,8000
ADANIPORTS-I,20171017,406.4,409.5,403.9,408.05,1462,7875000
ADANIPORTS-II,20171017,408.05,410.65,408,410.05,45,557500
ADANIPORTS-III,20171017,0,0,0,393,0,2500
ADANIPOWER-I,20171017,29.85,30.1,29.75,29.95,542,102680000
ADANIPOWER-II,20171017,30.2,30.2,29.95,30.1,47,2300000
ADANIPOWER-III,20171017,30.4,30.4,30.4,30.4,1,60000
AJANTPHARM-I,20171017,1213.05,1217.55,1194.75,1203.2,887,813600
AJANTPHARM-II,20171017,1208,1223.25,1200,1207.7,44,29200
AJANTPHARM-III,20171017,0,0,0,1159.35,0,0
ALBK-I,20171017,66.25,67.4,66.1,66.65,751,13470000
ALBK-II,20171017,66.7,67.65,66.65,67,66,1150000
ALBK-III,20171017,0,0,0,67.5,0,0
AMARAJABAT-I,20171017,683,698,683,695.55,2004,2675400
AMARAJABAT-II,20171017,689.95,701,688.95,699.25,227,150000
AMARAJABAT-III,20171017,703,703,702,702,2,6600
AMBUJACEM-I,20171017,279.4,284.05,278.8,282.05,1543,11037500
AMBUJACEM-II,20171017,281.8,285.4,281,283.75,71,257500
AMBUJACEM-III,20171017,0,0,0,283,0,7500
ANDHRABANK-I,20171017,55.15,56.35,55,55.6,1104,22940000
ANDHRABANK-II,20171017,55.7,56.6,55.4,56,77,1590000
ANDHRABANK-III,20171017,56.5,56.5,56.5,56.5,2,20000
APOLLOHOSP-I,20171017,1079.75,1079.75,1065.45,1073.2,446,1485500
APOLLOHOSP-II,20171017,1081.1,1081.1,1072,1078,11,19500
APOLLOHOSP-III,20171017,0,0,0,1008.1,0,0
APOLLOTYRE-I,20171017,242.6,246.85,241.2,246.05,2455,13305000
APOLLOTYRE-II,20171017,244.75,248.15,242.75,247.5,69,759000
APOLLOTYRE-III,20171017,0,0,0,239.2,0,18000
ARVIND-I,20171017,396.2,396.2,386,390.8,1633,5646000
ARVIND-II,20171017,395,395.2,389,393.2,34,220000
ARVIND-III,20171017,0,0,0,376.6,0,2000
ASHOKLEY-I,20171017,127.05,129.1,126.75,128.55,4092,56819000
ASHOKLEY-II,20171017,127.85,129.7,127.5,129.3,281,1876000
ASHOKLEY-III,20171017,129.6,130,129.5,129.85,8,175000
ASIANPAINT-I,20171017,1176.05,1200.8,1176,1198.4,2819,3257400
ASIANPAINT-II,20171017,1185.25,1203,1185.25,1202.15,93,49800
ASIANPAINT-III,20171017,0,0,0,1147.9,0,0
AUROPHARMA-I,20171017,762.25,774.3,755.95,765.7,7656,16615200
AUROPHARMA-II,20171017,765.8,778,760,769.8,424,370400
AUROPHARMA-III,20171017,0,0,0,753,0,1600
AXISBANK-I,20171017,521.3,526.45,510.95,513.8,20891,39332400
AXISBANK-II,20171017,524,529.35,514.1,516.6,1141,4227600
AXISBANK-III,20171017,528.55,528.55,515,520.2,8,61200
BAJAJ-AUTO-I,20171017,3238,3318,3225.65,3270.3,11992,1918250
BAJAJ-AUTO-II,20171017,3253.95,3330.4,3248,3288.75,196,54000
BAJAJ-AUTO-III,20171017,0,0,0,3087.5,0,0
BAJAJFINSV-I,20171017,5398.95,5420,5315.9,5360.05,1839,773000
BAJAJFINSV-II,20171017,5370,5440,5366,5385.1,42,11375
BAJAJFINSV-III,20171017,0,0,0,5123.5,0,0
BAJFINANCE-I,20171017,1883.9,1908.8,1861.15,1873.9,9712,5695000
BAJFINANCE-II,20171017,1885.6,1918.15,1871.6,1883.25,781,324500
BAJFINANCE-III,20171017,1919.8,1922.85,1881,1899.5,16,5500
BALKRISIND-I,20171017,1728.7,1742,1712,1732.7,388,518400
BALKRISIND-II,20171017,1728.9,1738,1728.9,1735,3,9600
BALKRISIND-III,20171017,0,0,0,1719.45,0,3200
BALRAMCHIN-I,20171017,159.4,161.5,158.65,160.05,511,14700000
BALRAMCHIN-II,20171017,161.7,162.75,160,161.05,76,1564500
BALRAMCHIN-III,20171017,161.85,161.85,161.85,161.85,1,143500
BANKBARODA-I,20171017,139.05,141,138.25,139.5,4373,57757000
BANKBARODA-II,20171017,139.5,141.7,139.2,140.3,396,1921500
BANKBARODA-III,20171017,140.65,140.65,140.65,140.65,1,17500
BANKINDIA-I,20171017,137.4,139.9,137.3,138.15,1665,20766000
BANKINDIA-II,20171017,138.7,140.5,138.25,138.9,53,1044000
BANKINDIA-III,20171017,0,0,0,139.45,0,12000
BATAINDIA-I,20171017,783.95,789.65,777.1,784.3,897,2186800
BATAINDIA-II,20171017,788,792,783.7,787.05,36,157300
BATAINDIA-III,20171017,0,0,0,769.1,0,15400
BEL-I,20171017,169.2,171.5,169.2,171.25,513,14310450
BEL-II,20171017,171.2,172.4,171.15,172.25,38,529650
BEL-III,20171017,0,0,0,166.15,0,0
BEML-I,20171017,1754.8,1829,1748.7,1784.45,10080,2422200
BEML-II,20171017,1769.95,1838.9,1769.95,1794.15,315,105000
BEML-III,20171017,0,0,0,1669.4,0,0
BERGEPAINT-I,20171017,264.75,268.35,263.6,265.7,317,1524600
BERGEPAINT-II,20171017,266.05,268.4,265.5,267.15,11,46200
BERGEPAINT-III,20171017,0,0,0,259.9,0,6600
BHARATFIN-I,20171017,1026.75,1033.5,1019.3,1024.6,4819,12843000
BHARATFIN-II,20171017,1027.5,1038.05,1026.4,1030.7,215,503000
BHARATFIN-III,20171017,0,0,0,1049.85,0,13000
BHARATFORG-I,20171017,644.8,656.35,636.1,637.85,2609,7068000
BHARATFORG-II,20171017,649.85,658.6,639.4,640.15,215,242400
BHARATFORG-III,20171017,0,0,0,647.8,0,2400
BHARTIARTL-I,20171017,455.85,470.55,455.75,467.7,14215,30156300
BHARTIARTL-II,20171017,459.9,472.85,458.45,470.05,1403,4136100
BHARTIARTL-III,20171017,462.55,470.05,462,470,18,105400
BHEL-I,20171017,83.8,85.05,83.8,84.55,1278,48075000
BHEL-II,20171017,84.5,85.4,84.5,85,129,3075000
BHEL-III,20171017,85.1,85.5,85.1,85.5,2,60000
BIOCON-I,20171017,376.95,389.3,373.3,386.85,3456,9840600
BIOCON-II,20171017,376.5,390.15,375,388.55,246,1486800
BIOCON-III,20171017,384.9,388,384.9,389.1,7,7200
BOSCHLTD-I,20171017,22251.35,22251.4,21800,22092.85,499,106925
BOSCHLTD-II,20171017,22134.4,22245,22090,22196.35,27,825
BOSCHLTD-III,20171017,0,0,0,21009.35,0,0
BPCL-I,20171017,497.9,513.8,494.65,512.45,4379,13879800
BPCL-II,20171017,498.55,515,498.55,514.2,153,329400
BPCL-III,20171017,0,0,0,470.2,0,0
BRITANNIA-I,20171017,4563.65,4650,4563.65,4620.55,1260,731000
BRITANNIA-II,20171017,4598.4,4674.25,4598.4,4643.8,27,15200
BRITANNIA-III,20171017,0,0,0,4685,0,1200
CADILAHC-I,20171017,502.8,503.15,496.1,498.3,909,3169600
CADILAHC-II,20171017,502.1,505.6,499.1,501.35,36,62400
CADILAHC-III,20171017,0,0,0,503.05,0,3200
CANBK-I,20171017,308.9,312.95,307.2,309.25,3306,12749256
CANBK-II,20171017,310.05,314.35,309.8,310.55,133,459516
CANBK-III,20171017,0,0,0,312.05,0,9252
CANFINHOME-I,20171017,549.1,556.8,549.1,553.45,839,3398750
CANFINHOME-II,20171017,558.45,559,553.6,556.05,42,135000
CANFINHOME-III,20171017,0,0,0,2674.55,0,0
CAPF-I,20171017,766,773.6,758.6,765.3,772,2992000
CAPF-II,20171017,770,776.95,765,769.85,37,61600
CAPF-III,20171017,0,0,0,773.15,0,2400
CASTROLIND-I,20171017,374.6,380.85,374.5,380.15,1497,11062800
CASTROLIND-II,20171017,379,383,377.5,382.25,107,149800
CASTROLIND-III,20171017,386.25,386.25,386.25,386.25,1,8400
CEATLTD-I,20171017,1732.8,1747.95,1717.1,1742.75,2166,1498000
CEATLTD-II,20171017,1738,1754.75,1727,1752.2,33,35000
CEATLTD-III,20171017,0,0,0,1719.25,0,0
CENTURYTEX-I,20171017,1290.1,1322.85,1286,1312.35,5100,7560300
CENTURYTEX-II,20171017,1300.65,1328,1294.55,1319.75,238,121550
CENTURYTEX-III,20171017,0,0,0,1240.95,0,3300
CESC-I,20171017,1033.35,1046.5,1030,1041.55,1085,5232700
CESC-II,20171017,1041.25,1050,1040.9,1047.25,38,75900
CESC-III,20171017,0,0,0,1047.9,0,3300
CGPOWER-I,20171017,78.5,79.7,78.25,79.5,353,26988000
CGPOWER-II,20171017,79.25,80,78.8,79.6,30,756000
CGPOWER-III,20171017,0,0,0,77.95,0,0
CHENNPETRO-I,20171017,439,449.4,437,447.3,824,1869000
CHENNPETRO-II,20171017,445,450.7,444,450.3,18,64500
CHENNPETRO-III,20171017,0,0,0,397.3,0,0
CHOLAFIN-I,20171017,1135,1141,1127.75,1135.95,231,418000
CHOLAFIN-II,20171017,1140,1144.75,1140,1144.75,4,4500
CHOLAFIN-III,20171017,0,0,0,1101.35,0,0
CIPLA-I,20171017,607.45,634.75,603.05,631.2,4880,7522000
CIPLA-II,20171017,609.35,637,606.8,634.85,214,315000
CIPLA-III,20171017,634,634,634,634,1,1000
COALINDIA-I,20171017,289.75,291.2,288,289.7,1489,20456100
COALINDIA-II,20171017,291.85,291.85,289,290.7,105,894200
COALINDIA-III,20171017,290.7,292.75,290.7,291.7,3,25500
COLPAL-I,20171017,1058.15,1059.65,1025,1038.9,2195,1928500
COLPAL-II,20171017,1050,1054.4,1032,1044.4,98,67900
COLPAL-III,20171017,0,0,0,1093,0,0
CONCOR-I,20171017,1352,1369,1338.3,1343.4,795,1328750
CONCOR-II,20171017,1360.35,1360.65,1345,1348.6,13,11875
CONCOR-III,20171017,0,0,0,1340.2,0,0
CUMMINSIND-I,20171017,897.65,904.25,892.25,897.3,363,639600
CUMMINSIND-II,20171017,900,904.1,898,903,11,24000
CUMMINSIND-III,20171017,0,0,0,908.35,0,0
DABUR-I,20171017,323.2,323.75,319.2,321.15,475,12917500
DABUR-II,20171017,321.5,323,319.85,321.55,23,105000
DABUR-III,20171017,0,0,0,325,0,5000
DALMIABHA-I,20171017,2744,2753.05,2705.4,2715.5,435,615000
DALMIABHA-II,20171017,2748.1,2750.5,2725,2729.7,14,15300
DALMIABHA-III,20171017,0,0,0,2586.45,0,0
DCBBANK-I,20171017,187.7,187.85,181.15,184.8,2845,7290000
DCBBANK-II,20171017,188,188,183.4,185.8,165,508500
DCBBANK-III,20171017,0,0,0,192.55,0,13500
DHFL-I,20171017,562.95,600,557.15,591.15,5865,26593500
DHFL-II,20171017,564.4,600,564.4,594.25,82,238500
DHFL-III,20171017,0,0,0,562.6,0,3000
DISHTV-I,20171017,72.7,72.75,71.55,72.35,483,21322000
DISHTV-II,20171017,72.9,73,72,72.7,66,700000
DISHTV-III,20171017,0,0,0,73.55,0,28000
DIVISLAB-I,20171017,876.15,887.8,872.05,885.65,2334,5495200
DIVISLAB-II,20171017,878.05,891.2,878,890.05,102,184800
DIVISLAB-III,20171017,883,888,883,885.45,11,5600
DLF-I,20171017,173.9,179.9,172.65,179.25,9933,46495000
DLF-II,20171017,174.65,180.8,174,180.35,515,1340000
DLF-III,20171017,0,0,0,175.5,0,10000
DRREDDY-I,20171017,2399.9,2404,2380.05,2388.15,2590,3342400
DRREDDY-II,20171017,2400,2412.4,2395,2401.9,1127,356800
DRREDDY-III,20171017,0,0,0,2442.7,0,2000
EICHERMOT-I,20171017,31795.75,31947.95,31415.85,31910.35,1629,151675
EICHERMOT-II,20171017,31889,32117.8,31600,32086.3,131,11100
EICHERMOT-III,20171017,0,0,0,31500,0,75
ENGINERSIN-I,20171017,151.45,153.05,150.75,151.3,699,11189500
ENGINERSIN-II,20171017,152,153.6,151.65,152.15,54,535500
ENGINERSIN-III,20171017,153.9,154.2,153.9,154.2,3,17500
EQUITAS-I,20171017,153.8,157.1,152.65,156.05,1185,13068800
EQUITAS-II,20171017,154.75,158.1,153.35,157.1,180,931200
EQUITAS-III,20171017,0,0,0,154.35,0,0
ESCORTS-I,20171017,719.95,732,719.95,728.1,2195,3000800
ESCORTS-II,20171017,728.7,736,728,732.35,89,126500
ESCORTS-III,20171017,0,0,0,714.3,0,1100
EXIDEIND-I,20171017,206.4,209.75,204.55,208.85,2529,16120000
EXIDEIND-II,20171017,205.1,209.5,204.75,208.4,271,1532000
EXIDEIND-III,20171017,0,0,0,207.5,0,16000
FEDERALBNK-I,20171017,126.25,127.75,125.15,126.05,8609,70785000
FEDERALBNK-II,20171017,127,128.9,126,126.75,345,3916000
FEDERALBNK-III,20171017,128,128.05,126.65,127.3,7,231000
FORTIS-I,20171017,151.55,152.4,149.6,150.15,835,40424400
FORTIS-II,20171017,152.2,153.35,150.7,151,252,1071900
FORTIS-III,20171017,0,0,0,147.8,0,0
GAIL-I,20171017,442.05,445.3,437.95,439.05,2239,16564000
GAIL-II,20171017,444.95,447.1,439.7,440.3,125,458000
GAIL-III,20171017,0,0,0,402.55,0,0
GLENMARK-I,20171017,615.25,617.5,608.5,612.3,1808,6832000
GLENMARK-II,20171017,620.05,620.1,612.25,615.9,225,372400
GLENMARK-III,20171017,618.3,618.3,618.3,618.3,1,9100
GMRINFRA-I,20171017,16.15,16.2,15.95,16.15,401,288225000
GMRINFRA-II,20171017,16.25,16.35,16.1,16.25,82,17910000
GMRINFRA-III,20171017,16.3,16.3,16.3,16.3,1,675000
GODFRYPHLP-I,20171017,1020.55,1043.35,1007.15,1029.05,836,561000
GODFRYPHLP-II,20171017,1015.5,1046.65,1014.05,1034.65,62,30500
GODFRYPHLP-III,20171017,0,0,0,1019.65,0,0
GODREJCP-I,20171017,984.75,984.95,968.1,973.7,658,1870400
GODREJCP-II,20171017,979.95,980.7,978.15,978.15,4,19200
GODREJCP-III,20171017,0,0,0,914.7,0,0
GODREJIND-I,20171017,614.6,614.6,604.4,608.55,696,3456000
GODREJIND-II,20171017,610,613.45,608.05,611.8,80,118500
GODREJIND-III,20171017,0,0,0,611.5,0,18000
GRANULES-I,20171017,141.3,143.85,139.65,143.3,1630,15660000
GRANULES-II,20171017,142,144.7,140.5,144.05,83,585000
GRANULES-III,20171017,0,0,0,143.8,0,15000
GRASIM-I,20171017,1148.25,1154.85,1133,1138.45,1427,4005750
GRASIM-II,20171017,1153,1160,1139.1,1144.35,171,246000
GRASIM-III,20171017,0,0,0,1175,0,750
GSFC-I,20171017,136.7,139.7,135.05,137.3,1307,18450000
GSFC-II,20171017,136.5,140,136,138.05,204,787500
GSFC-III,20171017,0,0,0,139,0,4500
HAVELLS-I,20171017,543.25,549.5,540,547.5,1578,3582000
HAVELLS-II,20171017,542.2,551,542.2,549.55,45,158000
HAVELLS-III,20171017,0,0,0,510.25,0,12000
HCC-I,20171017,33.4,33.6,33.15,33.4,244,27240000
HCC-II,20171017,33.75,33.8,33.4,33.6,33,1308000
HCC-III,20171017,33.8,33.8,33.8,33.8,1,12000
HCLTECH-I,20171017,924.9,935.9,921,924.1,1321,7488600
HCLTECH-II,20171017,924.95,936,922.15,924.2,99,363300
HCLTECH-III,20171017,0,0,0,889.05,0,0
HDFC-I,20171017,1770.45,1773.45,1757.05,1764.45,3459,10654000
HDFC-II,20171017,1780,1782.3,1766.5,1773.6,1197,2360500
HDFC-III,20171017,0,0,0,1774.6,0,2000
HDFCBANK-I,20171017,1844.85,1852,1838.5,1848.1,6139,20271000
HDFCBANK-II,20171017,1848.3,1852.75,1840,1849.05,408,600000
HDFCBANK-III,20171017,1847.05,1852.7,1847,1852,45,38000
HDIL-I,20171017,55.95,56.8,55.35,56.05,1635,35024000
HDIL-II,20171017,56.35,57,55.85,56.35,169,2016000
HDIL-III,20171017,56.5,56.5,56.5,56.5,1,312000
HEROMOTOCO-I,20171017,3788.7,3831,3769.15,3797.95,2704,1869800
HEROMOTOCO-II,20171017,3805.6,3846.45,3790.5,3818.15,112,50000
HEROMOTOCO-III,20171017,0,0,0,3799.2,0,0
HEXAWARE-I,20171017,277,283.95,275.85,282,1138,2256000
HEXAWARE-II,20171017,279,283,279,282.1,45,117000
HEXAWARE-III,20171017,0,0,0,271.2,0,0
HINDALCO-I,20171017,272.35,277.25,270.25,276.45,7558,43956500
HINDALCO-II,20171017,272.35,278.55,271.6,277.8,481,2796500
HINDALCO-III,20171017,275,279,275,279,2,63000
HINDPETRO-I,20171017,461.7,474.8,458.35,471.65,5753,25039350
HINDPETRO-II,20171017,462.4,476,462.4,472.5,298,332325
HINDPETRO-III,20171017,474.95,477.35,474.95,477.35,3,7875
HINDUNILVR-I,20171017,1280.2,1286.8,1270.65,1282.05,1736,10095600
HINDUNILVR-II,20171017,1279.35,1282.95,1270.1,1280.6,74,106800
HINDUNILVR-III,20171017,0,0,0,1221.85,0,0
HINDZINC-I,20171017,320.4,329.9,319.55,328,2683,9510400
HINDZINC-II,20171017,319.6,328.6,319.55,327.3,125,412800
HINDZINC-III,20171017,0,0,0,296.1,0,0
IBREALEST-I,20171017,209.25,217,207.9,215.45,673,42760000
IBREALEST-II,20171017,0,0,0,210.55,0,640000
IBULHSGFIN-I,20171017,1301.65,1342,1297.8,1330.05,5671,5986400
IBULHSGFIN-II,20171017,1308,1340,1306,1329.45,179,103200
IBULHSGFIN-III,20171017,0,0,0,1243.45,0,800
ICICIBANK-I,20171017,275.9,277,273.45,274.15,7118,97435250
ICICIBANK-II,20171017,276.25,278.35,275,275.75,1185,8054750
ICICIBANK-III,20171017,277.5,279.55,276.5,277.7,11,90750
ICICIPRULI-I,20171017,394.6,398.9,391.95,393.1,1086,5833100
ICICIPRULI-II,20171017,396.85,399.8,393.1,394.3,373,518700
ICICIPRULI-III,20171017,0,0,0,413.9,0,2600
ICIL-I,20171017,112.35,115.9,111.5,114.65,877,10017000
ICIL-II,20171017,112.05,115.9,112.05,115,17,136500
ICIL-III,20171017,0,0,0,104.15,0,0
IDBI-I,20171017,52.7,53.5,52.6,53.05,581,30416000
IDBI-II,20171017,53.2,53.75,53,53.35,104,2048000
IDBI-III,20171017,53.15,53.15,53.15,53.15,1,64000
IDEA-I,20171017,83.75,91,82.55,90.05,11680,61726000
IDEA-II,20171017,84,91.55,83.1,90.4,748,3297000
IDEA-III,20171017,84.2,91.35,84.2,90.85,10,77000
IDFC-I,20171017,65.5,65.75,64.65,64.95,1545,135300000
IDFC-II,20171017,66.05,66.05,65.2,65.3,124,5200800
IDFC-III,20171017,66.1,66.1,66.1,66.1,1,105600
IDFCBANK-I,20171017,58.2,58.55,57.65,57.75,1250,103644000
IDFCBANK-II,20171017,58.4,58.85,57.95,58.05,434,8190000
IDFCBANK-III,20171017,58.7,58.7,58.5,58.5,3,81000
IFCI-I,20171017,22.7,22.95,22.65,22.8,310,75658000
IFCI-II,20171017,22.9,23.1,22.85,22.95,63,6622000
IFCI-III,20171017,23.15,23.15,23.05,23.05,2,110000
IGL-I,20171017,1529.5,1529.9,1492.45,1503.2,1066,1047200
IGL-II,20171017,1530,1530.55,1500,1510.35,55,48400
IGL-III,20171017,1510,1510,1510,1510,1,1100
INDIACEM-I,20171017,179.65,183.4,179.2,182.25,2889,25284000
INDIACEM-II,20171017,180.5,184.2,180,183.4,265,1106000
INDIACEM-III,20171017,182,182,182,182,1,3500
INDIANB-I,20171017,269.85,275.4,269.7,272.45,826,3784000
INDIANB-II,20171017,271.35,276.6,271.35,274.25,38,92000
INDIANB-III,20171017,274.5,274.5,274.5,274.5,1,6000
INDIGO-I,20171017,1122.3,1127.5,1110.45,1113.85,848,2283000
INDIGO-II,20171017,1128.95,1128.95,1115.05,1122.45,18,22200
INDIGO-III,20171017,0,0,0,1095.8,0,0
INDUSINDBK-I,20171017,1721,1734.9,1706.25,1714.95,4724,5124000
INDUSINDBK-II,20171017,1727.4,1738.55,1710,1717.65,298,382800
INDUSINDBK-III,20171017,0,0,0,1733.4,0,9000
INFIBEAM-I,20171017,126.4,131.9,126.4,128.95,3064,32116000
INFIBEAM-II,20171017,128.15,132,128.15,130,2152,20220000
INFIBEAM-III,20171017,0,0,0,130.95,0,0
INFRATEL-I,20171017,466.95,482.1,466.65,479.25,4037,8909700
INFRATEL-II,20171017,470,484.4,470,482.05,185,591600
INFRATEL-III,20171017,0,0,0,467,0,15300
INFY-I,20171017,939.6,939.6,931.4,933.95,7169,38607000
INFY-II,20171017,921.9,923,915.4,918.45,2003,10259000
INFY-III,20171017,926,926,917.1,918.6,38,120000
IOC-I,20171017,414.1,422.45,413.7,415.25,3308,16905000
IOC-II,20171017,417.1,424,415.8,416.75,140,391500
IOC-III,20171017,0,0,0,428.55,0,3000
IRB-I,20171017,209.35,209.9,207.5,208.4,1301,18885000
IRB-II,20171017,210,210.9,208.5,209.15,141,930000
IRB-III,20171017,211.1,211.1,211.1,211.1,1,40000
ITC-I,20171017,269.25,269.5,267,268.05,2765,55108800
ITC-II,20171017,269.35,270.9,268.4,269.3,451,8215200
ITC-III,20171017,271.6,271.6,270.6,270.7,5,28800
JETAIRWAYS-I,20171017,478.45,485.4,474.3,483.5,1813,4693200
JETAIRWAYS-II,20171017,480.95,487.5,478,486.9,78,146400
JETAIRWAYS-III,20171017,0,0,0,486.4,0,0
JINDALSTEL-I,20171017,164.45,165.8,161.15,162.5,4329,36049500
JINDALSTEL-II,20171017,164,166.5,162.35,163.15,375,1485000
JINDALSTEL-III,20171017,164,164,164,164,1,27000
JISLJALEQS-I,20171017,94.45,96.8,94.45,95.55,2483,49104000
JISLJALEQS-II,20171017,95.45,97.4,95.25,96.1,221,2601000
JISLJALEQS-III,20171017,0,0,0,94.8,0,0
JPASSOCIAT-I,20171017,19.5,19.9,19.3,19.35,248,175100000
JPASSOCIAT-II,20171017,0,0,0,19.45,0,12580000
JPASSOCIAT-III,20171017,0,0,0,16.9,0,136000
JSWENERGY-I,20171017,78.75,83.25,77.3,82.45,650,61786500
JSWENERGY-II,20171017,78.35,83.05,78.35,83,93,1844500
JSWENERGY-III,20171017,0,0,0,82,0,34000
JSWSTEEL-I,20171017,261.5,262.95,258.5,260.45,2994,51981000
JSWSTEEL-II,20171017,262.05,264.45,260,261.8,172,666000
JSWSTEEL-III,20171017,0,0,0,257.3,0,9000
JUBLFOOD-I,20171017,1551.45,1587.35,1545,1582.8,6161,1520000
JUBLFOOD-II,20171017,1564.95,1593.15,1557,1589.55,204,113500
JUBLFOOD-III,20171017,1580,1592,1576.6,1592,6,2000
JUSTDIAL-I,20171017,408.95,415.5,406.55,412.85,1357,4216800
JUSTDIAL-II,20171017,408.1,415.95,408.1,415,108,110400
JUSTDIAL-III,20171017,417.65,417.65,414.55,416.1,2,7200
KAJARIACER-I,20171017,732.85,735.3,720,722.45,228,865600
KAJARIACER-II,20171017,0,0,0,734,0,800
KAJARIACER-III,20171017,0,0,0,714.9,0,0
KOTAKBANK-I,20171017,1085.9,1088.6,1072.55,1078.55,2620,8318400
KOTAKBANK-II,20171017,1092.8,1092.8,1077.75,1082.9,130,359200
KOTAKBANK-III,20171017,0,0,0,1021.15,0,0
KPIT-I,20171017,129.5,130.6,127.4,129.9,473,11964000
KPIT-II,20171017,129.35,130.1,128.5,130.1,52,228000
KPIT-III,20171017,0,0,0,122.85,0,0
KSCL-I,20171017,554.5,573.5,551.4,571.65,1322,4023000
KSCL-II,20171017,557.8,576,557.8,574.05,33,42000
KSCL-III,20171017,0,0,0,552.2,0,6000
KTKBANK-I,20171017,161.75,162.65,156,157.5,3997,26995200
KTKBANK-II,20171017,161.5,163.25,157.1,158.45,238,953800
KTKBANK-III,20171017,162.55,162.55,159.2,159.6,3,57000
L&TFH-I,20171017,204.9,208.5,203.7,206.25,3705,26284500
L&TFH-II,20171017,205.75,209.6,205,207.3,234,1813500
L&TFH-III,20171017,0,0,0,207.55,0,36000
LICHSGFIN-I,20171017,660.25,675.5,660.25,672.35,5054,8374300
LICHSGFIN-II,20171017,665.35,678.4,664.75,675.8,194,228800
LICHSGFIN-III,20171017,0,0,0,664.8,0,2200
LT-I,20171017,1149.9,1158.65,1145.5,1152.1,3477,11074500
LT-II,20171017,1155,1164,1152,1158.45,227,645750
LT-III,20171017,0,0,0,1152.25,0,3750
LUPIN-I,20171017,1070.35,1071.95,1062.15,1066.85,2916,6963600
LUPIN-II,20171017,1071.3,1075.45,1069,1072.55,174,292800
LUPIN-III,20171017,1078.55,1079,1073.9,1073.9,3,4000
M&M-I,20171017,1374.15,1377,1346.3,1373.05,3023,4250500
M&M-II,20171017,1369,1384,1355.65,1380.55,128,144500
M&M-III,20171017,0,0,0,1250,0,0
M&MFIN-I,20171017,438.05,439.5,431.25,434.5,3070,8835000
M&MFIN-II,20171017,437.75,441.7,435,436.7,44,202500
M&MFIN-III,20171017,0,0,0,407.7,0,0
MANAPPURAM-I,20171017,105.1,105.15,103.25,103.65,1058,31326000
MANAPPURAM-II,20171017,104.7,105.2,103.6,103.95,104,1362000
MANAPPURAM-III,20171017,105.15,105.15,105.15,105.15,1,36000
MARICO-I,20171017,318.15,322.8,317.15,322.1,665,5756400
MARICO-II,20171017,319.95,323.35,319.25,322.9,13,127400
MARICO-III,20171017,0,0,0,316.4,0,0
MARUTI-I,20171017,7872.35,7925,7857.6,7867.55,4456,2093550
MARUTI-II,20171017,7946.45,7962,7900,7904.9,301,118950
MARUTI-III,20171017,7986.9,7986.9,7986.9,7986.9,1,5100
MCDOWELL-N-I,20171017,2434.95,2511.95,2424,2500.55,4153,2004500
MCDOWELL-N-II,20171017,2444.05,2524,2444.05,2512.35,146,37500
MCDOWELL-N-III,20171017,0,0,0,2460,0,250
MCX-I,20171017,1144,1160,1126.75,1132.9,2349,1558000
MCX-II,20171017,1148,1165.2,1133,1137.9,64,51000
MCX-III,20171017,0,0,0,1135,0,2500
MFSL-I,20171017,579.45,594.5,576,578.15,1873,4412000
MFSL-II,20171017,591.75,596.85,579.25,582.15,70,76000
MFSL-III,20171017,0,0,0,593.15,0,0
MGL-I,20171017,1160.7,1178.6,1159.05,1168.35,230,687600
MGL-II,20171017,1173.4,1185,1172,1185,8,10800
MGL-III,20171017,0,0,0,1178.8,0,1800
MINDTREE-I,20171017,498.05,508,497.3,505.7,1926,3296400
MINDTREE-II,20171017,496.15,505.15,496.15,503.8,148,244800
MINDTREE-III,20171017,0,0,0,469.2,0,0
MOTHERSUMI-I,20171017,355.3,359.35,350.9,355.1,1784,12705000
MOTHERSUMI-II,20171017,354.9,360.8,353.1,356.55,48,457500
MOTHERSUMI-III,20171017,361.9,361.9,361.9,361.9,1,3750
MRF-I,20171017,63830,64349.95,63499.1,63980.45,464,51660
MRF-II,20171017,64101.2,64497,63850,64348.2,37,1035
MRF-III,20171017,0,0,0,62844.25,0,0
MRPL-I,20171017,127.7,130.15,127.3,129.35,405,6736500
MRPL-II,20171017,129.5,130.05,129,129,7,99000
MRPL-III,20171017,0,0,0,124.05,0,0
MUTHOOTFIN-I,20171017,505.75,505.75,497.4,500.9,392,2304000
MUTHOOTFIN-II,20171017,503,503.5,500,502.15,11,103500
MUTHOOTFIN-III,20171017,0,0,0,466.1,0,0
NATIONALUM-I,20171017,86.05,89.6,85.6,89.1,2643,24088000
NATIONALUM-II,20171017,86.2,89.95,86.2,89.5,88,648000
NATIONALUM-III,20171017,87,87,87,87,1,40000
NBCC-I,20171017,239.85,253.4,239.85,251.3,3163,4293000
NBCC-II,20171017,242.8,254.5,242.8,252.5,141,255000
NBCC-III,20171017,0,0,0,240.5,0,3000
NCC-I,20171017,89.7,90.9,89.3,90.3,717,24408000
NCC-II,20171017,90.45,91.25,89.9,90.7,35,664000
NCC-III,20171017,0,0,0,90.9,0,80000
NESTLEIND-I,20171017,7290.05,7393,7243,7375.25,262,99300
NESTLEIND-II,20171017,7300,7397.2,7299.95,7343.05,29,2600
NESTLEIND-III,20171017,0,0,0,7250.45,0,0
NHPC-I,20171017,28.85,29.15,28.3,28.6,430,34263000
NHPC-II,20171017,29.1,29.3,28.4,28.75,69,2565000
NHPC-III,20171017,28.75,28.75,28.75,28.75,1,270000
NIITTECH-I,20171017,624,641.7,624,636.2,902,846000
NIITTECH-II,20171017,640,646.1,635.8,639.7,19,31500
NIITTECH-III,20171017,0,0,0,556.55,0,0
NMDC-I,20171017,123,124.35,122.2,123.9,1348,31062000
NMDC-II,20171017,124,124.95,123.15,124.55,86,1584000
NMDC-III,20171017,124.9,125.95,124.9,125.95,2,36000
NTPC-I,20171017,176.2,177.25,174.1,176.05,1445,27376000
NTPC-II,20171017,176.6,177.8,175.15,176.85,57,864000
NTPC-III,20171017,0,0,0,168.7,0,0
OFSS-I,20171017,3565.6,3588.7,3554.55,3562.2,159,57000
OFSS-II,20171017,0,0,0,3712.6,0,150
OFSS-III,20171017,0,0,0,3650.1,0,0
OIL-I,20171017,346.45,350.05,344.05,346.55,273,2456344
OIL-II,20171017,347.6,348.45,346.05,348.45,14,92906
OIL-III,20171017,0,0,0,350.6,0,4532
ONGC-I,20171017,172.55,172.75,170.5,171.85,2242,41748750
ONGC-II,20171017,172.05,172.15,170.75,172,256,5051250
ONGC-III,20171017,171.65,171.65,171.65,171.65,1,52500
ORIENTBANK-I,20171017,115.3,117,115.05,115.6,855,14994000
ORIENTBANK-II,20171017,116.6,117.6,115.8,116.25,30,1164000
ORIENTBANK-III,20171017,0,0,0,118.15,0,48000
PAGEIND-I,20171017,18961.6,19369,18725,19157.1,328,26600
PAGEIND-II,20171017,19120,19350,19100,19350,7,600
PAGEIND-III,20171017,0,0,0,18700.9,0,0
PCJEWELLER-I,20171017,376.35,379.8,370,376.35,2467,10653000
PCJEWELLER-II,20171017,375,381.6,372,378.25,52,216000
PCJEWELLER-III,20171017,0,0,0,364,0,30000
PEL-I,20171017,2750.15,2785,2733.4,2773.3,1378,1381800
PEL-II,20171017,2751.1,2799.65,2749.15,2785.75,341,167700
PEL-III,20171017,0,0,0,2750.6,0,1800
PETRONET-I,20171017,251.05,261.2,250.7,260.45,3249,11313000
PETRONET-II,20171017,255.9,261.85,255.9,261.15,70,339000
PETRONET-III,20171017,0,0,0,227.3,0,0
PFC-I,20171017,123.95,129.3,123.45,128.7,3808,37224000
PFC-II,20171017,124.5,129.85,124.1,129.3,800,4572000
PFC-III,20171017,124.9,127.4,124.9,127.4,4,30000
PIDILITIND-I,20171017,813.95,814.85,806,808.2,301,1312000
PIDILITIND-II,20171017,817.75,819.2,810.5,810.5,7,29000
PIDILITIND-III,20171017,0,0,0,789.65,0,0
PNB-I,20171017,134.2,137.25,133.55,134.85,3737,27083000
PNB-II,20171017,134.55,137.8,134.55,135.55,155,913500
PNB-III,20171017,0,0,0,135,0,7000
POWERGRID-I,20171017,206.85,207.5,204.85,205.6,1020,22108000
POWERGRID-II,20171017,207.1,208.5,205.8,206.7,93,792000
POWERGRID-III,20171017,0,0,0,208.85,0,8000
PTC-I,20171017,120.15,121.35,118.9,120.3,539,17088000
PTC-II,20171017,120.1,121.35,119.6,120.55,40,592000
PTC-III,20171017,0,0,0,123,0,24000
PVR-I,20171017,1366.1,1394.7,1348.3,1387.9,1804,702800
PVR-II,20171017,1368.6,1395,1359,1391.7,13,15600
PVR-III,20171017,0,0,0,1400,0,1600
RAMCOCEM-I,20171017,692,699.45,691.1,694.7,323,589600
RAMCOCEM-II,20171017,701.95,701.95,696.2,698,8,16000
RAMCOCEM-III,20171017,0,0,0,713.6,0,6400
RAYMOND-I,20171017,861.9,869.05,855.3,865.4,1015,4158400
RAYMOND-II,20171017,870.1,872.75,864,870.75,16,51200
RAYMOND-III,20171017,0,0,0,871,0,10400
RBLBANK-I,20171017,526.45,526.5,521.05,523.85,954,5326000
RBLBANK-II,20171017,526,527.9,524.5,526.65,85,379000
RBLBANK-III,20171017,0,0,0,531.45,0,1000
RCOM-I,20171017,17.1,17.45,16.8,17.2,1701,100660000
RCOM-II,20171017,17.25,17.45,16.95,17.4,436,10822000
RCOM-III,20171017,0,0,0,17.1,1,532000
RECLTD-I,20171017,153.5,156.25,152.65,155.7,2810,41298000
RECLTD-II,20171017,154.9,156.9,153.55,156.45,206,3054000
RECLTD-III,20171017,155.05,155.05,155.05,155.05,1,12000
RELCAPITAL-I,20171017,542,568.55,536.25,565.15,4077,11176500
RELCAPITAL-II,20171017,560,570.6,553.85,568.7,75,196500
RELCAPITAL-III,20171017,0,0,0,555.45,0,1500
RELIANCE-I,20171017,877.85,884,870.35,877.3,12031,35640000
RELIANCE-II,20171017,883.7,888.25,875.15,881.8,1320,4470000
RELIANCE-III,20171017,887.4,890,881.8,886.35,19,114000
RELINFRA-I,20171017,465,468.4,461,463.25,4088,12184900
RELINFRA-II,20171017,467.55,470.5,464,465.45,386,578500
RELINFRA-III,20171017,0,0,0,465.55,0,1300
REPCOHOME-I,20171017,637.95,655.35,637.95,646.05,234,812000
REPCOHOME-II,20171017,647.6,647.6,647.6,647.6,1,9100
REPCOHOME-III,20171017,0,0,0,625.25,0,0
RNAVAL-I,20171017,51.2,51.85,51,51.55,128,12402000
RNAVAL-II,20171017,51.45,52.15,51.4,51.75,11,333000
RNAVAL-III,20171017,0,0,0,53.5,0,9000
RPOWER-I,20171017,40.95,41,40.35,40.75,553,52440000
RPOWER-II,20171017,41.05,41.25,40.65,41.05,125,4452000
RPOWER-III,20171017,0,0,0,40.55,0,120000
SAIL-I,20171017,58.75,59.85,57.65,59.25,1837,62928000
SAIL-II,20171017,58.7,60.15,57.95,59.4,297,4956000
SAIL-III,20171017,0,0,0,59.3,0,48000
SBIN-I,20171017,253.15,255.4,251.65,252.1,8671,90702000
SBIN-II,20171017,254,256.8,253,253.3,1019,8514000
SBIN-III,20171017,255.55,257.45,254.5,254.5,12,180000
SHREECEM-I,20171017,18840,18840,18510.05,18705.8,213,38850
SHREECEM-II,20171017,18822.2,18867.15,18650,18800,14,750
SHREECEM-III,20171017,0,0,0,18485.5,0,0
SIEMENS-I,20171017,1224.15,1238,1212.6,1230.55,650,945000
SIEMENS-II,20171017,1228,1242,1228,1237.25,26,23000
SIEMENS-III,20171017,0,0,0,1207.65,0,0
SOUTHBANK-I,20171017,32.55,32.75,31.85,32.25,1574,183336012
SOUTHBANK-II,20171017,32.65,32.9,32.05,32.45,86,9279480
SOUTHBANK-III,20171017,32.95,33,32.4,32.4,11,397692
SREINFRA-I,20171017,110.35,117.5,110.1,116.75,1528,10545000
SREINFRA-II,20171017,113.7,118.15,113.55,117.25,41,215000
SREINFRA-III,20171017,0,0,0,104.35,0,0
SRF-I,20171017,1745.85,1756.75,1712,1722.85,900,852500
SRF-II,20171017,1751.5,1760.95,1731.25,1735.4,18,26500
SRF-III,20171017,0,0,0,1726.95,0,3000
SRTRANSFIN-I,20171017,1101.3,1118,1098.55,1107.8,1721,3501000
SRTRANSFIN-II,20171017,1107.55,1118,1103.5,1109.85,93,49200
SRTRANSFIN-III,20171017,0,0,0,1070.95,0,0
STAR-I,20171017,888.6,901.3,875.9,884.55,3932,3982000
STAR-II,20171017,890.05,905,881.2,888.95,110,92500
STAR-III,20171017,0,0,0,881,0,1500
SUNPHARMA-I,20171017,546.85,555.7,546,548.4,10736,38352000
SUNPHARMA-II,20171017,548.05,558.5,548.05,551.25,1062,1696800
SUNPHARMA-III,20171017,558.7,560.5,554,554.75,17,48000
SUNTV-I,20171017,821.15,824.95,810.5,817.2,2612,5837000
SUNTV-II,20171017,823,828.2,815,821.05,108,169000
SUNTV-III,20171017,824.8,826.7,824.4,826.7,3,9000
SUZLON-I,20171017,15.55,15.85,15.4,15.6,1237,408840000
SUZLON-II,20171017,15.7,15.9,15.5,15.7,366,35190000
SUZLON-III,20171017,15.75,15.9,15.65,15.75,10,1200000
SYNDIBANK-I,20171017,65.3,69.25,65.1,68.5,2441,19737000
SYNDIBANK-II,20171017,66,69.6,65.85,68.95,97,1062000
SYNDIBANK-III,20171017,69.3,69.3,69.3,69.3,1,18000
TATACHEM-I,20171017,700.8,725.8,700.8,723.95,7118,6852000
TATACHEM-II,20171017,710,728.9,704.15,727.45,232,210000
TATACHEM-III,20171017,716,716,716,716,1,1500
TATACOMM-I,20171017,722.9,732.4,715.35,725.55,3795,7900200
TATACOMM-II,20171017,723.35,735.9,719.05,729.1,98,70700
TATACOMM-III,20171017,0,0,0,682.55,0,0
TATAELXSI-I,20171017,854.05,862.95,847.45,851.9,892,1759200
TATAELXSI-II,20171017,861.05,863,854.2,854.5,37,63200
TATAELXSI-III,20171017,0,0,0,819.65,0,0
TATAGLOBAL-I,20171017,210.2,214.1,209.75,211.15,3177,33246000
TATAGLOBAL-II,20171017,212.5,215,211.15,212.45,190,936000
TATAGLOBAL-III,20171017,216,216,216,216,1,4500
TATAMOTORS-I,20171017,436.8,436.8,431.6,433.25,9538,39393000
TATAMOTORS-II,20171017,442.75,442.75,434.05,435.45,2266,4950000
TATAMOTORS-III,20171017,439,439,438.05,438.05,3,108000
TATAMTRDVR-I,20171017,246,247.4,242.6,246.2,2285,22940400
TATAMTRDVR-II,20171017,246.85,248.5,244.5,247.45,207,913500
TATAMTRDVR-III,20171017,248.4,249.75,248.4,249.75,2,8400
TATAPOWER-I,20171017,81.85,82.1,81.65,81.75,402,33102000
TATAPOWER-II,20171017,82.35,82.45,82.2,82.25,45,1251000
TATAPOWER-III,20171017,0,0,0,82.75,0,45000
TATASTEEL-I,20171017,717,719.6,710.2,714.75,8155,24748000
TATASTEEL-II,20171017,718.3,723.2,714.2,718.4,436,1676000
TATASTEEL-III,20171017,720.8,721.05,719.2,721.05,5,98000
TCS-I,20171017,2588,2611.4,2580.75,2596.25,3917,7045750
TCS-II,20171017,2593.05,2622.65,2593.05,2607.65,166,84000
TCS-III,20171017,2622,2622,2622,2622,1,2250
TECHM-I,20171017,472.95,476.35,470.05,473.2,764,12040600
TECHM-II,20171017,474.45,478.35,472.55,475.6,55,126500
TECHM-III,20171017,0,0,0,475.5,0,1100
TITAN-I,20171017,628.05,632.75,625.15,627.5,1071,4969500
TITAN-II,20171017,634.65,635.3,629.1,630.95,66,225000
TITAN-III,20171017,0,0,0,631.8,0,10500
TORNTPHARM-I,20171017,1288.05,1339,1282,1334.7,1521,356400
TORNTPHARM-II,20171017,1305.65,1339.35,1305.65,1338.25,17,16400
TORNTPHARM-III,20171017,1355.5,1355.5,1355.5,1355.5,1,400
TORNTPOWER-I,20171017,235.95,243.9,233.5,242.05,1360,6789000
TORNTPOWER-II,20171017,237.5,245.45,236,243.7,57,189000
TORNTPOWER-III,20171017,0,0,0,212.1,0,0
TV18BRDCST-I,20171017,40.7,41.15,40.4,40.55,365,89369000
TV18BRDCST-II,20171017,41.05,41.1,40.7,40.9,49,2924000
TV18BRDCST-III,20171017,0,0,0,39.3,0,0
TVSMOTOR-I,20171017,695.75,697,687.1,690.35,1366,6540000
TVSMOTOR-II,20171017,692.25,694.2,685.3,688.9,92,638000
TVSMOTOR-III,20171017,694.2,694.2,694.2,694.2,4,16000
UBL-I,20171017,839.8,842.9,825.9,834.45,526,1071000
UBL-II,20171017,842,842,835.05,839.1,28,18900
UBL-III,20171017,0,0,0,836,0,4200
UJJIVAN-I,20171017,345,351.5,343.4,349.7,1606,5934000
UJJIVAN-II,20171017,346.8,351.9,346.8,351.45,30,154800
UJJIVAN-III,20171017,0,0,0,319.8,0,0
ULTRACEMCO-I,20171017,4034.35,4112.4,4018.8,4096.85,3662,1275800
ULTRACEMCO-II,20171017,4040,4130,4040,4120.5,75,73400
ULTRACEMCO-III,20171017,4104.95,4104.95,4005.05,4005.05,2,800
UNIONBANK-I,20171017,127.6,129.65,127.15,128.3,1527,21752000
UNIONBANK-II,20171017,127.95,130.4,127.95,129.05,85,1092000
UNIONBANK-III,20171017,0,0,0,130.95,0,4000
UPL-I,20171017,812.95,814,803.85,808,1676,8808000
UPL-II,20171017,814.05,815,808.45,812.25,115,175200
UPL-III,20171017,0,0,0,778.35,0,0
VEDL-I,20171017,336.45,336.7,331.7,334.45,9471,50291500
VEDL-II,20171017,331.05,332.95,329.1,332.4,308,2439500
VEDL-III,20171017,332.75,332.75,330.35,332,11,70000
VGUARD-I,20171017,190.2,190.8,187.55,189.05,152,2007000
VGUARD-II,20171017,190.85,191,189.6,190.55,9,108000
VGUARD-III,20171017,0,0,0,183.05,0,0
VOLTAS-I,20171017,532.95,543.9,531.5,540.85,2312,3124000
VOLTAS-II,20171017,538,545,538,542.45,41,124000
VOLTAS-III,20171017,0,0,0,508.95,0,0
WIPRO-I,20171017,288.6,290.9,284.95,287.4,3407,35404800
WIPRO-II,20171017,288,291.1,285.95,288.15,530,2748000
WIPRO-III,20171017,0,0,0,290.45,0,0
WOCKPHARMA-I,20171017,635.5,640.45,632.3,637.35,854,3143200
WOCKPHARMA-II,20171017,640.9,643.35,637.8,640.65,65,128800
WOCKPHARMA-III,20171017,0,0,0,616.75,0,0
YESBANK-I,20171017,370.4,377.3,369.55,374.65,8474,39403000
YESBANK-II,20171017,371.05,379,371.05,376.65,1124,2821000
YESBANK-III,20171017,380,380,378.3,378.5,11,42000
ZEEL-I,20171017,514.75,516.95,494.45,496.45,3888,7787000
ZEEL-II,20171017,517.35,517.35,496.95,499.15,474,878800
ZEEL-III,20171017,0,0,0,528.25,0,0
