BANKNIFTY-I,20180817,28011.35,28209.9,28005.05,28169.5,66326,2452880
BANKNIFTY-II,20180817,28106.15,28283.3,28089.3,28251.9,1539,131800
BANKNIFTY-III,20180817,28163.55,28320,28121.9,28306.55,83,11880
FTSE100-I,20180817,0,0,0,7881,0,0
FTSE100-II,20180817,0,0,0,7867,0,0
FTSE100-III,20180817,0,0,0,7817,0,0
FTSE100-IIII,20180817,0,0,0,7639,0,0
FTSE100-IIIII,20180817,0,0,0,7947,0,0
FTSE100-IIIIII,20180817,0,0,0,7674,0,0
FTSE100-IIIIIII,20180817,0,0,0,8315,0,0
NIFTY-I,20180817,11439.75,11507.45,11420,11488.45,88459,29561625
NIFTY-II,20180817,11482.15,11539,11472,11525.1,7601,2041875
NIFTY-III,20180817,11499,11562.85,11499,11549.2,776,267600
NIFTYCPSE-I,20180817,0,0,0,2472.95,0,0
NIFTYCPSE-II,20180817,0,0,0,2187.4,0,0
NIFTYCPSE-III,20180817,0,0,0,2315.55,0,0
NIFTYINFRA-I,20180817,0,0,0,3400.05,0,0
NIFTYINFRA-II,20180817,0,0,0,3108.75,0,0
NIFTYINFRA-III,20180817,0,0,0,3177.55,0,0
NIFTYIT-I,20180817,14984,15166,14984,15154,134,25750
NIFTYIT-II,20180817,0,0,0,15140,0,200
NIFTYIT-III,20180817,0,0,0,14734,0,0
NIFTYMID50-I,20180817,5097.25,5199.6,5096.35,5096.35,3,592020
NIFTYMID50-II,20180817,0,0,0,4843.05,0,0
NIFTYMID50-III,20180817,0,0,0,5023.7,0,0
NIFTYPSE-I,20180817,0,0,0,3925.45,0,0
NIFTYPSE-II,20180817,0,0,0,3501.05,0,0
NIFTYPSE-III,20180817,0,0,0,3599.05,0,0
ACC-I,20180817,1569.05,1599.65,1555,1593.4,5380,1820400
ACC-II,20180817,1570.05,1602.55,1570,1595.85,70,28000
ACC-III,20180817,0,0,0,1550.7,0,0
ADANIENT-I,20180817,204.95,207.7,202.75,204.2,907,19104000
ADANIENT-II,20180817,206.25,206.25,206.25,206.65,2,17652000
ADANIENT-III,20180817,0,0,0,183.15,0,16000
ADANIPORTS-I,20180817,373.05,379.9,372.8,375.8,2249,10142500
ADANIPORTS-II,20180817,376.75,381.85,376.7,377.7,44,387500
ADANIPORTS-III,20180817,380.15,380.15,379,379,2,5000
ADANIPOWER-I,20180817,32.3,32.4,31.2,31.65,196,113320000
ADANIPOWER-II,20180817,32.6,32.6,32.2,32.2,2,30720000
ADANIPOWER-III,20180817,0,0,0,30.8,0,20000
AJANTPHARM-I,20180817,1194.2,1223.7,1191.5,1200.35,2127,804000
AJANTPHARM-II,20180817,1204.95,1215.3,1194.05,1197.8,69,23500
AJANTPHARM-III,20180817,0,0,0,1062.8,0,0
ALBK-I,20180817,40.4,40.4,39.35,40,1119,17974000
ALBK-II,20180817,40.3,40.35,39.6,40.2,78,1881000
ALBK-III,20180817,40.55,40.55,40.55,40.55,2,55000
AMARAJABAT-I,20180817,860,866.9,855.45,859.15,944,1144500
AMARAJABAT-II,20180817,859.75,862.5,855.35,856.7,12,18900
AMARAJABAT-III,20180817,0,0,0,807.3,0,0
AMBUJACEM-I,20180817,226.3,230.45,226.1,229.75,1658,15957500
AMBUJACEM-II,20180817,228.55,230.9,227.5,230.6,21,107500
AMBUJACEM-III,20180817,0,0,0,232.45,0,0
ANDHRABANK-I,20180817,32.25,32.5,31.75,32.4,571,20124000
ANDHRABANK-II,20180817,32.25,32.6,32,32.5,29,1157000
APOLLOHOSP-I,20180817,1127.3,1206,1127.3,1189.25,13697,1534000
APOLLOHOSP-II,20180817,1137.3,1205.85,1137.3,1189.8,283,88000
APOLLOHOSP-III,20180817,0,0,0,1137.6,0,500
APOLLOTYRE-I,20180817,265.8,270.05,265.35,267.55,2130,10977000
APOLLOTYRE-II,20180817,269.15,270.75,267.5,268.9,35,396000
APOLLOTYRE-III,20180817,0,0,0,262.65,0,6000
ARVIND-I,20180817,397.95,403,397.05,401.95,2624,9860000
ARVIND-II,20180817,401,405,399.6,404,47,202000
ARVIND-III,20180817,0,0,0,398.35,0,4000
ASHOKLEY-I,20180817,126.8,129.5,126.8,128.65,5886,65352000
ASHOKLEY-II,20180817,127.5,130.1,127.5,129.35,256,2720000
ASHOKLEY-III,20180817,128.15,130.7,128.15,130.5,9,172000
ASIANPAINT-I,20180817,1405.05,1407.6,1393,1404.35,2360,5498400
ASIANPAINT-II,20180817,1412.85,1413.95,1400,1410.55,107,216600
ASIANPAINT-III,20180817,0,0,0,1420,0,2400
AUROPHARMA-I,20180817,642,663.9,642,656.9,12376,19259000
AUROPHARMA-II,20180817,649.3,666.55,648.5,660.3,525,766000
AUROPHARMA-III,20180817,657.05,666.55,653.2,665,6,11000
AXISBANK-I,20180817,631.1,633.9,621.25,628.5,19752,47359200
AXISBANK-II,20180817,635,636.4,624.85,632.1,807,4567200
AXISBANK-III,20180817,639,639,631,635.5,9,82800
BAJAJ-AUTO-I,20180817,2680.3,2688,2646,2662.75,3404,3426250
BAJAJ-AUTO-II,20180817,2682.7,2691.9,2667.4,2676.5,336,181750
BAJAJ-AUTO-III,20180817,2683,2694,2681.35,2686.15,7,4250
BAJAJFINSV-I,20180817,7101.15,7165.05,7101.15,7111.7,1773,709625
BAJAJFINSV-II,20180817,7189,7195,7138,7142.45,64,28625
BAJAJFINSV-III,20180817,7255.3,7255.3,7218.7,7254.15,15,2500
BAJFINANCE-I,20180817,2870.5,2892.65,2851.05,2861.95,5926,6158500
BAJFINANCE-II,20180817,2899,2904,2861.7,2873.1,178,205000
BAJFINANCE-III,20180817,2889,2889,2889,2865.15,5,11500
BALKRISIND-I,20180817,1406.3,1438.65,1362.25,1373.25,5892,1435200
BALKRISIND-II,20180817,1422.95,1436.05,1368.25,1378.55,105,44000
BALKRISIND-III,20180817,1386.05,1386.05,1386.05,1386.05,1,800
BALRAMCHIN-I,20180817,71.85,72.45,70.5,71.45,495,13643000
BALRAMCHIN-II,20180817,72,72,70.8,70.8,13,273000
BANKBARODA-I,20180817,144.9,148.2,143.35,146.8,8419,63896000
BANKBARODA-II,20180817,145.25,148.9,144.35,147.45,757,5376000
BANKBARODA-III,20180817,146.5,148.5,146.5,148.5,3,56000
BANKINDIA-I,20180817,90.6,94.25,90.6,93.75,4615,24216000
BANKINDIA-II,20180817,91.85,94.6,91.35,94.3,126,1974000
BANKINDIA-III,20180817,93.9,94.65,93.9,94.65,2,54000
BATAINDIA-I,20180817,1013.15,1024,1007,1017.15,3608,2401300
BATAINDIA-II,20180817,1021,1027.2,1012.4,1021.25,95,168300
BATAINDIA-III,20180817,1022,1032.8,1022,1029.1,6,4400
BEL-I,20180817,115.3,118.15,114.95,117.3,1252,25799400
BEL-II,20180817,116.9,118.7,116.5,117.85,47,1054350
BEL-III,20180817,0,0,0,115.6,0,64350
BEML-I,20180817,804.2,820.6,798,809.95,2874,1790500
BEML-II,20180817,803.4,817,798,806.35,112,144500
BEML-III,20180817,815,820,815,820,2,2000
BERGEPAINT-I,20180817,331.55,336.5,330.2,332.5,2791,1647800
BERGEPAINT-II,20180817,333.95,335.55,330,331.5,26,59400
BERGEPAINT-III,20180817,0,0,0,313.5,0,2200
BHARATFIN-I,20180817,1212.45,1225.85,1208,1219.4,1696,4362000
BHARATFIN-II,20180817,1217.1,1232.4,1217.1,1224.85,96,65000
BHARATFIN-III,20180817,0,0,0,1212.5,0,0
BHARATFORG-I,20180817,620.3,635.9,620.3,631.75,2029,8314800
BHARATFORG-II,20180817,628,638.4,628,633.8,83,156000
BHARATFORG-III,20180817,0,0,0,618,0,1200
BHARTIARTL-I,20180817,371.6,372.8,367.15,371.85,2781,48638700
BHARTIARTL-II,20180817,371.85,374.5,369.35,373.6,231,1246100
BHARTIARTL-III,20180817,0,0,0,364.25,0,0
BHEL-I,20180817,73.35,74.85,72.75,74.2,1548,35040000
BHEL-II,20180817,72.75,74.15,72.15,73.6,126,5077500
BHEL-III,20180817,73.05,74.55,73.05,74.5,4,300000
BIOCON-I,20180817,601.1,610.75,589.6,593.75,5686,7617600
BIOCON-II,20180817,606.6,612.25,592.9,596.15,184,205200
BIOCON-III,20180817,607.95,612.65,607.95,609,3,9000
BOSCHLTD-I,20180817,18900,19057.15,18810,18875.75,244,126750
BOSCHLTD-II,20180817,19050.05,19155,18947.85,18947.85,7,870
BOSCHLTD-III,20180817,0,0,0,19043.85,0,0
BPCL-I,20180817,381.05,381.7,376.1,378.75,2773,8371800
BPCL-II,20180817,376,376.9,371.7,373.5,143,927000
BPCL-III,20180817,373.25,375,373.25,375,2,21600
BRITANNIA-I,20180817,6517.5,6644,6495,6635.7,2996,1281000
BRITANNIA-II,20180817,6557.95,6678,6557.95,6664.75,171,35800
BRITANNIA-III,20180817,6693.95,6732.95,6693,6713,3,1400
CADILAHC-I,20180817,345.35,359.9,345.35,358.25,7642,14609600
CADILAHC-II,20180817,348.5,361.25,348,359.7,319,673600
CADILAHC-III,20180817,356.2,362.85,356.2,362.85,5,36800
CANBK-I,20180817,271.55,279.4,271.55,278.35,7358,11714000
CANBK-II,20180817,274.7,280.6,269.95,279.6,182,678000
CANBK-III,20180817,279,280,279,280,2,36000
CANFINHOME-I,20180817,317.15,328.7,315.5,325.2,1896,4620000
CANFINHOME-II,20180817,320.85,331.25,320.85,326.9,136,181250
CANFINHOME-III,20180817,0,0,0,307.25,0,3750
CAPF-I,20180817,610.45,627.9,610.45,625.15,1824,7211200
CAPF-II,20180817,619.05,629.5,619.05,628.5,92,88000
CAPF-III,20180817,0,0,0,570,0,800
CASTROLIND-I,20180817,154.7,157.5,154.7,156.75,681,11530400
CASTROLIND-II,20180817,156.5,158,156.35,157.45,48,450800
CASTROLIND-III,20180817,0,0,0,160,0,19600
CEATLTD-I,20180817,1447.85,1458,1437.5,1442.05,2768,1223950
CEATLTD-II,20180817,1462.85,1464.95,1445.7,1448.65,76,54250
CEATLTD-III,20180817,0,0,0,1376.3,0,0
CENTURYTEX-I,20180817,919.95,929.9,912.7,924.45,2712,5477450
CENTURYTEX-II,20180817,928.45,932,922,928.4,20,86350
CENTURYTEX-III,20180817,0,0,0,936.65,0,0
CESC-I,20180817,920.05,938.7,913.05,932.7,1859,5123800
CESC-II,20180817,925.7,941.85,919,937.7,51,43450
CESC-III,20180817,0,0,0,934.2,0,1100
CGPOWER-I,20180817,59.6,60.1,58.95,59.8,591,33816000
CGPOWER-II,20180817,60,60.4,59.7,60.4,5,420000
CGPOWER-III,20180817,60,60,60,60,1,48000
CHENNPETRO-I,20180817,303.95,308.7,301.45,306.1,625,1470000
CHENNPETRO-II,20180817,306.45,307.5,306,307.65,14,189000
CHENNPETRO-III,20180817,309.7,309.7,309.7,309.7,5,10500
CHOLAFIN-I,20180817,1476,1496,1463,1489.35,1028,947500
CHOLAFIN-II,20180817,1479,1496.6,1470,1495.75,15,18500
CHOLAFIN-III,20180817,0,0,0,1572.8,0,0
CIPLA-I,20180817,648.15,655.95,646.1,649.2,5055,9580000
CIPLA-II,20180817,654.4,658.55,650,652.6,120,335000
CIPLA-III,20180817,0,0,0,659,0,3000
COALINDIA-I,20180817,284.75,286.4,281,282.2,1552,19197200
COALINDIA-II,20180817,286,286,281.5,282.05,67,1227600
COALINDIA-III,20180817,283.3,283.35,282.9,282.9,3,44000
COLPAL-I,20180817,1144.4,1152.65,1140.1,1147.55,923,2011800
COLPAL-II,20180817,1150.1,1154.05,1149.2,1153.1,10,16100
COLPAL-III,20180817,0,0,0,1105,0,0
CONCOR-I,20180817,659.95,659.95,635.4,638.7,435,2271250
CONCOR-II,20180817,652,652,638.4,639.95,16,27500
CONCOR-III,20180817,0,0,0,659.5,0,0
CUMMINSIND-I,20180817,677.7,684.95,672.05,680.05,792,1076600
CUMMINSIND-II,20180817,680.8,687.8,677,683.95,26,28000
CUMMINSIND-III,20180817,0,0,0,720,0,700
DABUR-I,20180817,448,459.2,445.65,457,3283,16322500
DABUR-II,20180817,453.05,461.4,448.1,458.95,104,405000
DABUR-III,20180817,462,462,461,461,2,5000
DALMIABHA-I,20180817,2554.95,2706.5,2554.45,2699.85,1614,463800
DALMIABHA-II,20180817,2594.9,2709.5,2594.9,2702.3,42,23400
DALMIABHA-III,20180817,0,0,0,2649.7,0,0
DCBBANK-I,20180817,165.55,168.1,165.3,166.15,440,4207500
DCBBANK-II,20180817,166.25,166.95,166.25,166.95,3,162000
DCBBANK-III,20180817,0,0,0,170.85,0,0
DHFL-I,20180817,652.5,676.8,652,673,8715,29673000
DHFL-II,20180817,657.2,679.8,657.2,676.75,132,132000
DHFL-III,20180817,666,666,666,666,1,6000
DISHTV-I,20180817,68.9,70.15,68.2,69.85,1547,53344000
DISHTV-II,20180817,69.05,70.35,68.65,70.2,27,560000
DISHTV-III,20180817,69.85,69.85,69.85,69.85,1,32000
DIVISLAB-I,20180817,1171.55,1190,1153.4,1179.2,3485,2566400
DIVISLAB-II,20180817,1165.55,1183,1149.4,1174.35,183,164000
DIVISLAB-III,20180817,0,0,0,1095.5,0,0
DLF-I,20180817,207.9,212.35,207.9,210.7,8749,29012500
DLF-II,20180817,209.95,212.75,208.6,211.05,254,545000
DLF-III,20180817,211,212,211,210.25,3,17500
DRREDDY-I,20180817,2373.45,2418.2,2361.1,2372.85,8911,4103000
DRREDDY-II,20180817,2388.3,2428.5,2373.2,2381.5,386,215750
DRREDDY-III,20180817,2394.1,2394.1,2393.1,2393.1,2,750
EICHERMOT-I,20180817,28931.05,29169.95,28482,28537.6,2412,260825
EICHERMOT-II,20180817,29298.2,29298.2,28625,28667.15,100,7250
EICHERMOT-III,20180817,29215,29249,29215,29249,3,50
ENGINERSIN-I,20180817,121.5,123.9,120.2,122.45,1160,8312500
ENGINERSIN-II,20180817,120.55,123,119.75,121.65,163,1547000
ENGINERSIN-III,20180817,0,0,0,120.3,0,7000
EQUITAS-I,20180817,140.05,143,139.35,141.5,1179,17340000
EQUITAS-II,20180817,142.2,143.55,142.2,142.3,13,168000
EQUITAS-III,20180817,0,0,0,138.15,0,4000
ESCORTS-I,20180817,876.25,881.95,867.2,871.75,2244,5190900
ESCORTS-II,20180817,880,885,871.5,876.6,55,193600
ESCORTS-III,20180817,0,0,0,905,0,1100
EXIDEIND-I,20180817,292.1,293.9,289.5,292.05,1131,8200000
EXIDEIND-II,20180817,294.95,294.95,291.1,293.5,18,264000
EXIDEIND-III,20180817,294.35,294.35,292.35,292.35,2,0
FEDERALBNK-I,20180817,90.7,90.7,86.25,86.45,5934,53053000
FEDERALBNK-II,20180817,92,92,86.8,86.95,312,3261500
FEDERALBNK-III,20180817,90.3,90.3,87.3,87.3,19,132000
GAIL-I,20180817,393.95,395.6,383.45,387.25,2940,17060799
GAIL-II,20180817,396.7,396.7,385,389.45,97,365379
GAIL-III,20180817,0,0,0,387.95,0,2667
GLENMARK-I,20180817,584.15,607.2,583.1,602.75,4073,4432000
GLENMARK-II,20180817,588,608.7,586.35,604.45,104,152000
GLENMARK-III,20180817,0,0,0,579.65,0,0
GMRINFRA-I,20180817,17.9,19.45,17.9,19.2,3568,220365000
GMRINFRA-II,20180817,18.15,19.5,18.05,19.35,173,13095000
GMRINFRA-III,20180817,0,0,0,18.1,0,135000
GODFRYPHLP-I,20180817,841.7,855.55,841.7,846.85,118,495600
GODFRYPHLP-II,20180817,840.05,840.05,840.05,840.05,1,14000
GODFRYPHLP-III,20180817,0,0,0,792.55,0,0
GODREJCP-I,20180817,1340,1354.75,1323.1,1349.1,1317,2131200
GODREJCP-II,20180817,1338.6,1358.2,1338,1354.7,25,24000
GODREJCP-III,20180817,0,0,0,1360.25,0,0
GODREJIND-I,20180817,617.5,617.5,605.05,611.85,663,2037000
GODREJIND-II,20180817,609.4,614.65,609.4,611,11,49500
GODREJIND-III,20180817,0,0,0,606,0,3000
GRANULES-I,20180817,107.5,111.8,106.4,111.35,1985,13005000
GRANULES-II,20180817,108.1,112.3,108.1,112.05,42,340000
GRANULES-III,20180817,0,0,0,106,0,5000
GRASIM-I,20180817,1003.95,1049.55,1000.3,1045.1,8449,7055250
GRASIM-II,20180817,1008.6,1047.55,1005.1,1043.1,212,292500
GRASIM-III,20180817,0,0,0,1019.8,0,750
GSFC-I,20180817,111.75,115.15,111.7,114.55,707,13774500
GSFC-II,20180817,110.2,113.75,110.2,112.85,42,819000
GSFC-III,20180817,0,0,0,110.2,0,27000
HAVELLS-I,20180817,686.85,687.85,677.55,682.1,2419,3903000
HAVELLS-II,20180817,687.9,688.7,681.8,685.15,90,199000
HAVELLS-III,20180817,691.2,692.5,687.4,691,7,6000
HCC-I,20180817,12.85,13.15,12.55,12.85,808,36972000
HCC-II,20180817,12.8,13.2,12.7,12.9,76,3258000
HCC-III,20180817,0,0,0,12.95,0,36000
HCLTECH-I,20180817,998.1,1007.75,995.15,1004.45,2732,9366700
HCLTECH-II,20180817,999.4,1007,995.4,1004.45,151,328300
HCLTECH-III,20180817,999.55,1001.55,999.55,1001.3,3,9800
HDFC-I,20180817,1901.15,1909.7,1889.1,1892.7,7546,23849500
HDFC-II,20180817,1912,1919.15,1899,1902.2,1879,3482000
HDFC-III,20180817,1910.05,1925.7,1907.45,1920,16,51000
HDFCBANK-I,20180817,2086.8,2099.65,2079.3,2085.45,6493,23913000
HDFCBANK-II,20180817,2091.65,2103.8,2085,2089.25,428,1186000
HDFCBANK-III,20180817,2100.5,2100.5,2091,2091,14,71500
HEROMOTOCO-I,20180817,3297,3317,3247.35,3254.15,2086,1591800
HEROMOTOCO-II,20180817,3316.2,3322.85,3264.1,3269.35,93,65400
HEROMOTOCO-III,20180817,0,0,0,3320,0,1000
HEXAWARE-I,20180817,485.35,491,477.05,489.15,2014,3202500
HEXAWARE-II,20180817,481,485.35,473,484.4,111,196500
HEXAWARE-III,20180817,0,0,0,481.2,0,1500
HINDALCO-I,20180817,218.3,221.95,218,220.35,5452,40418000
HINDALCO-II,20180817,219.5,221.7,218.7,220.25,148,1358000
HINDALCO-III,20180817,221.25,221.25,220,220,3,56000
HINDPETRO-I,20180817,269,271.35,266.6,268.6,3489,24420375
HINDPETRO-II,20180817,270.35,272.6,268.15,269.95,337,886725
HINDPETRO-III,20180817,272,272,272,272,1,20475
HINDUNILVR-I,20180817,1741,1789,1735.1,1785.3,5468,9415800
HINDUNILVR-II,20180817,1743.85,1796.4,1743.85,1793,202,366600
HINDUNILVR-III,20180817,1772.05,1772.05,1772.05,1772.05,1,2400
HINDZINC-I,20180817,271.6,275.6,271.1,274.05,799,11011200
HINDZINC-II,20180817,269.5,273.35,269.5,271.9,72,416000
HINDZINC-III,20180817,0,0,0,267.9,0,16000
IBULHSGFIN-I,20180817,1268.6,1294.85,1265.35,1272.4,5245,14722500
IBULHSGFIN-II,20180817,1282.5,1300.55,1273.1,1278.55,304,723000
IBULHSGFIN-III,20180817,1303.1,1305.5,1283,1288.7,5,5500
ICICIBANK-I,20180817,334.75,340.8,334.75,338.6,17405,122369500
ICICIBANK-II,20180817,337.6,342.4,337.05,340.3,1003,11830500
ICICIBANK-III,20180817,339.05,343.5,339.05,341.9,63,376750
ICICIPRULI-I,20180817,390,395.45,387,391.4,1045,4027400
ICICIPRULI-II,20180817,393,393.4,389,393.15,52,341900
ICICIPRULI-III,20180817,0,0,0,413,0,2600
IDBI-I,20180817,62.65,62.85,61.4,62.65,1641,58320000
IDBI-II,20180817,61.95,63,61.8,62.85,35,2110000
IDBI-III,20180817,0,0,0,60.85,0,80000
IDEA-I,20180817,50.85,51.65,50.7,51.1,1689,139608000
IDEA-II,20180817,51.1,51.85,51,51.35,210,4137000
IDEA-III,20180817,52.1,52.1,51.5,51.6,4,189000
IDFC-I,20180817,49.25,52.65,49.25,52.35,2092,126891600
IDFC-II,20180817,50.8,52.85,50.4,52.65,125,4950000
IDFC-III,20180817,52,53,52,53,5,105600
IDFCBANK-I,20180817,45.65,46.95,45.6,46.7,3147,138127000
IDFCBANK-II,20180817,46.15,47.15,46.15,46.9,106,6193000
IDFCBANK-III,20180817,46,47.35,46,47.05,4,275000
IFCI-I,20180817,16.2,17.25,16.15,17.15,766,57475000
IFCI-II,20180817,16.3,17.25,16.25,17.25,153,8125000
IFCI-III,20180817,16.45,16.45,16.45,16.45,1,500000
IGL-I,20180817,280.2,281.3,274.55,277.2,1413,5731000
IGL-II,20180817,280.4,280.4,275.25,277,89,445500
IGL-III,20180817,278.8,279.1,277.9,279.1,3,27500
INDIACEM-I,20180817,112.9,119,112.3,118,3861,21493500
INDIACEM-II,20180817,113.25,118.8,112.25,117.7,82,486500
INDIACEM-III,20180817,113.9,118.75,113.9,118.75,3,66500
INDIANB-I,20180817,338,345.8,338,342.95,2964,5088000
INDIANB-II,20180817,342.55,345.2,339.65,343.6,44,140000
INDIANB-III,20180817,0,0,0,360.8,0,0
INDIGO-I,20180817,1059.25,1059.25,1049,1051.15,1457,4410000
INDIGO-II,20180817,1047,1050.1,1044.7,1046,39,57600
INDIGO-III,20180817,0,0,0,1065,0,1800
INDUSINDBK-I,20180817,1987.05,1999.9,1981.35,1994.9,3909,6106500
INDUSINDBK-II,20180817,1981.65,1992,1976.4,1989.65,362,434700
INDUSINDBK-III,20180817,0,0,0,1966,0,2100
INFIBEAM-I,20180817,198,202.75,197.7,201.9,2266,49200000
INFIBEAM-II,20180817,196.05,198,196.05,197.4,33,332000
INFIBEAM-III,20180817,0,0,0,175.15,0,4000
INFRATEL-I,20180817,281.6,285.85,281.6,283.3,960,7141700
INFRATEL-II,20180817,285.45,286.1,283.5,284.1,53,117300
INFRATEL-III,20180817,0,0,0,292.15,0,0
INFY-I,20180817,1430.45,1436.9,1422.95,1431.4,6010,24262200
INFY-II,20180817,1435.45,1442.55,1429.95,1437.9,341,1346400
INFY-III,20180817,1430,1436,1425.9,1427.5,15,39000
IOC-I,20180817,158.15,158.45,156.8,157.7,1617,27279000
IOC-II,20180817,158.3,159.05,157.75,158.5,161,2493000
IOC-III,20180817,159.15,159.15,159,159,2,24000
IRB-I,20180817,192.6,194.45,188.15,189.55,1492,15592500
IRB-II,20180817,194,195.6,189.2,190.65,78,795000
IRB-III,20180817,195,195,195,195,1,2500
ITC-I,20180817,308.1,315.2,307.9,313.5,14569,78842400
ITC-II,20180817,310,316.5,310,314.8,847,5896800
ITC-III,20180817,317.25,317.45,314.5,316.25,8,38400
JETAIRWAYS-I,20180817,306,312.2,300.25,302.7,2031,4839600
JETAIRWAYS-II,20180817,305.55,310.35,300,301.5,15,181200
JETAIRWAYS-III,20180817,0,0,0,298.8,0,3600
JINDALSTEL-I,20180817,195.8,200.45,194.2,199.45,6401,30908250
JINDALSTEL-II,20180817,196.9,201.1,195.4,200.5,223,1147500
JINDALSTEL-III,20180817,202.5,202.5,200.6,200.6,2,33750
JISLJALEQS-I,20180817,76.5,77.45,74.6,75.8,1372,43875000
JISLJALEQS-II,20180817,76.05,76.5,74.4,75.15,92,2736000
JISLJALEQS-III,20180817,0,0,0,81.5,0,0
JPASSOCIAT-I,20180817,13.15,13.3,12.95,13.1,727,167076000
JPASSOCIAT-II,20180817,13.35,13.35,13.05,13.15,46,10982000
JPASSOCIAT-III,20180817,0,0,0,13.3,0,102000
JSWSTEEL-I,20180817,331.2,336.6,330.55,334.35,3513,61209000
JSWSTEEL-II,20180817,333.8,338,332.75,336,150,1539000
JSWSTEEL-III,20180817,337.8,337.8,337.8,337.8,1,3000
JUBLFOOD-I,20180817,1525.05,1528.2,1509.5,1517.25,3273,3124000
JUBLFOOD-II,20180817,1534.1,1534.1,1516.4,1523.15,109,136000
JUBLFOOD-III,20180817,0,0,0,1530,0,500
JUSTDIAL-I,20180817,576.15,579.15,569.75,574.65,1767,2766400
JUSTDIAL-II,20180817,578.7,578.7,571.2,573.25,17,53200
JUSTDIAL-III,20180817,0,0,0,556.7,0,1400
KAJARIACER-I,20180817,412.1,416.3,407.4,413.55,567,2355000
KAJARIACER-II,20180817,411.1,417.45,410,417.45,4,42000
KAJARIACER-III,20180817,0,0,0,440.75,0,0
KOTAKBANK-I,20180817,1252.75,1273.6,1248.35,1263.35,10422,13816000
KOTAKBANK-II,20180817,1257.25,1278.75,1254.7,1268.4,620,980800
KOTAKBANK-III,20180817,1276.25,1276.5,1276.25,1276.5,2,23200
KPIT-I,20180817,295.1,297.45,292.55,295.65,872,7681500
KPIT-II,20180817,296.55,296.55,294.95,294.95,2,153000
KPIT-III,20180817,0,0,0,292.6,0,0
KSCL-I,20180817,606,618,603,614.4,547,1300500
KSCL-II,20180817,613.3,613.3,608.05,608.55,5,45000
KSCL-III,20180817,0,0,0,606.8,0,0
KTKBANK-I,20180817,120.2,121.25,119.2,120.3,803,17856000
KTKBANK-II,20180817,120.5,121.1,119.85,120.95,23,405000
KTKBANK-III,20180817,121.1,121.35,121.1,121.35,6,18000
L&TFH-I,20180817,176.8,182.5,176,181.5,4963,31464000
L&TFH-II,20180817,177.3,183.35,177.3,182.25,196,1422000
L&TFH-III,20180817,179.15,181.9,179.15,181.9,4,36000
LICHSGFIN-I,20180817,552.1,559.9,551.95,557.95,2336,9730600
LICHSGFIN-II,20180817,556.1,562.1,555.95,560.65,55,159500
LICHSGFIN-III,20180817,0,0,0,550.45,0,1100
LT-I,20180817,1240.95,1251,1234.15,1244.95,5941,16356750
LT-II,20180817,1247.45,1257.1,1240.05,1250.25,332,763500
LT-III,20180817,1257,1260,1253.95,1257.5,9,22500
LUPIN-I,20180817,850,886,848.55,882.15,12971,12020400
LUPIN-II,20180817,855.65,889,854.45,886.65,1275,723100
LUPIN-III,20180817,860,890,860,890,22,28700
M&M-I,20180817,955,969.65,952.05,962.3,4224,14941000
M&M-II,20180817,961.6,973.55,956.25,966.75,162,640000
M&M-III,20180817,970,970,970,970,1,5000
M&MFIN-I,20180817,482.85,486.15,477.6,483,1919,9361250
M&MFIN-II,20180817,481.5,487.3,481.5,485.25,26,161250
M&MFIN-III,20180817,0,0,0,521.4,0,0
MANAPPURAM-I,20180817,102.75,103.6,99.65,100.85,1067,16560000
MANAPPURAM-II,20180817,104,104,100.25,101.25,43,408000
MANAPPURAM-III,20180817,0,0,0,106.35,0,6000
MARICO-I,20180817,364.75,372.45,364.7,371.4,1048,6775600
MARICO-II,20180817,369.95,373,369.95,373,8,70200
MARICO-III,20180817,0,0,0,371.2,0,0
MARUTI-I,20180817,9245,9287.8,9147.5,9161.1,9060,2453925
MARUTI-II,20180817,9313.45,9325,9193.25,9203.1,473,113475
MARUTI-III,20180817,9310.65,9359.95,9241,9241,14,3525
MCDOWELL-N-I,20180817,629.8,641.55,624.1,639.25,3140,10108750
MCDOWELL-N-II,20180817,636.85,643.65,635,642.1,48,166250
MCDOWELL-N-III,20180817,0,0,0,589.05,0,0
MCX-I,20180817,850.75,856.15,835,842.9,906,4559100
MCX-II,20180817,851.35,855,840.5,848.05,19,40600
MCX-III,20180817,855,855,848,848,2,3500
MFSL-I,20180817,467.25,472.8,463,466.2,407,2558400
MFSL-II,20180817,477.9,477.9,466,466,8,14400
MFSL-III,20180817,0,0,0,480.2,0,0
MGL-I,20180817,935,935,916.45,920.4,532,1148400
MGL-II,20180817,919.6,919.6,913.4,914.65,12,50400
MGL-III,20180817,0,0,0,914.65,0,0
MINDTREE-I,20180817,1045,1049,1017,1033.75,3866,3621600
MINDTREE-II,20180817,1047,1047.15,1022,1037.5,84,111600
MINDTREE-III,20180817,1029,1029,1029,1029,1,4800
MOTHERSUMI-I,20180817,304,313.45,303.6,311.8,3282,13112000
MOTHERSUMI-II,20180817,306.5,314,306.1,313.2,91,470400
MOTHERSUMI-III,20180817,0,0,0,302,0,11200
MRF-I,20180817,73849.6,74125,73431.95,73985.6,746,40900
MRF-II,20180817,74145.35,74325,73857.8,74247,26,970
MRF-III,20180817,0,0,0,76100,0,10
MRPL-I,20180817,80.25,82.65,79.1,81.5,247,5206500
MRPL-II,20180817,79.75,82.2,79.5,81.6,8,171000
MRPL-III,20180817,0,0,0,83.5,0,4500
MUTHOOTFIN-I,20180817,412.75,415.1,405.35,406.7,740,2107500
MUTHOOTFIN-II,20180817,410.1,411,408,408.8,12,22500
MUTHOOTFIN-III,20180817,0,0,0,435.05,0,1500
NATIONALUM-I,20180817,67.85,69.95,67.85,68.15,2499,53136000
NATIONALUM-II,20180817,68.65,70,68.35,68.45,91,6784000
NATIONALUM-III,20180817,0,0,0,69.5,0,32000
NBCC-I,20180817,76.5,76.5,73.1,74.3,2995,21924000
NBCC-II,20180817,75.95,76.2,73.6,74.15,111,2142000
NBCC-III,20180817,75.25,75.25,74.3,74.3,3,48000
NCC-I,20180817,102.6,103,101.2,101.6,2635,47024000
NCC-II,20180817,103.3,103.45,101.95,102.1,74,1808000
NCC-III,20180817,0,0,0,104.15,0,104000
NESTLEIND-I,20180817,10845.05,10975.95,10830.1,10928.15,625,284200
NESTLEIND-II,20180817,10992.65,10992.65,10920,10975,12,4800
NESTLEIND-III,20180817,0,0,0,10825,0,100
NHPC-I,20180817,25,25.7,25,25.55,188,19656000
NHPC-II,20180817,25,25.5,25,25.4,17,3456000
NHPC-III,20180817,0,0,0,23.7,0,27000
NIITTECH-I,20180817,1322,1341,1305.1,1334.2,3032,1095750
NIITTECH-II,20180817,1298.5,1331,1298.5,1327.35,27,57000
NIITTECH-III,20180817,0,0,0,1272.15,0,1500
NMDC-I,20180817,102.7,106.15,102.65,104.85,1543,25254000
NMDC-II,20180817,103.9,106.6,103.6,105.3,70,1482000
NMDC-III,20180817,105.5,105.5,105.5,105.5,1,48000
NTPC-I,20180817,159.35,160.05,157.5,157.6,1797,35928000
NTPC-II,20180817,157.85,158.3,155.8,156.1,108,1456000
NTPC-III,20180817,0,0,0,155.4,0,4000
OFSS-I,20180817,4045,4071.2,4003,4056.05,500,121800
OFSS-II,20180817,0,0,0,3912.2,0,2400
OFSS-III,20180817,0,0,0,3953.7,0,0
OIL-I,20180817,206.35,206.35,203.6,204.75,201,3490773
OIL-II,20180817,205.8,205.8,204.5,204.9,17,244728
OIL-III,20180817,0,0,0,212.35,0,0
ONGC-I,20180817,165.15,165.15,163.1,163.7,1457,40106250
ONGC-II,20180817,164.45,164.8,162.8,163.45,162,2362500
ONGC-III,20180817,164.8,164.85,164.8,164.85,3,78750
ORIENTBANK-I,20180817,76.2,79.8,76.2,79.25,1261,11964000
ORIENTBANK-II,20180817,78.55,80,77.7,79.6,94,1314000
ORIENTBANK-III,20180817,80,80,80,80,1,18000
PAGEIND-I,20180817,33585.9,34229.5,33500.15,34051.7,1383,65375
PAGEIND-II,20180817,33424.95,34000,33392.15,33950.55,38,7000
PAGEIND-III,20180817,33850,34209.95,33849.9,34054.2,5,100
PCJEWELLER-I,20180817,99.7,102.35,99.25,100.05,4001,8509500
PCJEWELLER-II,20180817,101,102.5,100,100.4,282,576000
PCJEWELLER-III,20180817,100,102.4,100,100.5,8,46500
PEL-I,20180817,2733.95,2749,2701.75,2715.9,2146,2406034
PEL-II,20180817,2741.95,2753,2718,2725.3,98,66440
PEL-III,20180817,2712.65,2712.65,2712.65,2712.65,1,302
PETRONET-I,20180817,218.8,220.7,216.65,219,1102,19254000
PETRONET-II,20180817,217.05,217.9,214.1,216.15,88,1119000
PETRONET-III,20180817,216.2,216.2,216.2,216.2,1,9000
PFC-I,20180817,81.9,84,81.3,82.65,2582,74232000
PFC-II,20180817,82.8,84.3,81.85,82.95,206,3168000
PFC-III,20180817,0,0,0,82,0,66000
PIDILITIND-I,20180817,1127.95,1129.35,1117.55,1122.55,858,3448000
PIDILITIND-II,20180817,1129,1132,1121.35,1126.65,20,48000
PIDILITIND-III,20180817,0,0,0,1110,0,1000
PNB-I,20180817,83,84.35,82.65,83.8,6277,111419000
PNB-II,20180817,83.55,84.75,83.15,84.2,431,5654000
PNB-III,20180817,85,85,84,84.6,34,280500
POWERGRID-I,20180817,189.1,189.1,186.05,187.25,1045,43436000
POWERGRID-II,20180817,186.05,186.05,184.5,185.35,58,1196000
POWERGRID-III,20180817,0,0,0,187,0,16000
PTC-I,20180817,80.25,80.6,79.15,80.05,362,19272000
PTC-II,20180817,79.7,79.8,78.85,79.6,38,5784000
PTC-III,20180817,0,0,0,80.7,0,16000
PVR-I,20180817,1305.45,1317.75,1293.5,1312.7,1098,1229200
PVR-II,20180817,1311,1318,1310.3,1318,3,34400
PVR-III,20180817,0,0,0,1139.75,0,0
RAMCOCEM-I,20180817,662,686.15,653.85,682.9,842,866400
RAMCOCEM-II,20180817,656.25,684.85,656.25,684.85,7,18400
RAMCOCEM-III,20180817,0,0,0,734.25,0,0
RAYMOND-I,20180817,777,804.9,762.3,799.25,3863,5533600
RAYMOND-II,20180817,785,806,767,801.6,74,62400
RAYMOND-III,20180817,0,0,0,805,0,800
RBLBANK-I,20180817,575.95,580.9,573.1,575.15,1525,5011200
RBLBANK-II,20180817,579.85,582.7,575.3,577.9,61,144000
RBLBANK-III,20180817,0,0,0,575,0,1200
RCOM-I,20180817,18.75,20,18.1,19.3,5094,115976000
RCOM-II,20180817,19.2,20,18.3,19.45,129,4424000
RCOM-III,20180817,0,0,0,20.65,0,168000
RECLTD-I,20180817,110,111.15,107.85,110.6,2659,38628000
RECLTD-II,20180817,109.4,110,106.95,109.65,137,4776000
RECLTD-III,20180817,110.1,110.1,109,109,3,120000
RELCAPITAL-I,20180817,432.7,440.5,429.6,437.6,4757,9730500
RELCAPITAL-II,20180817,425.7,432.6,422.35,428.95,195,975000
RELCAPITAL-III,20180817,427.15,434,427.15,434,5,66000
RELIANCE-I,20180817,1211,1216.9,1203.5,1206.6,12280,44441000
RELIANCE-II,20180817,1216.9,1222.4,1209.6,1212.55,857,7304000
RELIANCE-III,20180817,1219.5,1225.85,1215,1217.7,29,198000
RELINFRA-I,20180817,407.2,421,405.45,418.05,6008,9131200
RELINFRA-II,20180817,402.25,414.4,400.45,412.15,222,908700
RELINFRA-III,20180817,408.25,408.25,408.25,408.25,4,92300
REPCOHOME-I,20180817,603.35,610,581.5,589.45,427,653400
REPCOHOME-II,20180817,594.9,594.9,580.8,585.25,15,18000
REPCOHOME-III,20180817,0,0,0,638.25,0,0
RPOWER-I,20180817,32.5,32.8,31.95,32.7,791,45318000
RPOWER-II,20180817,32.7,33,32.3,32.9,183,5655000
RPOWER-III,20180817,0,0,0,32.4,0,546000
SAIL-I,20180817,75.2,76.85,75.1,75.95,3484,73260000
SAIL-II,20180817,76,77.2,75.55,76.35,148,2568000
SAIL-III,20180817,76.85,76.85,76.75,76.75,2,36000
SBIN-I,20180817,295.5,303.75,294.65,302.85,21575,87342000
SBIN-II,20180817,297.75,305.25,296.2,304.25,1045,4719000
SBIN-III,20180817,298.75,306.15,297.7,305.65,26,282000
SHREECEM-I,20180817,17150.05,17974.95,17130,17822.1,1170,95500
SHREECEM-II,20180817,17500,17990.05,17500,17949.95,8,1250
SHREECEM-III,20180817,0,0,0,17800.8,0,0
SIEMENS-I,20180817,990.2,1025.9,990.2,1023.15,694,1207500
SIEMENS-II,20180817,1022.55,1026.2,1020.55,1026.2,6,21500
SIEMENS-III,20180817,0,0,0,1028.5,0,2500
SOUTHBANK-I,20180817,18.2,18.55,18.15,18.4,1034,134850729
SOUTHBANK-II,20180817,18.35,18.7,18.3,18.55,59,8450955
SOUTHBANK-III,20180817,18.55,18.55,18.5,18.5,2,530256
SREINFRA-I,20180817,49.2,49.55,47.5,48.9,812,17948000
SREINFRA-II,20180817,49.4,49.5,48.1,49.15,18,560000
SREINFRA-III,20180817,0,0,0,47.45,0,119000
SRF-I,20180817,1972.15,2008.9,1971.3,1999,3008,810500
SRF-II,20180817,1987.25,2010.05,1987.25,2008.85,23,29000
SRF-III,20180817,0,0,0,1675.05,0,0
SRTRANSFIN-I,20180817,1311.05,1351.95,1311.05,1331.45,2443,4309200
SRTRANSFIN-II,20180817,1325.35,1355.85,1320,1339.35,61,173400
SRTRANSFIN-III,20180817,0,0,0,1436.95,0,0
STAR-I,20180817,436.05,455.5,433.35,450.8,10173,5527200
STAR-II,20180817,440.25,455.45,434.35,451.3,237,181600
STAR-III,20180817,0,0,0,428.3,0,3200
SUNPHARMA-I,20180817,623.2,633.75,619.45,623.9,25483,40770400
SUNPHARMA-II,20180817,625.1,634.5,620.25,625.2,1130,2128500
SUNPHARMA-III,20180817,627.1,636.1,624.45,629.15,42,69300
SUNTV-I,20180817,786.85,795.8,778.3,787.25,4913,7809000
SUNTV-II,20180817,788,799,782.5,789.7,137,157000
SUNTV-III,20180817,796.5,800,796.5,800,4,10000
SUZLON-I,20180817,7.25,7.35,7.2,7.3,404,300735000
SUZLON-II,20180817,7.3,7.4,7.3,7.3,88,36225000
SUZLON-III,20180817,7.4,7.45,7.4,7.4,4,2925000
SYNDIBANK-I,20180817,38.4,39.1,38.1,38.85,1060,28701000
SYNDIBANK-II,20180817,38.4,39.4,38.4,39.05,51,2799000
SYNDIBANK-III,20180817,0,0,0,38,0,99000
TATACHEM-I,20180817,705.2,716,696.1,711.65,2996,3529500
TATACHEM-II,20180817,705.2,718.65,702,715.25,55,104250
TATACHEM-III,20180817,0,0,0,686.25,0,0
TATACOMM-I,20180817,558,565.95,552,556.8,711,3444800
TATACOMM-II,20180817,565,565,555.35,558.2,19,36800
TATACOMM-III,20180817,0,0,0,581.1,0,0
TATAELXSI-I,20180817,1449.95,1449.95,1431.1,1438.6,1842,2335200
TATAELXSI-II,20180817,1448,1449.2,1440,1440.85,24,103200
TATAELXSI-III,20180817,0,0,0,1461,0,1600
TATAGLOBAL-I,20180817,241.3,244.95,239.95,243.3,2739,14206500
TATAGLOBAL-II,20180817,242,246.05,242,244.85,71,344250
TATAGLOBAL-III,20180817,243.8,243.8,243.8,243.8,2,40500
TATAMOTORS-I,20180817,253.5,259,253.25,258.15,15833,77679000
TATAMOTORS-II,20180817,255.9,260.1,254.5,259.35,1750,6843000
TATAMOTORS-III,20180817,256.45,260.45,255.8,260.35,39,229500
TATAMTRDVR-I,20180817,136.7,139.4,136.1,136.5,2556,33227600
TATAMTRDVR-II,20180817,137.7,140,136.95,137.1,358,2004800
TATAMTRDVR-III,20180817,140.05,140.05,138,138,3,22400
TATAPOWER-I,20180817,67.65,69.25,67.35,68.95,769,51021000
TATAPOWER-II,20180817,68,69.5,67.75,69.3,83,1656000
TATAPOWER-III,20180817,0,0,0,72.15,0,0
TATASTEEL-I,20180817,574.1,587.6,574.1,582.3,19794,44668100
TATASTEEL-II,20180817,577.15,590.05,577.15,585,863,1635001
TATASTEEL-III,20180817,591.7,591.7,588.6,588.6,2,35013
TCS-I,20180817,2019.05,2030,2007.65,2019.5,5306,10451000
TCS-II,20180817,2020,2035,2014,2024.7,356,474000
TCS-III,20180817,2029.35,2029.35,2029.35,2029.35,3,5000
TECHM-I,20180817,671.05,691.25,660.65,689.4,7268,16870800
TECHM-II,20180817,675.9,694.2,664.75,693.15,187,693600
TECHM-III,20180817,694,694,694,694,1,2400
TITAN-I,20180817,925.05,948.9,922.95,944.65,9429,13155000
TITAN-II,20180817,931.95,953.5,930.35,949.65,420,517500
TITAN-III,20180817,951.8,951.8,951.8,951.8,1,7500
TORNTPHARM-I,20180817,1707.4,1780.95,1701.8,1773.3,2525,497500
TORNTPHARM-II,20180817,1740.85,1784.15,1740.85,1781.35,29,25000
TORNTPHARM-III,20180817,1755,1755,1755,1755,3,2000
TORNTPOWER-I,20180817,232.9,234.85,228.1,229,654,2442000
TORNTPOWER-II,20180817,232.1,234.3,230.15,230.15,7,48000
TORNTPOWER-III,20180817,0,0,0,242.65,0,0
TV18BRDCST-I,20180817,47.55,49.2,47.55,48.75,1071,55590000
TV18BRDCST-II,20180817,48.1,49.3,48.1,49.05,40,654500
TV18BRDCST-III,20180817,49,49,49,49,2,25500
TVSMOTOR-I,20180817,520.7,522.7,514.5,518.1,1753,7988000
TVSMOTOR-II,20180817,520.4,520.4,515,516.45,60,224000
TVSMOTOR-III,20180817,518.25,518.65,511.9,511.9,3,13000
UBL-I,20180817,1377.8,1420,1363.9,1390.5,6987,1838200
UBL-II,20180817,1387.4,1424,1370,1396.55,194,118300
UBL-III,20180817,1425,1425,1383.5,1388,3,1400
UJJIVAN-I,20180817,348,355.2,345.1,353.25,2217,6452800
UJJIVAN-II,20180817,349.3,356.4,348.3,355.45,47,233600
UJJIVAN-III,20180817,352,352,352,352,2,14400
ULTRACEMCO-I,20180817,4262.95,4300.25,4210.05,4290.8,2608,2212600
ULTRACEMCO-II,20180817,4262.7,4319.45,4224.1,4311.8,93,49000
ULTRACEMCO-III,20180817,4331.85,4331.85,4331.85,4331.85,1,400
UNIONBANK-I,20180817,87.25,87.45,85.85,87.05,2273,32796000
UNIONBANK-II,20180817,86.85,87.75,86.25,87.45,94,1320000
UNIONBANK-III,20180817,86.75,86.75,86.65,86.65,2,78000
UPL-I,20180817,615.95,620.8,610.2,618.9,2414,16336800
UPL-II,20180817,615.4,623.55,613.4,621.85,156,420000
UPL-III,20180817,622,622,622,622,2,14400
VEDL-I,20180817,211.7,217.6,211.7,215.2,14287,46338250
VEDL-II,20180817,213.25,218.25,212.75,215.9,544,1790250
VEDL-III,20180817,215,219.1,214.1,216.9,26,59500
VGUARD-I,20180817,216.9,218.85,213.6,215.25,566,2724000
VGUARD-II,20180817,217.65,218,214.2,214.2,21,129000
VGUARD-III,20180817,0,0,0,213.7,0,9000
VOLTAS-I,20180817,612.05,626.5,611.4,617.45,3289,5162000
VOLTAS-II,20180817,611.9,621.5,609.4,614.9,48,125000
VOLTAS-III,20180817,0,0,0,614.1,0,3000
WIPRO-I,20180817,279.45,281.45,278.2,280.5,1706,27192000
WIPRO-II,20180817,281.3,282.05,279.6,281.9,44,240000
WIPRO-III,20180817,283,283,283,283,1,2400
WOCKPHARMA-I,20180817,625.5,636.7,623.95,627.8,3294,3388500
WOCKPHARMA-II,20180817,629,639,629,631.2,72,98100
WOCKPHARMA-III,20180817,0,0,0,580.75,0,0
YESBANK-I,20180817,381.85,395.25,381,393.6,18614,46336500
YESBANK-II,20180817,384.4,396.95,383.85,395.6,1059,2047500
YESBANK-III,20180817,387.1,398.2,387,397.35,108,257250
ZEEL-I,20180817,504.75,507.9,500.25,505.5,1976,9770800
ZEEL-II,20180817,504.4,510,503,507.85,111,338000
ZEEL-III,20180817,0,0,0,514.7,0,1300
