BANKNIFTY-I,20160519,17282.35,17282.35,16538,16563.65,91474,1730280
BANKNIFTY-II,20160519,16789.9,16789.9,16510.05,16535.75,6564,184950
BANKNIFTY-III,20160519,16698.1,16750,16566,16583.45,254,11360
DJIA-I,20160519,17482.5,17487.5,17440,17445,195,10350
DJIA-II,20160519,17437.5,17450,17400,17410,80,6180
DJIA-III,20160519,0,0,0,18037.5,0,0
DJIA-IIII,20160519,0,0,0,16702.5,0,30
DJIA-IIIII,20160519,0,0,0,18835,0,0
DJIA-IIIIII,20160519,0,0,0,18965,0,0
FTSE100-I,20160519,0,0,0,6155,0,225
FTSE100-II,20160519,0,0,0,7242,0,0
FTSE100-III,20160519,0,0,0,6316,0,0
FTSE100-IIII,20160519,0,0,0,6637,0,0
FTSE100-IIIII,20160519,0,0,0,6570,0,0
FTSE100-IIIIII,20160519,0,0,0,6728,0,0
NIFTY-I,20160519,7864.95,7872.55,7775.25,7785.1,193420,16499400
NIFTY-II,20160519,7861.1,7882,7785,7794.65,19128,3194925
NIFTY-III,20160519,7880,7898.5,7801,7811.9,1344,210000
NIFTYINFRA-I,20160519,0,0,0,2330.45,0,0
NIFTYINFRA-II,20160519,0,0,0,2600.2,0,0
NIFTYINFRA-III,20160519,0,0,0,2693.1,0,0
NIFTYIT-I,20160519,11071,11130,11065,11084,58,19665
NIFTYIT-II,20160519,11199,11199,11120,11120,4,270
NIFTYIT-III,20160519,0,0,0,11495,0,0
NIFTYMID50-I,20160519,0,0,0,2763.8,0,0
NIFTYMID50-II,20160519,0,0,0,3266,0,0
NIFTYMID50-III,20160519,0,0,0,3380.7,0,0
NIFTYPSE-I,20160519,0,0,0,2686.4,0,0
NIFTYPSE-II,20160519,0,0,0,2904.75,0,0
NIFTYPSE-III,20160519,0,0,0,2994.1,0,0
S&P500-I,20160519,2039,2042,2035.25,2037.25,234,159000
S&P500-II,20160519,2036,2038,2031,2032.75,346,208000
S&P500-III,20160519,0,0,0,2098.25,0,0
S&P500-IIII,20160519,0,0,0,2150.5,0,0
S&P500-IIIII,20160519,0,0,0,2198.25,0,0
S&P500-IIIIII,20160519,0,0,0,2213.75,0,0
ABIRLANUVO-I,20160519,1021.35,1053,1019.8,1038.5,5075,955250
ABIRLANUVO-II,20160519,1037.8,1058.9,1028.5,1040.15,192,40250
ABIRLANUVO-III,20160519,0,0,0,870.65,0,0
ACC-I,20160519,1438.05,1439.55,1407.75,1412.45,1274,714000
ACC-II,20160519,1445.6,1445.6,1416.45,1421.7,129,99375
ACC-III,20160519,1433.95,1433.95,1433.95,1433.95,1,1200
ADANIENT-I,20160519,74.85,75.1,71,71.45,646,13092000
ADANIENT-II,20160519,75.2,75.25,71.55,71.9,64,546000
ADANIENT-III,20160519,0,0,0,85.4,0,0
ADANIPORTS-I,20160519,183.4,184.2,170.4,172.05,9435,35876800
ADANIPORTS-II,20160519,184.7,185.05,171.4,173.1,2157,4046400
ADANIPORTS-III,20160519,185.05,185.05,173.85,174.85,17,72500
ADANIPOWER-I,20160519,29.75,30.1,28.65,29,701,85520000
ADANIPOWER-II,20160519,30,30.2,28.95,29.15,66,3480000
ADANIPOWER-III,20160519,29.8,29.8,29.8,29.8,2,60000
AJANTPHARM-I,20160519,1581.9,1588.7,1567.45,1579.55,279,303600
AJANTPHARM-II,20160519,1587.5,1588.7,1578,1586.95,39,10800
AJANTPHARM-III,20160519,1608.8,1608.8,1607.9,1607.9,2,1600
ALBK-I,20160519,52.85,53.65,50.6,50.95,860,8736000
ALBK-II,20160519,52.95,53.1,50.7,51.05,128,1236000
ALBK-III,20160519,53,53,51.2,51.2,3,80000
AMARAJABAT-I,20160519,953,962.7,941.2,944.45,748,632400
AMARAJABAT-II,20160519,958.95,968.1,946.4,949.05,55,30000
AMARAJABAT-III,20160519,0,0,0,955.4,0,0
AMBUJACEM-I,20160519,216.8,216.85,212.1,213.6,1327,9212700
AMBUJACEM-II,20160519,216.3,217.5,213.1,214.15,81,449400
AMBUJACEM-III,20160519,215,215,215,215,1,2500
ANDHRABANK-I,20160519,50.95,50.95,48.8,48.95,584,11912000
ANDHRABANK-II,20160519,51,51.15,49.1,49.2,85,1376000
ANDHRABANK-III,20160519,0,0,0,50.4,0,30000
APOLLOHOSP-I,20160519,1357.65,1363.55,1315.55,1324.45,703,756000
APOLLOHOSP-II,20160519,1365.35,1365.35,1322.5,1327.3,44,19600
APOLLOHOSP-III,20160519,0,0,0,1381.5,0,400
APOLLOTYRE-I,20160519,152.9,154.6,150.15,150.85,2022,9390000
APOLLOTYRE-II,20160519,154.75,155.35,151,151.75,164,1119000
APOLLOTYRE-III,20160519,0,0,0,153.6,0,3000
ARVIND-I,20160519,307.35,310.4,300.75,303.2,4554,4074900
ARVIND-II,20160519,306.3,311.6,302.5,304.55,146,314500
ARVIND-III,20160519,0,0,0,299.1,0,2000
ASHOKLEY-I,20160519,102.8,104.2,101.8,102.05,2649,73675000
ASHOKLEY-II,20160519,102.75,104.7,102.4,102.6,440,5607000
ASHOKLEY-III,20160519,104.25,104.45,104.25,104.45,2,42000
ASIANPAINT-I,20160519,962.5,965.7,951,956.9,3398,3507000
ASIANPAINT-II,20160519,960,962.95,953,957.3,210,243000
ASIANPAINT-III,20160519,0,0,0,950,0,600
AUROPHARMA-I,20160519,778,790.7,768.05,771.1,3796,14856100
AUROPHARMA-II,20160519,788.7,794.7,772.55,774.9,270,382900
AUROPHARMA-III,20160519,794.3,794.3,777.55,777.55,2,4900
AXISBANK-I,20160519,501.9,501.9,488.55,490.1,13711,20789000
AXISBANK-II,20160519,505.05,505.05,492,493.3,3119,5285000
AXISBANK-III,20160519,491.05,491.05,491.05,491.05,1,38400
BAJAJ-AUTO-I,20160519,2469.05,2471.85,2430.3,2440.8,1942,1394000
BAJAJ-AUTO-II,20160519,2470.1,2482.5,2447.45,2456.4,324,104600
BAJAJ-AUTO-III,20160519,0,0,0,2555,0,0
BAJFINANCE-I,20160519,7760,7824.9,7709.3,7735.9,592,281625
BAJFINANCE-II,20160519,7787.5,7835,7740,7756.25,123,22125
BAJFINANCE-III,20160519,7746.85,7820.45,7746.85,7820.45,2,1000
BANKBARODA-I,20160519,141.8,142.25,136.3,137.1,8118,51615000
BANKBARODA-II,20160519,142,142.65,136.85,137.75,1280,5713300
BANKBARODA-III,20160519,141.05,141.05,139.45,139.45,3,164500
BANKINDIA-I,20160519,85.25,86.2,82,82.35,3117,20490000
BANKINDIA-II,20160519,85.2,86.15,81.95,82.2,471,3339000
BANKINDIA-III,20160519,85.35,85.5,82,82,8,378000
BATAINDIA-I,20160519,587.95,594.25,565.75,569.65,1770,1574000
BATAINDIA-II,20160519,588.95,594,568,570.1,62,88000
BATAINDIA-III,20160519,0,0,0,592.5,0,2200
BEL-I,20160519,1149.95,1152.45,1116,1120.8,825,1210050
BEL-II,20160519,1152,1152,1116,1119.25,390,393300
BEL-III,20160519,0,0,0,1136,0,1800
BEML-I,20160519,903.1,908.3,870.1,874.75,1226,1297000
BEML-II,20160519,907.35,910.7,875.55,879.6,172,177000
BEML-III,20160519,0,0,0,935.85,0,0
BHARATFORG-I,20160519,733.9,739.5,712.6,715.5,4017,6490500
BHARATFORG-II,20160519,733.4,738.05,711.3,714.45,778,871000
BHARATFORG-III,20160519,724,724,715,715,3,7800
BHARTIARTL-I,20160519,350.3,350.75,343.35,344.3,3162,22604400
BHARTIARTL-II,20160519,349.25,349.25,343.6,344.1,972,1900800
BHARTIARTL-III,20160519,346.75,347.45,346.75,347.45,2,55500
BHEL-I,20160519,120.3,122.2,118.5,119.15,5194,19822000
BHEL-II,20160519,119.85,122.7,119.1,119.7,717,2874000
BHEL-III,20160519,122.65,122.65,121.1,121.1,2,160000
BIOCON-I,20160519,625.75,629.55,617.45,619.65,1173,2695000
BIOCON-II,20160519,628,631.55,621.25,623.1,112,246400
BIOCON-III,20160519,0,0,0,630.8,0,4400
BOSCHLTD-I,20160519,21097.65,21290.85,20917.15,20991.9,880,92825
BOSCHLTD-II,20160519,21244.1,21300,21070.95,21097.05,55,4725
BOSCHLTD-III,20160519,0,0,0,20315.3,0,0
BPCL-I,20160519,928.05,949.6,928.05,942.7,3325,4461000
BPCL-II,20160519,945.4,954.95,944.6,947.95,207,173400
BPCL-III,20160519,0,0,0,939.1,0,1200
BRITANNIA-I,20160519,2980.5,3018,2973.9,2994.55,1239,1405200
BRITANNIA-II,20160519,2995.5,3030.35,2995.5,3010.6,91,58600
BRITANNIA-III,20160519,0,0,0,2877.45,0,0
CADILAHC-I,20160519,322.15,327.2,321,325,706,3877500
CADILAHC-II,20160519,325.3,329.1,325.3,327.2,71,247500
CADILAHC-III,20160519,0,0,0,333.15,0,0
CAIRN-I,20160519,138.8,139.5,134.85,135.35,1377,12405000
CAIRN-II,20160519,139.45,140,135.55,136.3,185,1749000
CAIRN-III,20160519,137.5,137.5,135,135,2,210000
CANBK-I,20160519,184.75,186,177.2,178.25,4007,10164000
CANBK-II,20160519,184.15,185.4,176.95,177.85,479,1956000
CANBK-III,20160519,184.05,184.05,178.35,178.9,9,204000
CASTROLIND-I,20160519,376.65,382.45,366.2,374.15,18388,6960800
CASTROLIND-II,20160519,374.4,384.1,362.2,375.6,1706,913000
CASTROLIND-III,20160519,375,375,375,375,1,1400
CEATLTD-I,20160519,980.75,1010,959.95,966.3,2404,1985900
CEATLTD-II,20160519,1002,1004,961,965.9,313,176400
CEATLTD-III,20160519,1005,1005,985.7,985.7,3,2800
CENTURYTEX-I,20160519,615,615,589.6,592.65,2890,5785600
CENTURYTEX-II,20160519,609.6,616.05,593,595.6,202,206400
CENTURYTEX-III,20160519,0,0,0,620,0,2200
CESC-I,20160519,548.65,555.9,534,551.75,3921,1637000
CESC-II,20160519,550.85,557.9,537.2,553.95,65,34000
CESC-III,20160519,0,0,0,544.5,0,0
CIPLA-I,20160519,524.9,526.8,510.85,512.8,4081,10305600
CIPLA-II,20160519,529.05,529.4,514.15,515.9,827,990400
CIPLA-III,20160519,527,527,518,518.75,3,2000
COALINDIA-I,20160519,283.85,284.3,279.35,280.1,2084,16704000
COALINDIA-II,20160519,286,286,281.1,281.65,386,1118400
COALINDIA-III,20160519,0,0,0,286,0,5100
COLPAL-I,20160519,829.8,837,817.9,819.1,452,1925500
COLPAL-II,20160519,827,827,818,819.15,111,275000
COLPAL-III,20160519,0,0,0,863.1,0,0
CONCOR-I,20160519,1370,1383.4,1351.45,1357,130,380800
CONCOR-II,20160519,1386,1386,1371,1371,3,4400
CONCOR-III,20160519,0,0,0,1345.15,0,0
CROMPGREAV-I,20160519,61.05,61.3,60.25,60.8,1523,18300000
CROMPGREAV-II,20160519,61.1,61.2,60.4,60.75,69,615000
CROMPGREAV-III,20160519,0,0,0,61.05,0,12000
CUMMINSIND-I,20160519,861.35,869.55,849.65,854.55,396,442200
CUMMINSIND-II,20160519,863,868,855,858.15,34,36600
CUMMINSIND-III,20160519,0,0,0,884.75,0,0
DABUR-I,20160519,288.3,290.2,279.8,281.3,1175,5164000
DABUR-II,20160519,289,290,282,282.65,56,128000
DABUR-III,20160519,0,0,0,292,0,5000
DHFL-I,20160519,201.55,202.4,190.5,192.25,2164,6439400
DHFL-II,20160519,203,203,192,193.4,292,638000
DHFL-III,20160519,197.5,197.5,197.5,197.5,1,3000
DISHTV-I,20160519,94.95,97,91.1,92.2,1561,22455000
DISHTV-II,20160519,96,97.2,92,92.8,146,720000
DISHTV-III,20160519,95,95,93,93,3,7000
DIVISLAB-I,20160519,1077.05,1081,1055,1058.15,1258,1886400
DIVISLAB-II,20160519,1079.8,1085,1061.5,1063.45,116,522600
DIVISLAB-III,20160519,1079.6,1079.6,1067,1067.7,3,1800
DLF-I,20160519,127.05,130.45,124,124.35,10813,33325000
DLF-II,20160519,127.25,131.05,124.75,125.1,603,1770000
DLF-III,20160519,127.75,131,127,127,5,20000
DRREDDY-I,20160519,3040.15,3051,3012.9,3024.45,2782,1903350
DRREDDY-II,20160519,3056,3056.65,3030,3040.05,118,79650
DRREDDY-III,20160519,3035,3035,3035,3035,2,1400
EICHERMOT-I,20160519,18585,18757.85,18123.6,18236.2,2456,259925
EICHERMOT-II,20160519,18745,18747.75,18250,18373.2,397,13950
EICHERMOT-III,20160519,0,0,0,20665.7,0,0
ENGINERSIN-I,20160519,182.7,185.5,179.1,180.25,416,2079000
ENGINERSIN-II,20160519,182.95,186.4,180.1,180.95,23,55000
ENGINERSIN-III,20160519,0,0,0,184.1,0,0
EXIDEIND-I,20160519,151.9,152.4,149.4,149.9,984,6521200
EXIDEIND-II,20160519,151.55,151.6,149.5,149.7,97,418200
EXIDEIND-III,20160519,0,0,0,149.55,0,0
FEDERALBNK-I,20160519,50.5,51,49.45,49.65,992,51744000
FEDERALBNK-II,20160519,50.4,51.1,49.6,49.8,162,2280000
FEDERALBNK-III,20160519,49.5,49.5,49.5,49.5,1,77000
GAIL-I,20160519,381,381.95,369.4,371.6,2370,7394800
GAIL-II,20160519,381,382.25,370.75,372.8,198,323400
GAIL-III,20160519,376,376,376,376,1,0
GLENMARK-I,20160519,859.85,869.6,853.2,856,1722,2609500
GLENMARK-II,20160519,865,874.1,858.25,859.75,405,247000
GLENMARK-III,20160519,0,0,0,878.55,0,1400
GMRINFRA-I,20160519,11.8,12,11.4,11.5,1263,205023000
GMRINFRA-II,20160519,11.85,12.05,11.45,11.5,875,53742000
GMRINFRA-III,20160519,0,0,0,12.1,0,900000
GODREJCP-I,20160519,1387.25,1388.35,1352,1363.75,123,282800
GODREJCP-II,20160519,1380,1380,1366.25,1366.25,2,4000
GODREJCP-III,20160519,0,0,0,1356.8,0,0
GODREJIND-I,20160519,354.8,354.8,341.5,342.95,495,1340300
GODREJIND-II,20160519,354,354,342.05,343.15,24,59800
GODREJIND-III,20160519,0,0,0,354.4,0,0
GRANULES-I,20160519,132.25,134.5,130.6,131.35,816,6335000
GRANULES-II,20160519,132.3,135,131.9,132.35,44,300000
GRANULES-III,20160519,0,0,0,135.6,0,0
GRASIM-I,20160519,4250.35,4274.95,4219.15,4243.55,870,877050
GRASIM-II,20160519,4247.05,4295,4247.05,4265.2,51,22650
GRASIM-III,20160519,0,0,0,4193.35,0,0
HAVELLS-I,20160519,360.85,364.2,353.2,356.75,1506,3328000
HAVELLS-II,20160519,361,362,351.5,354.55,143,478000
HAVELLS-III,20160519,354,354,354,354,1,4000
HCLTECH-I,20160519,741,744.05,728,729.85,3903,10402800
HCLTECH-II,20160519,750,750,732.25,734.05,538,688200
HCLTECH-III,20160519,0,0,0,754.95,0,14000
HDFC-I,20160519,1208.35,1208.35,1176.2,1178.5,8058,9686800
HDFC-II,20160519,1208.05,1208.15,1183.4,1185.85,2147,2763200
HDFC-III,20160519,1191.35,1191.9,1179.05,1180.1,18,44500
HDFCBANK-I,20160519,1146.2,1146.25,1133.1,1139.7,15650,22906500
HDFCBANK-II,20160519,1144,1148,1136.4,1139.1,9948,3274000
HDFCBANK-III,20160519,1142.35,1151,1142.35,1147.05,1128,1702000
HDIL-I,20160519,91,96.6,90.95,92.15,13354,23418000
HDIL-II,20160519,91.45,97,91.45,92.65,851,3576000
HDIL-III,20160519,93.2,94.8,93,93,7,96000
HEROMOTOCO-I,20160519,2883.2,2915,2871.35,2890.55,2421,1192200
HEROMOTOCO-II,20160519,2898,2922,2883,2896.25,151,135600
HEROMOTOCO-III,20160519,0,0,0,2897.1,0,10800
HEXAWARE-I,20160519,220.5,222.1,210.05,211.15,2527,5554000
HEXAWARE-II,20160519,220,223.05,210.85,212.65,127,286000
HEXAWARE-III,20160519,0,0,0,209,0,6000
HINDALCO-I,20160519,89,91.25,86.4,87.05,5923,40125000
HINDALCO-II,20160519,89.55,91.6,86.8,87.45,1012,6030000
HINDALCO-III,20160519,90.35,91.8,90.35,91.8,3,98000
HINDPETRO-I,20160519,840.35,852,836.4,838.95,2812,6156000
HINDPETRO-II,20160519,849.6,856.1,842,843.95,553,370200
HINDPETRO-III,20160519,0,0,0,846.65,0,0
HINDUNILVR-I,20160519,826,832,812.7,814.9,4575,5650800
HINDUNILVR-II,20160519,822.1,826.65,808.6,810.2,984,757800
HINDUNILVR-III,20160519,819.45,819.45,815,815,2,1200
HINDZINC-I,20160519,168.55,169,165.7,166.4,363,3932800
HINDZINC-II,20160519,169.5,169.5,167.65,166.8,36,147200
HINDZINC-III,20160519,0,0,0,175.3,0,0
IBREALEST-I,20160519,93.2,99.7,92.1,93,4271,24399000
IBREALEST-II,20160519,94.6,99.3,93,93.35,91,990000
IBREALEST-III,20160519,0,0,0,64.7,0,0
IBULHSGFIN-I,20160519,730.2,733.2,686.1,692.3,2991,7505600
IBULHSGFIN-II,20160519,730.4,735.5,691.1,695.25,591,592000
IBULHSGFIN-III,20160519,0,0,0,709.9,0,0
ICICIBANK-I,20160519,227.55,228.7,224.8,225.55,17243,48405800
ICICIBANK-II,20160519,223.8,224.9,221.2,221.75,1769,8331700
ICICIBANK-III,20160519,222.7,225.5,222.7,223.25,13,247500
ICIL-I,20160519,939.9,939.9,912,917.7,66,409000
ICIL-II,20160519,934.4,934.4,916.25,920.35,15,15000
ICIL-III,20160519,0,0,0,1069.55,0,0
IDBI-I,20160519,66.5,66.9,64.15,64.45,1672,30072000
IDBI-II,20160519,66.9,66.9,64.05,64.3,424,5328000
IDBI-III,20160519,64.05,64.45,64.05,64.3,4,64000
IDEA-I,20160519,109.1,109.2,105.7,106.2,2334,43011000
IDEA-II,20160519,107.55,107.55,104.3,104.8,879,5160000
IDEA-III,20160519,104,104,103.65,103.65,3,505000
IDFC-I,20160519,49.4,49.9,48.45,48.7,1961,58400100
IDFC-II,20160519,49.6,50.1,48.75,49,936,5527500
IDFC-III,20160519,0,0,0,51.45,0,26400
IFCI-I,20160519,24.2,24.4,23.5,23.65,437,58400000
IFCI-II,20160519,24.4,24.55,23.7,23.85,58,3180000
IFCI-III,20160519,24.6,24.6,24.6,24.6,1,22000
IGL-I,20160519,581.8,586,574.05,575.15,776,1448700
IGL-II,20160519,585,587.65,576.45,577.7,28,49500
IGL-III,20160519,0,0,0,577.3,0,1100
INDIACEM-I,20160519,89.15,90.45,85.6,86.5,1595,29172000
INDIACEM-II,20160519,89.5,90.7,86.3,86.85,111,1116000
INDIACEM-III,20160519,0,0,0,88.25,0,0
INDUSINDBK-I,20160519,1081,1081,1066.8,1071.25,3458,4458000
INDUSINDBK-II,20160519,1079.8,1081.35,1068.55,1072.95,373,420000
INDUSINDBK-III,20160519,0,0,0,1081.5,2,5400
INFRATEL-I,20160519,381.1,386.6,375.15,384.75,1020,3578900
INFRATEL-II,20160519,380.05,387,375.5,386.1,215,497900
INFRATEL-III,20160519,0,0,0,377.75,0,0
INFY-I,20160519,1207,1216,1201.55,1205.35,5974,10155000
INFY-II,20160519,1198.4,1209,1195.5,1198.85,2117,1958000
INFY-III,20160519,1204,1214.5,1204,1198.8,17,19000
IOB-I,20160519,29.9,29.95,28.6,28.8,159,8708000
IOB-II,20160519,29.1,29.15,28.1,28.25,20,1092000
IOC-I,20160519,409.65,417.85,406.85,412.2,1921,5407200
IOC-II,20160519,412,420.2,409.6,414.75,242,390000
IOC-III,20160519,0,0,0,431.8,0,0
IRB-I,20160519,222.45,227.5,215.7,218.7,3430,5814900
IRB-II,20160519,223.4,228.4,216.9,219.75,180,212100
IRB-III,20160519,0,0,0,216.5,0,0
ITC-I,20160519,333.95,334,323.25,325.65,6080,24120000
ITC-II,20160519,328,328.95,319.4,321.45,618,2328000
ITC-III,20160519,326.2,326.2,323.4,323.5,4,44800
JETAIRWAYS-I,20160519,651.85,661.9,630.2,633.95,5235,5621400
JETAIRWAYS-II,20160519,656.7,664.8,634.05,637.6,307,233100
JETAIRWAYS-III,20160519,651,651,640.5,640.5,6,7000
JINDALSTEL-I,20160519,61.3,63.35,60.2,60.45,753,42161000
JINDALSTEL-II,20160519,62.75,63.6,61.3,60.85,96,2184000
JINDALSTEL-III,20160519,0,0,0,76.1,0,0
JISLJALEQS-I,20160519,66.95,67.5,64.85,65.25,559,35056000
JISLJALEQS-II,20160519,67.4,67.8,65.3,65.6,78,1816000
JISLJALEQS-III,20160519,0,0,0,62.8,0,0
JPASSOCIAT-I,20160519,6.45,6.5,6.3,6.35,392,177696000
JPASSOCIAT-II,20160519,6.5,6.5,6.35,6.4,256,20832000
JPASSOCIAT-III,20160519,6.5,6.5,6.45,6.45,2,612000
JSWENERGY-I,20160519,71,71.4,69,69.35,421,7080000
JSWENERGY-II,20160519,71.35,71.35,69.7,69.8,19,186000
JSWENERGY-III,20160519,68.75,68.75,68,68,3,112000
JSWSTEEL-I,20160519,1323.85,1345,1312.85,1320,6792,7377000
JSWSTEEL-II,20160519,1331,1352.55,1320,1326.25,611,385200
JSWSTEEL-III,20160519,1323.4,1342.05,1323.4,1330.35,3,4800
JUBLFOOD-I,20160519,1168.85,1171.55,1141.95,1147.6,730,2355600
JUBLFOOD-II,20160519,1173,1173,1148.8,1154.35,118,97200
JUBLFOOD-III,20160519,0,0,0,1212.55,0,0
JUSTDIAL-I,20160519,720.3,730.25,692.4,697.3,2480,1900000
JUSTDIAL-II,20160519,702.1,703.45,666,669.65,196,186500
JUSTDIAL-III,20160519,675,675,674.45,674.45,7,5600
KOTAKBANK-I,20160519,708.4,712,702.55,706.5,4536,7690200
KOTAKBANK-II,20160519,710,716.1,707.25,711.1,1146,1505700
KOTAKBANK-III,20160519,0,0,0,714.35,0,0
KPIT-I,20160519,164.05,166.9,163.2,164.2,261,1476000
KPIT-II,20160519,166,166,165,165,2,12000
KPIT-III,20160519,0,0,0,164.05,0,0
KSCL-I,20160519,440.5,450.1,419,438.2,7720,2310750
KSCL-II,20160519,443.75,451.5,421.55,439.8,436,164250
KSCL-III,20160519,0,0,0,423.7,0,1500
KTKBANK-I,20160519,113.1,115.25,111.75,112.25,1159,12240000
KTKBANK-II,20160519,114.6,115,111.85,112.4,65,428000
KTKBANK-III,20160519,0,0,0,117.5,0,12000
L&TFH-I,20160519,71.2,73.6,70.25,71.15,1807,40312000
L&TFH-II,20160519,71.65,73.95,70.75,71.6,269,2624000
L&TFH-III,20160519,72.7,74.1,72,72,3,18000
LICHSGFIN-I,20160519,461,466.2,452,454.7,3847,8215900
LICHSGFIN-II,20160519,463.4,468.4,455,457.45,475,735900
LICHSGFIN-III,20160519,470,470,470,470,1,5500
LT-I,20160519,1300.35,1309.2,1261.9,1267.85,12299,7437900
LT-II,20160519,1309.35,1317,1270,1275.75,1840,794700
LT-III,20160519,1317.9,1317.9,1280,1280,4,5500
LUPIN-I,20160519,1651.3,1691,1636.35,1654.6,27982,4377000
LUPIN-II,20160519,1664.95,1698.85,1646.05,1662.15,1551,540000
LUPIN-III,20160519,1674.5,1704.45,1656.1,1670.4,10,3600
M&M-I,20160519,1325.85,1330.4,1306.55,1310.55,1924,3010800
M&M-II,20160519,1322.05,1337,1314,1317.2,275,255600
M&M-III,20160519,0,0,0,1315.7,0,500
M&MFIN-I,20160519,300.35,311.3,292.65,294.75,3171,10166000
M&MFIN-II,20160519,302.05,311.8,294,295.7,171,246000
M&MFIN-III,20160519,306,306,306,306,1,5000
MARICO-I,20160519,251.95,252.25,248,248.9,902,5956600
MARICO-II,20160519,251.7,252,249.4,250.3,467,2038400
MARICO-III,20160519,0,0,0,255.8,0,0
MARUTI-I,20160519,3902.25,3937.9,3878.7,3925.55,8399,2593250
MARUTI-II,20160519,3921.25,3961,3902.2,3949.95,1249,226750
MARUTI-III,20160519,3950,3958.05,3950,3955.3,3,1350
MCDOWELL-N-I,20160519,2542,2572,2440,2450.7,2120,1198250
MCDOWELL-N-II,20160519,2573.4,2575,2431.8,2465.35,409,221000
MCDOWELL-N-III,20160519,2470,2470,2470,2470,1,250
MCLEODRUSS-I,20160519,191.25,191.45,184.2,185.35,588,2061400
MCLEODRUSS-II,20160519,189.55,189.6,184.5,185.6,33,237600
MCLEODRUSS-III,20160519,0,0,0,192.8,0,0
MINDTREE-I,20160519,646.6,655.8,643,644.8,557,1771200
MINDTREE-II,20160519,653,657.05,644,645.35,124,115200
MINDTREE-III,20160519,0,0,0,698.8,0,0
MOTHERSUMI-I,20160519,277.2,281.35,270,271.5,3760,14391000
MOTHERSUMI-II,20160519,278.9,282.8,271.05,272.35,443,634500
MOTHERSUMI-III,20160519,0,0,0,287,0,0
MRF-I,20160519,32800.05,32964.95,32450,32570.45,467,50265
MRF-II,20160519,32987.25,33153.15,32660,32740.1,81,2745
MRF-III,20160519,0,0,0,34739.65,0,0
NCC-I,20160519,75.6,78.2,74.5,74.85,1461,16144000
NCC-II,20160519,75.8,78.5,75,75.35,100,984000
NCC-III,20160519,76.6,76.6,76.6,76.6,1,8000
NHPC-I,20160519,21.75,21.85,21.35,21.45,217,49545000
NHPC-II,20160519,21.7,21.95,21.5,21.5,31,2241000
NHPC-III,20160519,0,0,0,21.5,0,0
NMDC-I,20160519,92,93.4,89.7,90.1,455,8640000
NMDC-II,20160519,92.45,93.7,90.25,90.55,61,640000
NMDC-III,20160519,93,93,93,93,1,42000
NTPC-I,20160519,136.25,136.45,133.95,135.55,1481,15776000
NTPC-II,20160519,136.7,136.95,134.8,136.05,397,2248000
NTPC-III,20160519,137,137,136.9,136.9,3,8000
OFSS-I,20160519,3504.75,3535,3503,3513.85,60,138000
OFSS-II,20160519,0,0,0,3525,3,750
OFSS-III,20160519,0,0,0,3659.05,0,0
OIL-I,20160519,342.35,343.05,338.65,340.85,192,930000
OIL-II,20160519,342.4,343.5,340.1,341.6,9,31200
OIL-III,20160519,0,0,0,336.9,0,0
ONGC-I,20160519,213,213.6,209.45,210,3271,19734000
ONGC-II,20160519,213.7,213.7,210.85,211.3,346,2034000
ONGC-III,20160519,213.5,213.5,213.5,213.5,2,37500
ORIENTBANK-I,20160519,85.75,85.75,80.35,81.4,1720,11844000
ORIENTBANK-II,20160519,85.05,85.35,80.3,81.4,390,2607000
ORIENTBANK-III,20160519,85,85,81.5,81.75,12,168000
PAGEIND-I,20160519,13424.95,13424.95,13110,13281.8,157,46200
PAGEIND-II,20160519,13275,13275,13125,13125,11,1300
PAGEIND-III,20160519,0,0,0,13211.45,0,0
PCJEWELLER-I,20160519,345.05,346.95,337,341.65,144,1034800
PCJEWELLER-II,20160519,345.7,345.7,333.5,339,46,81900
PCJEWELLER-III,20160519,0,0,0,370.4,0,0
PETRONET-I,20160519,274.1,275.45,266.5,268,1206,5151000
PETRONET-II,20160519,274.5,274.55,268.1,269.5,58,243000
PETRONET-III,20160519,271.1,271.1,271.1,271.1,1,3000
PFC-I,20160519,175.8,175.8,168.65,169.5,2040,15594000
PFC-II,20160519,176.5,176.5,169.7,170.5,174,612000
PFC-III,20160519,0,0,0,184.35,0,0
PIDILITIND-I,20160519,613.7,622,611.6,616.6,1002,1041000
PIDILITIND-II,20160519,616.05,624.6,614.65,618.1,29,19000
PIDILITIND-III,20160519,0,0,0,611.05,0,0
PNB-I,20160519,75,75.55,73.5,74.1,7850,32764000
PNB-II,20160519,75.5,75.7,73.9,74.4,1396,7224000
PNB-III,20160519,75.1,75.8,74.35,74.45,16,245000
POWERGRID-I,20160519,143.65,145.55,143.2,144.35,1266,18468000
POWERGRID-II,20160519,144.9,146.1,144.4,145.25,51,604000
POWERGRID-III,20160519,0,0,0,145.35,0,4000
PTC-I,20160519,66.25,69.65,65.45,68.05,1451,9800000
PTC-II,20160519,66,69.7,66,68.25,84,608000
PTC-III,20160519,69,69,69,69,1,8000
RCOM-I,20160519,50.85,53.1,50.85,51,4429,87416000
RCOM-II,20160519,51.55,53.25,51.1,51.25,635,9496000
RCOM-III,20160519,51.85,53.35,51.5,51.5,5,130000
RECLTD-I,20160519,162.2,162.5,156.95,157.6,3283,26154000
RECLTD-II,20160519,163.15,163.4,157.95,158.4,565,2496000
RECLTD-III,20160519,162,162,162,162,1,3000
RELCAPITAL-I,20160519,405.85,409.4,391.75,393,6614,11394000
RELCAPITAL-II,20160519,407.2,411.1,394.45,395.5,397,924000
RELCAPITAL-III,20160519,406.8,406.8,406.8,406.8,1,13500
RELIANCE-I,20160519,972.3,973.7,947.5,951.85,16262,24581500
RELIANCE-II,20160519,978,979.5,953.5,956.9,2832,2363000
RELIANCE-III,20160519,981.75,982.35,959.9,963.4,49,64000
RELINFRA-I,20160519,512.7,519.5,501.5,502.85,7193,9308000
RELINFRA-II,20160519,516,522.5,505,505.95,531,845000
RELINFRA-III,20160519,521.85,521.9,507.75,507.75,3,9100
RPOWER-I,20160519,49.2,50.1,48.2,48.45,1018,48024000
RPOWER-II,20160519,49.4,50.35,48.5,48.75,201,5532000
RPOWER-III,20160519,48.9,49.1,48.9,49.05,3,276000
SAIL-I,20160519,42.35,42.65,39.7,40.3,2097,46782000
SAIL-II,20160519,42.25,42.6,39.85,40.4,583,11124000
SAIL-III,20160519,42.45,42.45,39.45,40.15,7,348000
SBIN-I,20160519,180.85,180.9,172.25,172.95,23843,63330000
SBIN-II,20160519,179.5,179.8,171.85,172.55,3979,14726000
SBIN-III,20160519,180.3,180.3,172.05,172.8,55,828000
SIEMENS-I,20160519,1150.05,1166.5,1121,1134.65,1830,1212800
SIEMENS-II,20160519,1164.7,1172,1129.1,1140.85,100,58400
SIEMENS-III,20160519,0,0,0,1169.05,0,0
SKSMICRO-I,20160519,630.65,642,628,631.3,4477,7819000
SKSMICRO-II,20160519,637.15,645.3,632.1,634.85,438,904000
SKSMICRO-III,20160519,0,0,0,599.65,0,0
SOUTHBANK-I,20160519,18.25,18.5,18,18.05,477,25410000
SOUTHBANK-II,20160519,18.3,18.55,18.15,18.2,49,3564000
SOUTHBANK-III,20160519,18.15,18.2,17.9,17.9,205,7620000
SRF-I,20160519,1266.75,1292.85,1226.75,1235.9,1676,776400
SRF-II,20160519,1275,1299,1235,1244.05,128,54400
SRF-III,20160519,0,0,0,1367.25,0,0
SRTRANSFIN-I,20160519,1140.95,1140.95,1084,1100.7,2524,3075000
SRTRANSFIN-II,20160519,1132,1138,1092,1105.9,185,332400
SRTRANSFIN-III,20160519,1139.7,1139.7,1139.7,1139.7,1,2400
STAR-I,20160519,1141.4,1149.05,1105.65,1114.9,1479,1014400
STAR-II,20160519,1150,1150,1111.1,1117.95,85,64400
STAR-III,20160519,0,0,0,1102.2,0,0
SUNPHARMA-I,20160519,797.7,797.7,790.1,792.45,3712,11880000
SUNPHARMA-II,20160519,799.9,799.9,793,797.25,863,2391000
SUNPHARMA-III,20160519,801,801,800,800,7,16200
SUNTV-I,20160519,415,424.75,369.35,372.25,14273,4690000
SUNTV-II,20160519,428.05,428.05,370.35,374,874,490000
SUNTV-III,20160519,376.5,378.15,375.25,375.25,6,10000
SYNDIBANK-I,20160519,67.9,69,65.65,66,2004,9400000
SYNDIBANK-II,20160519,68.05,68.8,65.85,66.1,122,1375000
SYNDIBANK-III,20160519,68.35,68.35,68.35,68.35,1,27000
TATACHEM-I,20160519,416.65,420.25,408.1,410.8,836,3472700
TATACHEM-II,20160519,422,422,411,412.8,49,86900
TATACHEM-III,20160519,0,0,0,414.1,0,0
TATACOMM-I,20160519,453.6,455.3,439.8,443.9,1978,3866500
TATACOMM-II,20160519,446,454,443,445.9,80,62700
TATACOMM-III,20160519,0,0,0,419.55,0,0
TATAELXSI-I,20160519,1927.7,1927.75,1868,1876.75,887,868500
TATAELXSI-II,20160519,1936.05,1936.05,1880.1,1887.45,47,30900
TATAELXSI-III,20160519,0,0,0,1946.2,0,0
TATAGLOBAL-I,20160519,121.2,122.2,119.5,119.9,622,21160000
TATAGLOBAL-II,20160519,121.95,122.7,120.2,120.5,76,1008000
TATAGLOBAL-III,20160519,0,0,0,119,0,9000
TATAMOTORS-I,20160519,385.55,393.15,383,385.85,12976,25519500
TATAMOTORS-II,20160519,387.95,394.65,385,387.8,948,1866000
TATAMOTORS-III,20160519,393.05,394.6,386.55,388.2,10,150000
TATAMTRDVR-I,20160519,271.9,274.45,264.65,266.75,2186,13988100
TATAMTRDVR-II,20160519,272.45,275.9,265.5,267.9,490,1358700
TATAMTRDVR-III,20160519,0,0,0,307.4,0,0
TATAPOWER-I,20160519,70.1,70.6,68.15,68.55,928,26200000
TATAPOWER-II,20160519,70.3,70.8,68.55,68.95,196,2856000
TATAPOWER-III,20160519,69.5,69.5,69.5,69.5,1,126000
TATASTEEL-I,20160519,328.5,338.4,325.75,326.8,15754,25782000
TATASTEEL-II,20160519,330.35,339.9,327.6,328.45,1277,2392000
TATASTEEL-III,20160519,324.85,333.25,323.05,323.55,49,268000
TCS-I,20160519,2554,2559.15,2526.1,2556.2,3887,3404600
TCS-II,20160519,2537.6,2549.85,2519.6,2547.9,472,170200
TCS-III,20160519,0,0,0,2556.95,0,1000
TECHM-I,20160519,485,487.8,481.1,483.95,1641,4787000
TECHM-II,20160519,487.05,490,485,486.9,412,551000
TECHM-III,20160519,0,0,0,489,0,0
TITAN-I,20160519,366.3,368,362.95,363.9,1002,6858000
TITAN-II,20160519,365,366,363.85,364.55,102,394500
TITAN-III,20160519,0,0,0,365.55,0,7500
TORNTPHARM-I,20160519,1390.5,1390.5,1369.85,1378.15,115,224800
TORNTPHARM-II,20160519,1386,1386,1372.05,1372.05,11,1200
TORNTPHARM-III,20160519,0,0,0,1445.1,0,0
TV18BRDCST-I,20160519,41.2,41.85,39.95,40.2,882,64685000
TV18BRDCST-II,20160519,41.05,42.05,40.2,40.4,156,3655000
TV18BRDCST-III,20160519,0,0,0,42.95,0,85000
TVSMOTOR-I,20160519,295.05,300.4,294,295.95,2029,5814000
TVSMOTOR-II,20160519,295.1,299.2,293.4,295.3,242,466000
TVSMOTOR-III,20160519,0,0,0,299.15,0,2000
UBL-I,20160519,732.35,742.3,728,737.35,1473,2147500
UBL-II,20160519,734,746.9,734,739.4,57,70500
UBL-III,20160519,0,0,0,778.1,0,0
UCOBANK-I,20160519,34.45,34.45,33.5,33.65,506,10470000
UCOBANK-II,20160519,34.3,34.3,33.45,33.55,98,1410000
ULTRACEMCO-I,20160519,3220.15,3226.45,3173.65,3185.05,1594,1070400
ULTRACEMCO-II,20160519,3216.85,3235.75,3188.8,3200.45,318,144000
ULTRACEMCO-III,20160519,0,0,0,3193.15,0,8800
UNIONBANK-I,20160519,110.6,111.1,106.5,106.9,3036,14067000
UNIONBANK-II,20160519,108.5,109.8,105.4,105.8,362,3075000
UNIONBANK-III,20160519,0,0,0,108.55,0,28000
UNITECH-I,20160519,4.05,4.1,3.9,3.95,834,178794000
UNITECH-II,20160519,4.15,4.15,3.95,4,316,33341000
UNITECH-III,20160519,4.05,4.05,4.05,4.05,1,2376000
UPL-I,20160519,573.1,579,560.5,562.95,3114,7494000
UPL-II,20160519,573,578.9,561,563.1,448,1462000
UPL-III,20160519,0,0,0,526.45,0,0
VEDL-I,20160519,98.5,100.9,94.35,95,6589,50264000
VEDL-II,20160519,99.4,101.55,95.05,95.5,519,3144000
VEDL-III,20160519,101,101,96.1,96.1,2,36000
VOLTAS-I,20160519,332.75,337.45,319.65,323.75,5164,6041600
VOLTAS-II,20160519,334.9,337.65,321,324.95,230,310400
VOLTAS-III,20160519,0,0,0,323,0,2000
WIPRO-I,20160519,541.5,545.3,538.3,543.4,2226,8931000
WIPRO-II,20160519,544.2,548.3,542.4,546.6,460,722000
WIPRO-III,20160519,0,0,0,540,0,1000
WOCKPHARMA-I,20160519,955.35,956.9,922.65,927.4,2249,2308500
WOCKPHARMA-II,20160519,951.15,954.6,927.3,930.55,217,123375
WOCKPHARMA-III,20160519,0,0,0,979.2,0,600
YESBANK-I,20160519,973.4,986.5,964.2,966.45,9296,7019600
YESBANK-II,20160519,990,990,959.55,961.65,835,1282400
YESBANK-III,20160519,975,975,968,968,4,14000
ZEEL-I,20160519,435.15,442,431.7,439,2934,9318400
ZEEL-II,20160519,439.4,444.25,433.75,441.1,313,993200
ZEEL-III,20160519,0,0,0,444.35,0,2600
