BANKNIFTY-I,20171016,24838.1,24891.55,24520.2,24743.25,83041,2146640
BANKNIFTY-II,20171016,24928.7,24956.35,24594.15,24806.75,1929,111920
BANKNIFTY-III,20171016,24973.3,25000,24697.45,24861.75,92,10120
DJIA-I,20171016,22897.5,22950,22880,22887.5,162,22740
DJIA-II,20171016,22870,22870,22855,22855,30,2400
DJIA-III,20171016,0,0,0,22335,0,0
DJIA-IIII,20171016,0,0,0,22790,0,0
FTSE100-I,20171016,0,0,0,7549,0,0
FTSE100-II,20171016,0,0,0,7552,0,0
FTSE100-III,20171016,0,0,0,7457,0,0
FTSE100-IIII,20171016,0,0,0,7912,0,0
FTSE100-IIIII,20171016,0,0,0,7982,0,0
FTSE100-IIIIII,20171016,0,0,0,7867,0,0
NIFTY-I,20171016,10220,10260.95,10197,10255.95,120722,26752725
NIFTY-II,20171016,10264,10292.1,10226.5,10287.3,8024,1544925
NIFTY-III,20171016,10299,10324.6,10259.45,10319.85,3232,364425
NIFTYCPSE-I,20171016,0,0,0,2423.05,0,0
NIFTYCPSE-II,20171016,0,0,0,2505.1,0,0
NIFTYCPSE-III,20171016,0,0,0,2531.5,0,0
NIFTYINFRA-I,20171016,0,0,0,3430.55,0,0
NIFTYINFRA-II,20171016,0,0,0,3376.25,0,0
NIFTYINFRA-III,20171016,0,0,0,3261.55,0,0
NIFTYIT-I,20171016,11084,11084,10946,10992,99,33350
NIFTYIT-II,20171016,10811,11131,10811,11131,2,50
NIFTYIT-III,20171016,0,0,0,10689,0,0
NIFTYMID50-I,20171016,0,0,0,4822.75,0,0
NIFTYMID50-II,20171016,0,0,0,4782,0,0
NIFTYMID50-III,20171016,0,0,0,4732.3,0,0
NIFTYPSE-I,20171016,0,0,0,3997.7,0,0
NIFTYPSE-II,20171016,0,0,0,4196.35,0,0
NIFTYPSE-III,20171016,0,0,0,4060.8,0,0
S&P500-I,20171016,2554,2555,2553,2554,108,302750
S&P500-II,20171016,2550,2550,2548.5,2549.5,61,15750
S&P500-III,20171016,0,0,0,2540.5,0,0
S&P500-IIII,20171016,0,0,0,2595.25,0,0
ACC-I,20171016,1782.15,1799,1770.05,1790.2,3048,1706000
ACC-II,20171016,1796.6,1804,1783.35,1800,165,97200
ACC-III,20171016,1806.1,1806.1,1786.3,1786.3,8,3200
ADANIENT-I,20171016,121.5,121.5,116.8,117.85,1471,29736000
ADANIENT-II,20171016,121.65,121.65,118,118.6,54,600000
ADANIENT-III,20171016,0,0,0,120.7,0,8000
ADANIPORTS-I,20171016,411,412.05,405.5,408.2,1924,8035000
ADANIPORTS-II,20171016,411.55,413.5,408,410.6,43,507500
ADANIPORTS-III,20171016,0,0,0,393,0,2500
ADANIPOWER-I,20171016,30.55,30.7,29.7,30.1,544,101680000
ADANIPOWER-II,20171016,30.65,30.65,29.9,30.05,57,1720000
ADANIPOWER-III,20171016,0,0,0,30.1,0,60000
AJANTPHARM-I,20171016,1181.35,1218.15,1176,1207.3,1269,813600
AJANTPHARM-II,20171016,1184.9,1223.25,1184.9,1215.7,66,23200
AJANTPHARM-III,20171016,0,0,0,1159.35,0,0
ALBK-I,20171016,66.7,66.95,65.5,66.35,611,13370000
ALBK-II,20171016,66.95,66.95,65.9,66.7,74,1090000
ALBK-III,20171016,0,0,0,67.5,0,0
AMARAJABAT-I,20171016,691.7,692.2,681,684.2,1039,2616600
AMARAJABAT-II,20171016,691,692.5,685.8,687.7,109,120600
AMARAJABAT-III,20171016,0,0,0,687.1,0,5400
AMBUJACEM-I,20171016,280.25,282.35,278.65,280.9,1350,11260000
AMBUJACEM-II,20171016,282.3,283.35,280.95,282.15,46,197500
AMBUJACEM-III,20171016,0,0,0,283,0,7500
ANDHRABANK-I,20171016,56.05,56.25,54.8,55.3,1051,22890000
ANDHRABANK-II,20171016,56.2,56.35,55.15,55.55,47,1340000
ANDHRABANK-III,20171016,0,0,0,57.75,0,0
APOLLOHOSP-I,20171016,1071.3,1087.85,1071.3,1081.65,824,1467000
APOLLOHOSP-II,20171016,1080,1090.55,1080,1085.2,7,18500
APOLLOHOSP-III,20171016,0,0,0,1008.1,0,0
APOLLOTYRE-I,20171016,242.85,245.7,241.15,242.9,2409,13338000
APOLLOTYRE-II,20171016,245.5,246.6,243,244.35,218,774000
APOLLOTYRE-III,20171016,0,0,0,239.2,0,18000
ARVIND-I,20171016,390.6,398.7,390.6,395.2,3383,5692000
ARVIND-II,20171016,394.5,400.55,394.45,397.45,87,192000
ARVIND-III,20171016,0,0,0,376.6,0,2000
ASHOKLEY-I,20171016,126.15,128.25,124.65,127.8,3983,57134000
ASHOKLEY-II,20171016,126.55,128.9,125.55,128.35,420,1799000
ASHOKLEY-III,20171016,127.3,129,127.3,129,6,147000
ASIANPAINT-I,20171016,1180,1187.55,1170.7,1175.65,2181,3285600
ASIANPAINT-II,20171016,1183.1,1190.2,1175,1179.75,55,49800
ASIANPAINT-III,20171016,0,0,0,1147.9,0,0
AUROPHARMA-I,20171016,750.6,764.8,747.55,760.85,6412,16867200
AUROPHARMA-II,20171016,754.4,768,754.4,765.2,222,248800
AUROPHARMA-III,20171016,0,0,0,753,0,1600
AXISBANK-I,20171016,530.75,533,514.6,521.8,15869,36692400
AXISBANK-II,20171016,534.7,534.7,517.75,524.55,718,3634800
AXISBANK-III,20171016,531.2,532.45,528.55,528.3,4,58800
BAJAJ-AUTO-I,20171016,3182.55,3244,3180.75,3232.7,4028,1844750
BAJAJ-AUTO-II,20171016,3206.85,3262.65,3202.45,3250.55,89,51500
BAJAJ-AUTO-III,20171016,0,0,0,3087.5,0,0
BAJAJFINSV-I,20171016,5414,5449,5337.1,5359.05,2018,780500
BAJAJFINSV-II,20171016,5471,5471.05,5365,5389.5,46,10125
BAJAJFINSV-III,20171016,0,0,0,5123.5,0,0
BAJFINANCE-I,20171016,1962,1973.15,1882.15,1894.45,15641,5714500
BAJFINANCE-II,20171016,1971.05,1976.2,1894,1907.15,577,309000
BAJFINANCE-III,20171016,1908,1908,1904.85,1907.25,4,2000
BALKRISIND-I,20171016,1738,1739.95,1715.75,1730.5,270,518000
BALKRISIND-II,20171016,1742.3,1742.35,1742.3,1742.35,3,9600
BALKRISIND-III,20171016,0,0,0,1719.45,0,3200
BALRAMCHIN-I,20171016,162.85,163.2,158.65,159.95,515,14696500
BALRAMCHIN-II,20171016,163.5,163.5,159.7,161.4,101,1543500
BALRAMCHIN-III,20171016,162,162,162,162,2,140000
BANKBARODA-I,20171016,140.55,141.25,138.15,138.8,4761,58289000
BANKBARODA-II,20171016,143.3,143.3,139,139.55,223,1375500
BANKBARODA-III,20171016,140,140.45,140,140.45,2,21000
BANKINDIA-I,20171016,137.85,140.35,136.6,137.85,2753,20838000
BANKINDIA-II,20171016,138.9,140.65,137.3,138.35,74,948000
BANKINDIA-III,20171016,0,0,0,139.45,0,12000
BATAINDIA-I,20171016,792.45,793.75,780.3,783.95,1400,2228600
BATAINDIA-II,20171016,795.95,796,785,786,37,138600
BATAINDIA-III,20171016,0,0,0,769.1,0,15400
BEL-I,20171016,171.55,172.45,168.55,171.6,913,14320350
BEL-II,20171016,173.05,173.05,169.6,172.4,56,420750
BEL-III,20171016,0,0,0,166.15,0,0
BEML-I,20171016,1736.65,1747.1,1708.85,1733.8,594,2116800
BEML-II,20171016,0,0,0,1750.3,7,29400
BEML-III,20171016,0,0,0,1669.4,0,0
BERGEPAINT-I,20171016,261.05,268.9,261.05,267.65,897,1639000
BERGEPAINT-II,20171016,262.9,270.55,262.9,270.1,6,35200
BERGEPAINT-III,20171016,0,0,0,259.9,0,6600
BHARATFIN-I,20171016,1036,1046.8,1016.6,1020.65,18293,13324000
BHARATFIN-II,20171016,1036.25,1052,1023,1027.05,639,466000
BHARATFIN-III,20171016,1034.8,1049.85,1028.95,1049.85,8,13000
BHARATFORG-I,20171016,646.45,654.7,642.55,644.45,1946,7081200
BHARATFORG-II,20171016,650,657.5,646.05,647.4,51,120000
BHARATFORG-III,20171016,660.35,660.35,647.8,647.8,2,2400
BHARTIARTL-I,20171016,433.5,458,433.5,454.8,16507,30190300
BHARTIARTL-II,20171016,438.6,460,436.3,457.25,1218,2867900
BHARTIARTL-III,20171016,442,459.85,441.45,459.55,37,79900
BHEL-I,20171016,84.5,85.05,83.65,84.2,892,48727500
BHEL-II,20171016,85,85.45,84.2,84.6,71,2497500
BHEL-III,20171016,0,0,0,85.8,0,52500
BIOCON-I,20171016,370.7,379.5,370.7,376.5,2448,9610200
BIOCON-II,20171016,372.85,380.15,372.85,378.05,239,1254600
BIOCON-III,20171016,379,379,379,379,2,3600
BOSCHLTD-I,20171016,21899.75,22281.1,21660.95,22201.1,1079,107325
BOSCHLTD-II,20171016,21900,22344,21900,22293.65,18,600
BOSCHLTD-III,20171016,0,0,0,21009.35,0,0
BPCL-I,20171016,491.15,501.4,490.05,499.25,3837,14013000
BPCL-II,20171016,494.1,502.3,494,500.75,99,253800
BPCL-III,20171016,0,0,0,470.2,0,0
BRITANNIA-I,20171016,4612.85,4612.85,4529.85,4561.65,701,689400
BRITANNIA-II,20171016,4602.2,4602.95,4560,4588.8,40,13800
BRITANNIA-III,20171016,0,0,0,4685,0,1200
CADILAHC-I,20171016,504.75,507.7,495,503,892,3000000
CADILAHC-II,20171016,508.05,509.65,502.6,506.05,32,56000
CADILAHC-III,20171016,0,0,0,503.05,0,3200
CANBK-I,20171016,310.8,311.7,305.1,308.55,3635,12625896
CANBK-II,20171016,312.6,312.6,306.95,309.65,91,336156
CANBK-III,20171016,0,0,0,312.05,0,9252
CANFINHOME-I,20171016,563.05,564.6,545.7,552,1417,3378750
CANFINHOME-II,20171016,563.35,565.7,549.7,555.1,60,113750
CANFINHOME-III,20171016,0,0,0,2674.55,0,0
CAPF-I,20171016,759,769.9,756.8,766.3,1063,3009600
CAPF-II,20171016,765,772.8,765,770.25,17,48000
CAPF-III,20171016,0,0,0,773.15,0,2400
CASTROLIND-I,20171016,369.35,375,366.9,374.05,1175,11156600
CASTROLIND-II,20171016,372.2,376.8,369.3,376,37,98000
CASTROLIND-III,20171016,375,375,375,375,1,8400
CEATLTD-I,20171016,1734.95,1747.1,1717,1732.4,1299,1533700
CEATLTD-II,20171016,1750.85,1750.85,1725,1740,30,35000
CEATLTD-III,20171016,0,0,0,1719.25,0,0
CENTURYTEX-I,20171016,1296.6,1306,1287.2,1293.75,2145,7349100
CENTURYTEX-II,20171016,1310,1312.7,1294.65,1301.25,59,74800
CENTURYTEX-III,20171016,0,0,0,1240.95,0,3300
CESC-I,20171016,1047,1053.15,1026.5,1036.2,1249,5212900
CESC-II,20171016,1042,1043,1032,1043,20,58300
CESC-III,20171016,0,0,0,1047.9,0,3300
CGPOWER-I,20171016,78.55,79.3,77.35,78.5,714,26928000
CGPOWER-II,20171016,79.35,79.35,77.95,79.05,40,840000
CGPOWER-III,20171016,0,0,0,77.95,0,0
CHENNPETRO-I,20171016,436.2,441,433,439.35,673,1909500
CHENNPETRO-II,20171016,442.3,443.85,439.65,443.2,19,67500
CHENNPETRO-III,20171016,0,0,0,397.3,0,0
CHOLAFIN-I,20171016,1147.45,1147.45,1128,1132.95,129,433000
CHOLAFIN-II,20171016,1152.65,1152.65,1136.8,1136.8,6,3000
CHOLAFIN-III,20171016,0,0,0,1101.35,0,0
CIPLA-I,20171016,596.9,611.1,596.85,608.75,3079,7683000
CIPLA-II,20171016,602.2,613.85,599.95,611.85,70,287000
CIPLA-III,20171016,0,0,0,591.9,0,0
COALINDIA-I,20171016,288.15,291.15,286.2,289.85,3207,20666900
COALINDIA-II,20171016,288,291.95,287.5,291,155,817700
COALINDIA-III,20171016,0,0,0,289,0,25500
COLPAL-I,20171016,1100,1117.95,1055,1064.35,4234,1911700
COLPAL-II,20171016,1113.95,1117.9,1060,1065.9,137,50400
COLPAL-III,20171016,0,0,0,1093,0,0
CONCOR-I,20171016,1364.4,1384,1353.9,1360.05,713,1320625
CONCOR-II,20171016,1379,1379,1363.95,1363.95,9,11250
CONCOR-III,20171016,0,0,0,1340.2,0,0
CUMMINSIND-I,20171016,912.05,916.3,897.65,900.4,514,632400
CUMMINSIND-II,20171016,907.25,907.25,904.55,905.65,6,20400
CUMMINSIND-III,20171016,0,0,0,908.35,0,0
DABUR-I,20171016,324.5,325.3,321.15,323.3,630,13032500
DABUR-II,20171016,323.9,324.6,322.9,323.85,22,95000
DABUR-III,20171016,325,325,325,325,1,5000
DALMIABHA-I,20171016,2742.85,2780,2736,2750.05,469,606000
DALMIABHA-II,20171016,2763.1,2789.85,2761.95,2761.95,5,13200
DALMIABHA-III,20171016,0,0,0,2586.45,0,0
DCBBANK-I,20171016,192.8,193.5,187.2,191.05,2047,6885000
DCBBANK-II,20171016,193.55,194.1,188.7,192.75,49,252000
DCBBANK-III,20171016,0,0,0,192.55,0,13500
DHFL-I,20171016,542.2,568.4,541.25,561.8,6570,27319500
DHFL-II,20171016,551.5,570,545,566.4,140,238500
DHFL-III,20171016,0,0,0,562.6,0,3000
DISHTV-I,20171016,71.8,72.95,70.5,72.55,1214,21315000
DISHTV-II,20171016,72.6,73.2,71,72.9,68,567000
DISHTV-III,20171016,0,0,0,73.55,0,28000
DIVISLAB-I,20171016,877.15,883.35,867.5,876.45,2168,5398400
DIVISLAB-II,20171016,878.9,886.2,873.4,881.95,58,152800
DIVISLAB-III,20171016,882,885.1,882,885.1,10,4800
DLF-I,20171016,173.65,175.2,171.3,173.7,3622,44145000
DLF-II,20171016,175.7,175.85,172.5,174.65,126,730000
DLF-III,20171016,175.5,175.5,175.5,175.5,1,10000
DRREDDY-I,20171016,2373.35,2410,2360.9,2405.55,3667,3389400
DRREDDY-II,20171016,2363.85,2425.05,2363.85,2418.5,121,204400
DRREDDY-III,20171016,2442.7,2442.7,2442.7,2442.7,1,2000
EICHERMOT-I,20171016,31606.95,32074.9,31606.95,31875.2,1988,153900
EICHERMOT-II,20171016,31999,32200,31795.45,32030.8,75,10075
EICHERMOT-III,20171016,0,0,0,31500,0,75
ENGINERSIN-I,20171016,152.55,153.5,149.75,151.55,641,11172000
ENGINERSIN-II,20171016,153.3,153.3,150.8,152.1,28,455000
ENGINERSIN-III,20171016,0,0,0,150.05,0,17500
EQUITAS-I,20171016,155,155.85,153.15,153.65,781,13424000
EQUITAS-II,20171016,155.75,156.65,154.4,154.5,88,777600
EQUITAS-III,20171016,0,0,0,154.35,0,0
ESCORTS-I,20171016,714.05,726.9,714,721.4,3153,3273600
ESCORTS-II,20171016,722,728.9,718.15,726.2,75,106700
ESCORTS-III,20171016,0,0,0,714.3,0,1100
EXIDEIND-I,20171016,207.2,207.3,204.3,205.8,1111,16596000
EXIDEIND-II,20171016,206.5,206.85,204,205.6,124,1232000
EXIDEIND-III,20171016,0,0,0,207.5,0,16000
FEDERALBNK-I,20171016,118.2,125.65,116.55,125.35,21264,76274000
FEDERALBNK-II,20171016,119.05,126.3,117.05,125.95,634,3124000
FEDERALBNK-III,20171016,122.85,126,122.7,126,16,242000
FORTIS-I,20171016,153.55,154.4,150.65,151.55,966,40578300
FORTIS-II,20171016,153.65,153.85,151.7,152.5,73,529200
FORTIS-III,20171016,0,0,0,147.8,0,0
GAIL-I,20171016,438.85,445.5,435,439.8,2859,16638000
GAIL-II,20171016,440.45,445.75,439.05,441.65,123,376000
GAIL-III,20171016,0,0,0,402.55,0,0
GLENMARK-I,20171016,604.55,616.5,602.1,614.05,2950,6836900
GLENMARK-II,20171016,611.3,620,606.1,617.3,181,261800
GLENMARK-III,20171016,0,0,0,612.5,0,9800
GMRINFRA-I,20171016,16.25,16.3,15.85,16.1,704,289575000
GMRINFRA-II,20171016,16.5,16.5,16.05,16.15,58,15525000
GMRINFRA-III,20171016,16.15,16.35,16.15,16.3,7,720000
GODFRYPHLP-I,20171016,1022.9,1028,1014.35,1019.15,158,533000
GODFRYPHLP-II,20171016,1031.4,1031.4,1020.6,1021,17,16500
GODFRYPHLP-III,20171016,0,0,0,1019.65,0,0
GODREJCP-I,20171016,977.05,990,973.2,980.3,1297,1922400
GODREJCP-II,20171016,984.95,993,980.1,985.2,31,21600
GODREJCP-III,20171016,0,0,0,914.7,0,0
GODREJIND-I,20171016,627.35,638,609.5,614.05,2701,3390000
GODREJIND-II,20171016,632,640.5,613.5,617,72,66000
GODREJIND-III,20171016,0,0,0,611.5,0,18000
GRANULES-I,20171016,137.45,143.4,137.45,141.45,2417,16240000
GRANULES-II,20171016,140.35,143.85,140,142.05,121,495000
GRANULES-III,20171016,140.6,143.8,140.6,143.8,3,15000
GRASIM-I,20171016,1153,1166.45,1146,1147.1,1332,3937500
GRASIM-II,20171016,1164.95,1170.15,1152.8,1153.3,32,194250
GRASIM-III,20171016,1175,1175,1175,1175,1,750
GSFC-I,20171016,136.85,138,134.05,135.5,674,17896500
GSFC-II,20171016,136.9,137.5,135.2,136.4,27,387000
GSFC-III,20171016,0,0,0,139,0,4500
HAVELLS-I,20171016,544.4,547.45,538.75,543.65,1789,3612000
HAVELLS-II,20171016,547.25,548.55,541.1,545.9,35,132000
HAVELLS-III,20171016,0,0,0,510.25,0,12000
HCC-I,20171016,34.5,34.5,33.4,33.6,472,27108000
HCC-II,20171016,34.3,34.3,33.65,33.8,51,1104000
HCC-III,20171016,0,0,0,33.25,0,0
HCLTECH-I,20171016,927.25,935.15,924,926.6,1912,7448000
HCLTECH-II,20171016,932.4,932.4,925.5,926.25,428,352100
HCLTECH-III,20171016,0,0,0,889.05,0,0
HDFC-I,20171016,1776.75,1785.5,1752.95,1769.9,6871,10995000
HDFC-II,20171016,1785,1794,1762.2,1777.6,1589,1857000
HDFC-III,20171016,0,0,0,1774.6,0,2000
HDFCBANK-I,20171016,1858.65,1869.7,1838.3,1854.6,10747,20320000
HDFCBANK-II,20171016,1864.65,1872.8,1840.5,1855.5,542,499500
HDFCBANK-III,20171016,1866,1866,1845,1851,49,20000
HDIL-I,20171016,56.1,56.35,55.25,55.95,883,35576000
HDIL-II,20171016,56.45,56.6,55.75,56.25,69,1232000
HDIL-III,20171016,56.5,56.75,56,56.7,4,304000
HEROMOTOCO-I,20171016,3799,3806.95,3775,3788.2,2358,1899400
HEROMOTOCO-II,20171016,3808,3827.8,3793.6,3807.1,67,44000
HEROMOTOCO-III,20171016,0,0,0,3799.2,0,0
HEXAWARE-I,20171016,276.1,278.3,271.4,277.35,828,2091000
HEXAWARE-II,20171016,275.15,278.15,272.1,278.15,11,81000
HEXAWARE-III,20171016,0,0,0,271.2,0,0
HINDALCO-I,20171016,268.25,273.25,267.5,272.45,9393,43914500
HINDALCO-II,20171016,269.15,274.35,269.15,273.85,367,2219000
HINDALCO-III,20171016,271.55,275,271.55,275,13,63000
HINDPETRO-I,20171016,462.5,466.35,459.4,462.5,3449,25307100
HINDPETRO-II,20171016,466,467.55,461.55,464.55,73,263025
HINDPETRO-III,20171016,467.6,467.6,465.4,465.4,2,7875
HINDUNILVR-I,20171016,1255.95,1286.75,1252.2,1279.35,4324,10117800
HINDUNILVR-II,20171016,1259,1285,1257.5,1277.35,117,103200
HINDUNILVR-III,20171016,0,0,0,1221.85,0,0
HINDZINC-I,20171016,322,324.35,318.7,320.5,1194,8966400
HINDZINC-II,20171016,321.35,322.75,318,319.85,54,361600
HINDZINC-III,20171016,0,0,0,296.1,0,0
IBREALEST-I,20171016,217,218.55,206.7,208.9,530,43240000
IBREALEST-II,20171016,0,0,0,210.55,35,640000
IBULHSGFIN-I,20171016,1296.65,1299.8,1280.7,1296.45,2476,5732000
IBULHSGFIN-II,20171016,1291.35,1298.45,1280.3,1296.25,66,85600
IBULHSGFIN-III,20171016,0,0,0,1243.45,0,800
ICICIBANK-I,20171016,273.2,277.35,271.1,275.1,10360,97946750
ICICIBANK-II,20171016,276.65,277.95,272.6,276.5,545,5742000
ICICIBANK-III,20171016,278.95,278.95,274.55,277.5,9,82500
ICICIPRULI-I,20171016,407.5,409.25,393,396.8,1199,5528900
ICICIPRULI-II,20171016,408.5,408.5,395,398.15,209,315900
ICICIPRULI-III,20171016,0,0,0,413.9,0,2600
ICIL-I,20171016,111.5,112.9,110.3,112.45,429,9943500
ICIL-II,20171016,113.45,113.45,111.45,111.45,9,126000
ICIL-III,20171016,0,0,0,104.15,0,0
IDBI-I,20171016,53.4,53.45,52.5,52.95,503,30520000
IDBI-II,20171016,53.4,53.45,52.8,53.15,43,1424000
IDBI-III,20171016,0,0,0,53.8,0,72000
IDEA-I,20171016,79.3,83.8,79.25,83.2,7806,61887000
IDEA-II,20171016,81.15,84,81,83.6,282,2198000
IDEA-III,20171016,82,84,82,83.1,8,63000
IDFC-I,20171016,66.65,67.3,65.25,65.5,2568,137372400
IDFC-II,20171016,67,67.55,65.65,65.85,200,4395600
IDFC-III,20171016,66.3,66.3,66.3,66.3,1,92400
IDFCBANK-I,20171016,59.65,59.85,58.1,58.25,1477,103680000
IDFCBANK-II,20171016,59.7,59.75,58.45,58.55,441,6066000
IDFCBANK-III,20171016,0,0,0,59.85,0,63000
IFCI-I,20171016,23.05,23.05,22.6,22.75,431,76098000
IFCI-II,20171016,23.15,23.15,22.8,22.9,51,5522000
IFCI-III,20171016,23,23,23,23,1,66000
IGL-I,20171016,1532.05,1534.65,1523,1527.5,746,1030150
IGL-II,20171016,1541.55,1541.6,1530,1532.45,13,42350
IGL-III,20171016,0,0,0,1520.05,0,1100
INDIACEM-I,20171016,181.3,184,178.2,179.75,2381,25511500
INDIACEM-II,20171016,182.85,184.35,179.7,180.8,104,798000
INDIACEM-III,20171016,0,0,0,172.4,0,0
INDIANB-I,20171016,275.4,276.05,270.15,272.1,532,3724000
INDIANB-II,20171016,275.5,275.55,272,274.1,15,62000
INDIANB-III,20171016,0,0,0,273.15,0,4000
INDIGO-I,20171016,1140,1140,1117.95,1124.85,1388,2194800
INDIGO-II,20171016,1124.85,1133,1124,1131,17,16800
INDIGO-III,20171016,0,0,0,1095.8,0,0
INDUSINDBK-I,20171016,1742.85,1750.1,1700,1717.85,12477,4998600
INDUSINDBK-II,20171016,1757,1762.5,1709.9,1721.65,732,321000
INDUSINDBK-III,20171016,1740.7,1740.7,1728,1733.4,18,9000
INFIBEAM-I,20171016,128.6,130,126,126.7,888,39632000
INFIBEAM-II,20171016,129.95,130,127.4,127.6,398,13136000
INFIBEAM-III,20171016,0,0,0,130.95,0,0
INFRATEL-I,20171016,454.25,473.8,450.75,471.4,5367,9098400
INFRATEL-II,20171016,457.2,476.05,457.2,473.35,132,506600
INFRATEL-III,20171016,467,467,467,467,1,15300
INFY-I,20171016,936.65,944.7,934.75,941.55,8211,38850000
INFY-II,20171016,919,928,918.5,925,1384,9528500
INFY-III,20171016,920.9,927.5,920.9,926,48,110500
IOC-I,20171016,416.85,420.8,414.6,415.15,2930,17155500
IOC-II,20171016,420,422.5,416.2,416.35,55,327000
IOC-III,20171016,0,0,0,428.55,0,3000
IRB-I,20171016,208.75,209.55,207,208.25,1279,19230000
IRB-II,20171016,209.75,210.7,208,209,172,725000
IRB-III,20171016,209.3,209.3,209.3,209.3,1,40000
ITC-I,20171016,267.5,270.85,267.3,268.65,6250,55838400
ITC-II,20171016,270.2,272.2,268.55,269.95,1038,7543200
ITC-III,20171016,272.45,272.45,271.1,270.3,6,19200
JETAIRWAYS-I,20171016,486.95,490.1,477.15,479.2,2101,4858800
JETAIRWAYS-II,20171016,489.55,491.2,480,481.5,89,132000
JETAIRWAYS-III,20171016,0,0,0,486.4,0,0
JINDALSTEL-I,20171016,164.5,170.25,161.85,165.35,8161,35577000
JINDALSTEL-II,20171016,164.4,170.75,163,166.3,259,846000
JINDALSTEL-III,20171016,170.4,170.4,167.9,167.9,5,27000
JISLJALEQS-I,20171016,94.4,94.8,93.15,93.75,1658,49401000
JISLJALEQS-II,20171016,94.8,95.3,93.7,94.3,96,1674000
JISLJALEQS-III,20171016,0,0,0,94.8,0,0
JPASSOCIAT-I,20171016,19.55,19.95,19.1,19.25,547,177412000
JPASSOCIAT-II,20171016,19.9,19.9,19.5,19.45,63,12580000
JPASSOCIAT-III,20171016,0,0,0,16.9,0,136000
JSWENERGY-I,20171016,79.9,80.3,77.8,78.7,454,62832000
JSWENERGY-II,20171016,80.1,80.1,80.1,79,62,1215500
JSWENERGY-III,20171016,0,0,0,82,0,34000
JSWSTEEL-I,20171016,255.7,262,255.15,260.7,4604,52257000
JSWSTEEL-II,20171016,257.75,262.95,257.15,262,102,363000
JSWSTEEL-III,20171016,257.3,257.3,257.3,257.3,1,9000
JUBLFOOD-I,20171016,1535.1,1566.6,1524.4,1553.9,6808,1556000
JUBLFOOD-II,20171016,1538.95,1573.25,1534.85,1559.5,115,98000
JUBLFOOD-III,20171016,0,0,0,1527.35,0,500
JUSTDIAL-I,20171016,414.3,416,406.8,410.3,2208,4227600
JUSTDIAL-II,20171016,416.05,416.05,409,411.45,35,64800
JUSTDIAL-III,20171016,414.5,414.5,414.5,414.5,1,7200
KAJARIACER-I,20171016,728.2,734.95,721.15,732.1,178,830400
KAJARIACER-II,20171016,734,734,734,734,1,800
KAJARIACER-III,20171016,0,0,0,714.9,0,0
KOTAKBANK-I,20171016,1089.35,1099,1078.85,1085.55,5472,8295200
KOTAKBANK-II,20171016,1094.95,1101.6,1084.45,1091.6,178,284800
KOTAKBANK-III,20171016,0,0,0,1021.15,0,0
KPIT-I,20171016,130.95,130.95,127.2,129.05,399,11852000
KPIT-II,20171016,129.7,129.7,129.2,129.2,2,100000
KPIT-III,20171016,0,0,0,122.85,0,0
KSCL-I,20171016,552,560,550,555.7,645,3996000
KSCL-II,20171016,559,560,558.75,560,4,24000
KSCL-III,20171016,0,0,0,552.2,0,6000
KTKBANK-I,20171016,165.25,166.05,158.25,160.95,6469,27778000
KTKBANK-II,20171016,165.15,166,159.6,161.75,201,475000
KTKBANK-III,20171016,165,165,160,162.45,7,57000
L&TFH-I,20171016,205.5,206.8,203.6,204.6,2508,25960500
L&TFH-II,20171016,207,207.85,204.5,205.5,148,1498500
L&TFH-III,20171016,207.55,207.55,207.55,207.55,3,36000
LICHSGFIN-I,20171016,655.65,661.4,653,659.95,2613,8435900
LICHSGFIN-II,20171016,661.85,664.95,656.65,663.6,62,165000
LICHSGFIN-III,20171016,0,0,0,664.8,0,2200
LT-I,20171016,1146.65,1155,1145,1149.4,4185,11223750
LT-II,20171016,1154.35,1160,1151,1154.85,343,588000
LT-III,20171016,0,0,0,1152.25,0,3750
LUPIN-I,20171016,1074.35,1076.65,1064.05,1073.4,3680,6894400
LUPIN-II,20171016,1076.55,1082,1070,1078.8,160,256400
LUPIN-III,20171016,1075.15,1083,1075.15,1083,3,4000
M&M-I,20171016,1342.7,1376.4,1333.8,1370.85,4776,4305000
M&M-II,20171016,1341.65,1382,1341.65,1378.6,172,118500
M&M-III,20171016,0,0,0,1250,0,0
M&MFIN-I,20171016,423,435.15,422.95,433.7,4730,8970000
M&MFIN-II,20171016,428.2,437.25,427.55,435.65,72,175000
M&MFIN-III,20171016,0,0,0,407.7,0,0
MANAPPURAM-I,20171016,105.85,106.5,103.25,104.6,1543,31398000
MANAPPURAM-II,20171016,106.75,106.75,103.65,104.85,112,1092000
MANAPPURAM-III,20171016,105.15,105.15,105.15,105.15,1,30000
MARICO-I,20171016,318.5,321.45,314.5,318.85,749,5902000
MARICO-II,20171016,315.85,320.25,315.85,320.25,22,119600
MARICO-III,20171016,0,0,0,316.4,0,0
MARUTI-I,20171016,7925.95,7948.25,7842,7875.8,5859,2056050
MARUTI-II,20171016,7958.15,7988.85,7886.3,7913.2,370,100800
MARUTI-III,20171016,8003.1,8003.1,7930,7930,9,5250
MCDOWELL-N-I,20171016,2438.2,2458.55,2410,2429.75,1497,1983000
MCDOWELL-N-II,20171016,2464,2464,2433,2444.75,20,21500
MCDOWELL-N-III,20171016,0,0,0,2460,0,250
MCX-I,20171016,1154.95,1157,1115.8,1134.7,2087,1483000
MCX-II,20171016,1150,1150,1123.3,1139.8,87,46500
MCX-III,20171016,1135,1135,1135,1135,1,2500
MFSL-I,20171016,586.95,591.15,568.8,580.75,1441,4231000
MFSL-II,20171016,593.5,593.5,575,583.1,33,35000
MFSL-III,20171016,0,0,0,593.15,0,0
MGL-I,20171016,1170.35,1178.55,1160,1169.45,207,682800
MGL-II,20171016,1178.55,1178.55,1172.35,1173.4,8,8400
MGL-III,20171016,0,0,0,1178.8,0,1800
MINDTREE-I,20171016,489.5,500.85,483,495.55,1549,3336000
MINDTREE-II,20171016,483.7,496,482,492.6,33,118800
MINDTREE-III,20171016,0,0,0,469.2,0,0
MOTHERSUMI-I,20171016,357.1,360.6,353,355.75,1253,11722500
MOTHERSUMI-II,20171016,360.8,362,354.9,357,71,375000
MOTHERSUMI-III,20171016,361,361,358.5,358.5,2,3750
MRF-I,20171016,63949.95,64240,63229.2,63809.15,504,51795
MRF-II,20171016,63820,64496,63649.95,64142.65,24,825
MRF-III,20171016,0,0,0,62844.25,0,0
MRPL-I,20171016,130.5,130.95,127.55,128,355,6543000
MRPL-II,20171016,129.2,129.2,128.9,128.9,2,81000
MRPL-III,20171016,0,0,0,124.05,0,0
MUTHOOTFIN-I,20171016,503.5,506.95,492.5,503.7,693,2278500
MUTHOOTFIN-II,20171016,501.7,506.5,495.3,505.5,48,94500
MUTHOOTFIN-III,20171016,0,0,0,466.1,0,0
NATIONALUM-I,20171016,86,87.4,85.6,86.5,1424,23896000
NATIONALUM-II,20171016,86.1,87.7,86.1,86.95,54,552000
NATIONALUM-III,20171016,87.2,87.2,87.2,87.2,1,32000
NBCC-I,20171016,246.45,246.75,238,240.65,1071,3798000
NBCC-II,20171016,246.15,246.15,239.45,242.05,48,213000
NBCC-III,20171016,240.5,240.5,240.5,240.5,1,3000
NCC-I,20171016,90.7,92.1,89,89.55,1021,24088000
NCC-II,20171016,90.85,92.35,89.5,89.5,29,528000
NCC-III,20171016,92.65,92.65,90.9,90.9,5,80000
NESTLEIND-I,20171016,7399.95,7419.95,7278.35,7297.85,216,102200
NESTLEIND-II,20171016,7400.05,7400.05,7316.55,7316.55,10,1100
NESTLEIND-III,20171016,0,0,0,7250.45,0,0
NHPC-I,20171016,28.5,29.95,28.35,28.85,1464,33939000
NHPC-II,20171016,28.9,30,28.85,29,69,1755000
NHPC-III,20171016,0,0,0,28.1,0,270000
NIITTECH-I,20171016,627.7,633.65,620.4,625.5,527,816000
NIITTECH-II,20171016,632.75,632.75,626.3,628,12,19500
NIITTECH-III,20171016,0,0,0,556.55,0,0
NMDC-I,20171016,121.75,123.75,121.55,123.05,1701,31158000
NMDC-II,20171016,122.6,124.35,122.45,123.75,128,1320000
NMDC-III,20171016,124.5,124.5,124.5,124.5,2,30000
NTPC-I,20171016,177.8,177.85,175.3,175.8,1613,26876000
NTPC-II,20171016,176.95,178.4,176.4,176.5,140,812000
NTPC-III,20171016,0,0,0,168.7,0,0
OFSS-I,20171016,3625.05,3625.05,3545,3611.85,133,53400
OFSS-II,20171016,0,0,0,3712.6,0,150
OFSS-III,20171016,0,0,0,3650.1,0,0
OIL-I,20171016,352.15,352.85,346.45,349,281,2435950
OIL-II,20171016,351.1,351.1,349,350.95,8,70246
OIL-III,20171016,0,0,0,350.6,0,4532
ONGC-I,20171016,170.9,173.5,170.5,172.7,3085,41775000
ONGC-II,20171016,171.1,173.5,170.75,172.8,437,4458750
ONGC-III,20171016,0,0,0,169.5,0,48750
ORIENTBANK-I,20171016,114.2,117.4,114.2,115.45,1434,15066000
ORIENTBANK-II,20171016,117.2,117.2,115,116.25,50,1110000
ORIENTBANK-III,20171016,118.15,118.15,118.15,118.15,1,48000
PAGEIND-I,20171016,18649.3,18998.75,18590.6,18940.75,213,26150
PAGEIND-II,20171016,19046.65,19050,19046.65,19048.7,10,550
PAGEIND-III,20171016,0,0,0,18700.9,0,0
PCJEWELLER-I,20171016,377.05,378.45,368.65,375.55,2025,10704000
PCJEWELLER-II,20171016,383.5,383.5,371,377.5,36,210000
PCJEWELLER-III,20171016,0,0,0,364,0,30000
PEL-I,20171016,2740.05,2774,2716.05,2759,1823,1431900
PEL-II,20171016,2741.15,2783.75,2738.15,2774.15,343,104700
PEL-III,20171016,0,0,0,2750.6,0,1800
PETRONET-I,20171016,252,254.2,249.2,251.3,1807,11529000
PETRONET-II,20171016,253.55,253.55,251.3,252.75,34,303000
PETRONET-III,20171016,0,0,0,227.3,0,0
PFC-I,20171016,125.45,125.55,122.3,123.85,1744,35382000
PFC-II,20171016,126.2,126.2,123,124.45,224,2112000
PFC-III,20171016,0,0,0,127,0,6000
PIDILITIND-I,20171016,811.55,818,805,813,546,1254000
PIDILITIND-II,20171016,815.2,820.25,811,817.5,9,25000
PIDILITIND-III,20171016,0,0,0,789.65,0,0
PNB-I,20171016,136.3,136.45,132.05,134.3,4170,27356000
PNB-II,20171016,137.35,137.35,132.9,135.05,207,822500
PNB-III,20171016,135,135,135,135,1,7000
POWERGRID-I,20171016,206,208.8,206,206.5,1992,22080000
POWERGRID-II,20171016,207.4,209.5,207.3,207.55,44,628000
POWERGRID-III,20171016,0,0,0,208.85,0,8000
PTC-I,20171016,121.85,122.6,118.6,120.25,733,16328000
PTC-II,20171016,121.9,121.9,119.5,121.05,24,424000
PTC-III,20171016,0,0,0,123,0,24000
PVR-I,20171016,1390.25,1407.95,1362,1372.4,1378,707200
PVR-II,20171016,1404.05,1404.1,1377,1377.05,20,12000
PVR-III,20171016,1400,1400,1400,1400,1,1600
RAMCOCEM-I,20171016,694.95,694.95,678.5,691.65,288,552800
RAMCOCEM-II,20171016,695.45,695.45,680.35,692.75,6,12000
RAMCOCEM-III,20171016,0,0,0,713.6,0,6400
RAYMOND-I,20171016,853.05,869.9,851,860.05,1527,4037600
RAYMOND-II,20171016,857.95,873.15,857.85,863.45,53,50400
RAYMOND-III,20171016,871,871,871,871,2,10400
RBLBANK-I,20171016,521.95,524.9,520.05,523.35,1044,5290000
RBLBANK-II,20171016,524.65,526.8,522.7,525.45,116,325000
RBLBANK-III,20171016,0,0,0,531.45,0,1000
RCOM-I,20171016,17.45,17.45,16.75,17.15,1292,105924000
RCOM-II,20171016,17.45,17.45,16.95,17.25,90,5712000
RCOM-III,20171016,0,0,0,17.05,0,546000
RECLTD-I,20171016,156,156.3,151.5,153.15,2957,41274000
RECLTD-II,20171016,157,157,152.4,153.9,371,2700000
RECLTD-III,20171016,0,0,0,155.05,0,6000
RELCAPITAL-I,20171016,543.05,548.8,531.5,537.5,2268,11071500
RELCAPITAL-II,20171016,550.1,550.1,536,539.6,40,225000
RELCAPITAL-III,20171016,0,0,0,555.45,0,1500
RELIANCE-I,20171016,878.9,891.9,862,877.25,30568,36895000
RELIANCE-II,20171016,883,896,866.5,881.9,1443,3911000
RELIANCE-III,20171016,899.45,899.45,873,887.1,84,110000
RELINFRA-I,20171016,467.25,469.55,459.1,461.75,4161,12041900
RELINFRA-II,20171016,469.9,471.5,462.95,463.6,138,427700
RELINFRA-III,20171016,0,0,0,465.55,0,1300
REPCOHOME-I,20171016,643.45,644.4,634,639.4,168,824600
REPCOHOME-II,20171016,0,0,0,644,3,8400
REPCOHOME-III,20171016,0,0,0,625.25,0,0
RNAVAL-I,20171016,52.8,52.85,50.55,51.7,304,12339000
RNAVAL-II,20171016,52.7,52.7,51.05,52.05,26,270000
RNAVAL-III,20171016,0,0,0,53.5,0,9000
RPOWER-I,20171016,41.1,41.3,40.6,40.8,615,51792000
RPOWER-II,20171016,41.45,41.45,40.85,41.1,238,3612000
RPOWER-III,20171016,0,0,0,40.55,3,120000
SAIL-I,20171016,58.3,59.05,57.85,58.5,1978,66036000
SAIL-II,20171016,58.5,59.25,58.2,58.8,95,2964000
SAIL-III,20171016,59.2,59.3,59.2,59.3,2,48000
SBIN-I,20171016,254.35,255.25,250.65,252.95,8730,89847000
SBIN-II,20171016,255.95,256.5,252,254.2,798,7149000
SBIN-III,20171016,257.1,257.1,253.55,255.6,20,171000
SHREECEM-I,20171016,18649.95,18885.9,18489.6,18850.7,108,39800
SHREECEM-II,20171016,0,0,0,18566.5,0,400
SHREECEM-III,20171016,0,0,0,18485.5,0,0
SIEMENS-I,20171016,1245,1251,1221,1223.6,741,953500
SIEMENS-II,20171016,1249.05,1254.65,1229,1230.3,35,18000
SIEMENS-III,20171016,0,0,0,1207.65,0,0
SOUTHBANK-I,20171016,32.7,32.8,31.6,32.5,2185,186119856
SOUTHBANK-II,20171016,32.9,32.95,31.95,32.7,72,8484096
SOUTHBANK-III,20171016,32.75,32.95,32.35,32.9,10,397692
SREINFRA-I,20171016,112.55,112.8,108.2,109.8,658,9775000
SREINFRA-II,20171016,112.15,112.15,109.7,109.7,5,145000
SREINFRA-III,20171016,0,0,0,104.35,0,0
SRF-I,20171016,1738.9,1767.7,1726.15,1732.35,946,845000
SRF-II,20171016,1745.05,1761.9,1739.2,1741.3,18,24500
SRF-III,20171016,0,0,0,1726.95,0,3000
SRTRANSFIN-I,20171016,1104.95,1111,1097,1102.2,1606,3530400
SRTRANSFIN-II,20171016,1109.8,1111.95,1100,1104.4,84,30000
SRTRANSFIN-III,20171016,0,0,0,1070.95,0,0
STAR-I,20171016,877.7,885,871.1,882.85,1646,3609500
STAR-II,20171016,876.25,889.05,876.25,888.1,28,78000
STAR-III,20171016,881,881,881,881,2,1500
SUNPHARMA-I,20171016,535,551.9,535,550.2,13004,37991200
SUNPHARMA-II,20171016,542,554.85,539,553.4,1021,1308800
SUNPHARMA-III,20171016,543.5,557,543.5,557,10,42400
SUNTV-I,20171016,802.6,820.5,801,817.9,4328,5981000
SUNTV-II,20171016,808,824,808,822.2,80,164000
SUNTV-III,20171016,818,818,818,818,1,6000
SUZLON-I,20171016,15.7,15.75,15.5,15.55,823,411360000
SUZLON-II,20171016,15.85,15.85,15.65,15.65,197,28230000
SUZLON-III,20171016,16,16,15.75,15.75,8,1050000
SYNDIBANK-I,20171016,66.95,66.95,65.1,65.35,781,19143000
SYNDIBANK-II,20171016,67.05,67.05,65.55,65.8,27,792000
SYNDIBANK-III,20171016,0,0,0,65.25,0,9000
TATACHEM-I,20171016,694.4,703.15,688.5,700.9,2142,6408000
TATACHEM-II,20171016,702.95,706.2,692.4,704.45,62,154500
TATACHEM-III,20171016,696,696,696,696,1,1500
TATACOMM-I,20171016,694.1,723.45,692.35,721.15,5334,7959700
TATACOMM-II,20171016,698.95,727.5,698.95,725.25,85,67900
TATACOMM-III,20171016,0,0,0,682.55,0,0
TATAELXSI-I,20171016,860,874.55,852.4,858.3,1076,1765600
TATAELXSI-II,20171016,862.05,867.1,857.4,863.05,56,48800
TATAELXSI-III,20171016,0,0,0,819.65,0,0
TATAGLOBAL-I,20171016,211.3,212.25,208.1,210.35,2168,32755500
TATAGLOBAL-II,20171016,212.3,213.5,209.5,211.35,93,805500
TATAGLOBAL-III,20171016,0,0,0,211.65,0,4500
TATAMOTORS-I,20171016,427.45,438.95,426.7,438.2,13415,40882500
TATAMOTORS-II,20171016,430,441.05,429.95,440.85,750,2280000
TATAMOTORS-III,20171016,432.5,432.5,432.5,432.5,15,109500
TATAMTRDVR-I,20171016,239.1,246.7,239.1,245.95,2463,24087000
TATAMTRDVR-II,20171016,241.1,248,241.1,247.35,76,617400
TATAMTRDVR-III,20171016,0,0,0,243,0,4200
TATAPOWER-I,20171016,81.9,82.4,81.5,81.95,550,33570000
TATAPOWER-II,20171016,82.5,82.75,82,82.45,44,972000
TATAPOWER-III,20171016,0,0,0,82.75,0,45000
TATASTEEL-I,20171016,714.5,719.6,712.65,717.4,10026,25454000
TATASTEEL-II,20171016,718,723,716.3,721.25,398,1384000
TATASTEEL-III,20171016,720.9,723,720.9,722,4,90000
TCS-I,20171016,2574.5,2593.05,2559.3,2588.7,4766,7074000
TCS-II,20171016,2578.8,2604.3,2578.8,2602.45,134,66250
TCS-III,20171016,0,0,0,2586.9,0,2250
TECHM-I,20171016,476.45,477.3,472.3,475.55,1205,12119800
TECHM-II,20171016,478.35,479.4,474.95,478.1,35,105600
TECHM-III,20171016,0,0,0,475.5,0,1100
TITAN-I,20171016,626.05,631.4,622.35,628.05,1389,4974000
TITAN-II,20171016,628.75,633.35,626.3,631.3,51,168000
TITAN-III,20171016,0,0,0,631.8,0,10500
TORNTPHARM-I,20171016,1278.35,1292.95,1270,1289.35,248,276000
TORNTPHARM-II,20171016,1295.9,1295.95,1295.9,1295.95,2,11200
TORNTPHARM-III,20171016,0,0,0,1241.05,0,0
TORNTPOWER-I,20171016,235.75,236.75,231.3,234.85,1116,6720000
TORNTPOWER-II,20171016,237.25,237.8,234.2,236.8,21,132000
TORNTPOWER-III,20171016,0,0,0,212.1,0,0
TV18BRDCST-I,20171016,40.95,41.15,40.35,40.7,455,89607000
TV18BRDCST-II,20171016,41.3,41.35,40.6,40.95,58,2431000
TV18BRDCST-III,20171016,0,0,0,39.3,0,0
TVSMOTOR-I,20171016,694.55,697.95,692,694.9,1357,6634000
TVSMOTOR-II,20171016,696,696,689.5,692.25,144,586000
TVSMOTOR-III,20171016,0,0,0,688.65,0,8000
UBL-I,20171016,849.9,852.1,835,843.15,353,1011500
UBL-II,20171016,850,850.05,839.2,839.2,9,11200
UBL-III,20171016,0,0,0,836,0,4200
UJJIVAN-I,20171016,344.95,353.1,342.35,346,4740,5812800
UJJIVAN-II,20171016,348.5,355.1,344.8,347.65,90,139200
UJJIVAN-III,20171016,0,0,0,319.8,0,0
ULTRACEMCO-I,20171016,4039.85,4057.95,3998.1,4021.55,3185,1328600
ULTRACEMCO-II,20171016,4074.8,4074.85,4022,4043.3,61,71800
ULTRACEMCO-III,20171016,0,0,0,3967.8,0,800
UNIONBANK-I,20171016,129.25,129.3,126.4,127.8,1614,21996000
UNIONBANK-II,20171016,129.85,129.85,127.3,128.55,96,908000
UNIONBANK-III,20171016,0,0,0,130.95,0,4000
UPL-I,20171016,810.75,817.6,805,812.7,2362,8654400
UPL-II,20171016,812.35,820,810,814.05,30,79200
UPL-III,20171016,0,0,0,778.35,0,0
VEDL-I,20171016,324.45,336.15,323.5,335.5,16112,53725000
VEDL-II,20171016,322.35,332,322.35,330.8,495,2289000
VEDL-III,20171016,328,332.4,327.1,331.85,25,66500
VGUARD-I,20171016,193.6,193.6,190.1,190.45,243,1926000
VGUARD-II,20171016,192.5,192.95,192,192.2,9,87000
VGUARD-III,20171016,0,0,0,183.05,0,0
VOLTAS-I,20171016,535.55,538,532.25,533.95,1270,3084000
VOLTAS-II,20171016,538.2,539.9,534.6,537.2,17,126000
VOLTAS-III,20171016,0,0,0,508.95,0,0
WIPRO-I,20171016,292.2,292.55,286.25,289.3,3001,33936000
WIPRO-II,20171016,292.3,292.3,287.1,290.05,189,1816800
WIPRO-III,20171016,0,0,0,290.45,0,0
WOCKPHARMA-I,20171016,633.9,643.9,630.5,636.5,1745,3112000
WOCKPHARMA-II,20171016,643.15,645.5,634.5,640.6,49,102400
WOCKPHARMA-III,20171016,0,0,0,616.75,0,0
YESBANK-I,20171016,374.25,374.8,366.85,369.3,6772,39572750
YESBANK-II,20171016,376.85,376.85,369,371.05,555,2098250
YESBANK-III,20171016,373.15,374,373.15,374,3,24500
ZEEL-I,20171016,512.65,517.5,508.05,516.7,2574,6973200
ZEEL-II,20171016,513.1,520.45,513.1,519.2,329,579800
ZEEL-III,20171016,0,0,0,528.25,0,0
