BANKNIFTY-I,20180814,27905,28097.85,27904.3,28077.5,62420,2525000
BANKNIFTY-II,20180814,27973.25,28163.55,27973.25,28148.3,1272,117200
BANKNIFTY-III,20180814,28090.85,28200,28090.85,28189.5,70,9360
FTSE100-I,20180814,0,0,0,7881,0,0
FTSE100-II,20180814,0,0,0,7867,0,0
FTSE100-III,20180814,0,0,0,7817,0,0
FTSE100-IIII,20180814,0,0,0,7947,0,0
FTSE100-IIIII,20180814,0,0,0,7674,0,0
FTSE100-IIIIII,20180814,0,0,0,8315,0,0
NIFTY-I,20180814,11394.75,11478.15,11390.2,11463.45,80902,28432875
NIFTY-II,20180814,11414.05,11505.4,11411.85,11492.2,4238,1540275
NIFTY-III,20180814,11457,11530,11455,11519,629,253125
NIFTYCPSE-I,20180814,0,0,0,2472.95,0,0
NIFTYCPSE-II,20180814,0,0,0,2187.4,0,0
NIFTYCPSE-III,20180814,0,0,0,2315.55,0,0
NIFTYINFRA-I,20180814,0,0,0,3400.05,0,0
NIFTYINFRA-II,20180814,0,0,0,3108.75,0,0
NIFTYINFRA-III,20180814,0,0,0,3177.55,0,0
NIFTYIT-I,20180814,14900,15097,14888,15026,377,26200
NIFTYIT-II,20180814,15000,15000,15000,15000,1,150
NIFTYIT-III,20180814,0,0,0,14734,0,0
NIFTYMID50-I,20180814,5050,5050,5050,5050,1,591800
NIFTYMID50-II,20180814,0,0,0,4843.05,0,0
NIFTYMID50-III,20180814,0,0,0,5023.7,0,0
NIFTYPSE-I,20180814,0,0,0,3925.45,0,0
NIFTYPSE-II,20180814,0,0,0,3501.05,0,0
NIFTYPSE-III,20180814,0,0,0,3599.05,0,0
ACC-I,20180814,1538.05,1569,1526.3,1564.3,3294,1815200
ACC-II,20180814,1532.45,1573.35,1532.45,1568.2,51,22000
ACC-III,20180814,0,0,0,1550.7,0,0
ADANIENT-I,20180814,195,207.25,195,203.65,2051,19300000
ADANIENT-II,20180814,200.5,205.7,200.5,205.35,49,17652000
ADANIENT-III,20180814,0,0,0,183.15,0,16000
ADANIPORTS-I,20180814,379.95,379.95,372,374.7,2528,10695000
ADANIPORTS-II,20180814,380,380.45,374.4,375.35,45,315000
ADANIPORTS-III,20180814,378,378,378,378,1,2500
ADANIPOWER-I,20180814,31.8,32.6,31.55,32.05,249,113800000
ADANIPOWER-II,20180814,0,0,0,31.65,0,30720000
ADANIPOWER-III,20180814,0,0,0,30.8,0,20000
AJANTPHARM-I,20180814,1155,1175.65,1143.65,1173.65,1411,842500
AJANTPHARM-II,20180814,1155,1173.45,1145.2,1173.3,12,14500
AJANTPHARM-III,20180814,0,0,0,1062.8,0,0
ALBK-I,20180814,42.6,43.95,39.05,39.75,4483,17809000
ALBK-II,20180814,43.05,43.5,39.25,39.95,90,1254000
ALBK-III,20180814,43.4,43.4,43.35,43.35,3,44000
AMARAJABAT-I,20180814,829.5,853.85,829.5,848.15,2235,1079400
AMARAJABAT-II,20180814,845.2,848,840,845,16,14000
AMARAJABAT-III,20180814,0,0,0,807.3,0,0
AMBUJACEM-I,20180814,222.15,228.4,222.15,227.3,1637,15432500
AMBUJACEM-II,20180814,227.75,229.4,227.65,228.25,13,90000
AMBUJACEM-III,20180814,0,0,0,232.45,0,0
ANDHRABANK-I,20180814,32.5,33.05,32.05,32.35,875,20475000
ANDHRABANK-II,20180814,32.95,33,32.25,32.55,18,962000
APOLLOHOSP-I,20180814,1065,1136.75,1050.05,1128.85,12103,1357000
APOLLOHOSP-II,20180814,1060,1132.1,1050.95,1129.3,232,78500
APOLLOHOSP-III,20180814,1123.85,1137.6,1123.85,1137.6,2,500
APOLLOTYRE-I,20180814,263.5,268.7,262.95,268.05,3031,11355000
APOLLOTYRE-II,20180814,265.25,269.4,265.25,268.65,31,309000
APOLLOTYRE-III,20180814,0,0,0,262.65,0,6000
ARVIND-I,20180814,395.95,398.75,393.5,396.15,2091,9760000
ARVIND-II,20180814,398.05,400,395.8,398.3,34,170000
ARVIND-III,20180814,0,0,0,398.35,0,4000
ASHOKLEY-I,20180814,127.5,127.55,124.25,126.6,5334,65988000
ASHOKLEY-II,20180814,128,128,125,127.1,296,2576000
ASHOKLEY-III,20180814,127.2,128,127.2,128,3,156000
ASIANPAINT-I,20180814,1403.65,1418.7,1397.4,1401.45,2120,5253600
ASIANPAINT-II,20180814,1416.75,1422.4,1404.5,1407.25,86,162600
ASIANPAINT-III,20180814,1407.45,1407.45,1407.45,1407.45,1,1200
AUROPHARMA-I,20180814,622.25,636.4,610,633.25,6506,19047000
AUROPHARMA-II,20180814,623.8,639,613.5,636.05,318,517000
AUROPHARMA-III,20180814,623.2,623.2,623.2,623.2,1,11000
AXISBANK-I,20180814,609.65,623.75,609.1,620.5,17946,47743200
AXISBANK-II,20180814,615.85,626.6,615.7,623.35,827,2749200
AXISBANK-III,20180814,618.8,627.9,618.8,626.4,21,80400
BAJAJ-AUTO-I,20180814,2652.5,2664,2640.8,2655.35,2397,3588750
BAJAJ-AUTO-II,20180814,2669.75,2673.35,2656.4,2667,220,126250
BAJAJ-AUTO-III,20180814,2682,2682,2682,2682,1,3250
BAJAJFINSV-I,20180814,7022.3,7135,6966.35,7116.5,3308,700250
BAJAJFINSV-II,20180814,7018.15,7169.8,7009.5,7150.6,84,24750
BAJAJFINSV-III,20180814,7102.45,7133.95,7102.45,7133.95,2,1000
BAJFINANCE-I,20180814,2786.65,2849,2774.95,2841.2,9232,5800000
BAJFINANCE-II,20180814,2811.75,2860,2790.1,2852.8,139,150000
BAJFINANCE-III,20180814,2859.5,2865,2859.5,2860,3,8000
BALKRISIND-I,20180814,1247.8,1341.95,1236,1336.75,6975,1319200
BALKRISIND-II,20180814,1250,1346.3,1249.95,1341.1,117,30400
BALKRISIND-III,20180814,0,0,0,1248.7,0,0
BALRAMCHIN-I,20180814,71.8,73.45,71.45,72.7,536,12782000
BALRAMCHIN-II,20180814,72.95,72.95,72.95,72.95,1,308000
BANKBARODA-I,20180814,147.6,149.25,146.15,146.95,5562,63376000
BANKBARODA-II,20180814,148.25,149.9,146.9,147.65,319,3932000
BANKBARODA-III,20180814,149.35,150.5,148,148,5,36000
BANKINDIA-I,20180814,90.8,91.8,89,90.9,2974,24156000
BANKINDIA-II,20180814,91.35,92,89.7,91.35,137,1404000
BANKINDIA-III,20180814,91.6,91.6,90.2,91.15,5,42000
BATAINDIA-I,20180814,984.7,1006.4,984.7,1002,5221,2377100
BATAINDIA-II,20180814,994.8,1010.05,994.8,1006.3,78,137500
BATAINDIA-III,20180814,981.65,1012,981.65,1012,2,1100
BEL-I,20180814,117,118.1,113.35,117.6,3077,25482600
BEL-II,20180814,117,118.55,114,118.15,111,990000
BEL-III,20180814,116,117.4,116,117.4,5,49500
BEML-I,20180814,791.5,803.65,777.8,797.15,2433,1848000
BEML-II,20180814,777.15,800,777.1,793.4,63,126000
BEML-III,20180814,0,0,0,805.2,0,2000
BERGEPAINT-I,20180814,323.75,326,320.95,323.75,820,1709400
BERGEPAINT-II,20180814,322,324,321,323.1,6,41800
BERGEPAINT-III,20180814,0,0,0,313.5,0,2200
BHARATFIN-I,20180814,1208.75,1223.1,1202.5,1219.65,1298,4367500
BHARATFIN-II,20180814,1221.35,1227.8,1221.35,1223.9,6,38500
BHARATFIN-III,20180814,0,0,0,1212.5,0,0
BHARATFORG-I,20180814,611,624.7,611,621.85,2646,8650800
BHARATFORG-II,20180814,611.1,625.85,611.1,624.8,45,116400
BHARATFORG-III,20180814,0,0,0,618,0,1200
BHARTIARTL-I,20180814,370.7,373,364.25,367.65,2583,48796800
BHARTIARTL-II,20180814,370.15,372.95,366.7,369.7,94,941800
BHARTIARTL-III,20180814,0,0,0,364.25,0,0
BHEL-I,20180814,72.6,73.2,72,72.55,1081,35917500
BHEL-II,20180814,72.25,72.5,71.4,71.9,135,4672500
BHEL-III,20180814,71.85,72.25,71.85,72.25,2,270000
BIOCON-I,20180814,573.65,593.25,571.95,591.4,5441,8051400
BIOCON-II,20180814,578.05,595.95,575.1,594,86,142200
BIOCON-III,20180814,580,599.8,580,599.8,5,9900
BOSCHLTD-I,20180814,19205.4,19414,19100.1,19233.85,267,124380
BOSCHLTD-II,20180814,19350.05,19360.15,19250.4,19250.4,6,510
BOSCHLTD-III,20180814,0,0,0,19043.85,0,0
BPCL-I,20180814,382.5,383.9,376.6,378.3,3776,8087400
BPCL-II,20180814,375.95,378.5,371.3,372.85,185,759600
BPCL-III,20180814,377.8,378.05,374.3,374.65,5,23400
BRITANNIA-I,20180814,6482.1,6509.75,6455,6483.95,1438,1318800
BRITANNIA-II,20180814,6502.1,6538.75,6486.6,6523.15,17,17800
BRITANNIA-III,20180814,0,0,0,6500,0,1000
CADILAHC-I,20180814,356.55,357.4,337.2,341.55,10308,14321600
CADILAHC-II,20180814,358,358,339.5,343.5,411,380800
CADILAHC-III,20180814,358.15,358.15,342.5,344.9,13,24000
CANBK-I,20180814,270.7,274.35,267.6,271.35,6372,11772000
CANBK-II,20180814,271.65,275.7,270,272.75,121,596000
CANBK-III,20180814,272,272,272,272,1,38000
CANFINHOME-I,20180814,313.15,318.25,309.5,315.65,1094,4677500
CANFINHOME-II,20180814,316.5,319,312,317.4,29,141250
CANFINHOME-III,20180814,307.25,307.25,307.25,307.25,1,3750
CAPF-I,20180814,601.45,607.7,591.45,598.45,1401,7142400
CAPF-II,20180814,605.05,606.7,598,598,17,51200
CAPF-III,20180814,0,0,0,570,0,800
CASTROLIND-I,20180814,156.05,156.05,153.5,155.3,838,11345600
CASTROLIND-II,20180814,156,156.6,154.25,155.95,32,366800
CASTROLIND-III,20180814,0,0,0,160,0,19600
CEATLTD-I,20180814,1403.65,1446,1402.3,1442.95,6716,1294650
CEATLTD-II,20180814,1421,1451.95,1411.05,1448.8,150,41300
CEATLTD-III,20180814,0,0,0,1376.3,0,0
CENTURYTEX-I,20180814,901.75,925,901.25,917.2,2461,5372950
CENTURYTEX-II,20180814,928.1,928.1,917.95,921.35,13,92950
CENTURYTEX-III,20180814,0,0,0,936.65,0,0
CESC-I,20180814,919,919,907,911.85,697,5126550
CESC-II,20180814,920,920,912.5,916.55,26,42350
CESC-III,20180814,0,0,0,926,0,0
CGPOWER-I,20180814,60.95,62,59,60.25,836,33600000
CGPOWER-II,20180814,61.55,62.2,59.45,60.25,23,360000
CGPOWER-III,20180814,61,61,61,61,1,36000
CHENNPETRO-I,20180814,318.95,320.85,308.7,310.55,1630,1657500
CHENNPETRO-II,20180814,318,318.3,309.4,311.3,53,168000
CHENNPETRO-III,20180814,312.1,312.1,312.1,312.1,1,3000
CHOLAFIN-I,20180814,1455,1484,1446.15,1476.95,1523,1014000
CHOLAFIN-II,20180814,1466.25,1491.9,1463,1481.15,15,14500
CHOLAFIN-III,20180814,0,0,0,1572.8,0,0
CIPLA-I,20180814,628.5,646.6,624.6,644.65,5527,9441000
CIPLA-II,20180814,633.2,648.4,631,647.1,132,266000
CIPLA-III,20180814,0,0,0,654.35,0,2000
COALINDIA-I,20180814,278.4,283.65,276,281.9,3353,18867200
COALINDIA-II,20180814,278.55,283.35,276.15,281.7,191,1152800
COALINDIA-III,20180814,277.15,277.15,277.15,277.15,1,26400
COLPAL-I,20180814,1129,1145.2,1129,1134.8,457,1985900
COLPAL-II,20180814,0,0,0,1146.8,0,11900
COLPAL-III,20180814,0,0,0,1105,0,0
CONCOR-I,20180814,640,646,638.25,644.8,173,2210000
CONCOR-II,20180814,644.5,644.5,644.5,644.5,4,20000
CONCOR-III,20180814,0,0,0,659.5,0,0
CUMMINSIND-I,20180814,674,686.8,669,675.65,1323,1068900
CUMMINSIND-II,20180814,690.35,690.35,674.5,677,10,30100
CUMMINSIND-III,20180814,0,0,0,720,0,700
DABUR-I,20180814,442.3,454.15,442.3,453.35,2767,16660000
DABUR-II,20180814,447.55,456.1,445.3,455.7,68,297500
DABUR-III,20180814,0,0,0,440,0,2500
DALMIABHA-I,20180814,2537.1,2614.55,2520,2602.7,635,462000
DALMIABHA-II,20180814,2564.6,2570.4,2538.7,2570.4,6,18600
DALMIABHA-III,20180814,0,0,0,2649.7,0,0
DCBBANK-I,20180814,167.3,168.2,164.95,166.35,384,4351500
DCBBANK-II,20180814,166.55,166.55,166.2,166.4,5,184500
DCBBANK-III,20180814,0,0,0,170.85,0,0
DHFL-I,20180814,629.75,668.75,628.5,661.45,17854,29830500
DHFL-II,20180814,635.05,669.05,632.45,662.95,141,121500
DHFL-III,20180814,664,664,664,664,1,6000
DISHTV-I,20180814,65.5,67.75,65.15,67.4,1199,51424000
DISHTV-II,20180814,65.9,67.75,65.9,67.65,19,456000
DISHTV-III,20180814,66.5,68.1,66.4,68.1,4,24000
DIVISLAB-I,20180814,1096.3,1161.75,1088.55,1158.8,2547,2541600
DIVISLAB-II,20180814,1117.4,1155.5,1117.4,1154.3,74,140000
DIVISLAB-III,20180814,0,0,0,1095.5,0,0
DLF-I,20180814,194.95,205.45,194.95,203.45,11308,27802500
DLF-II,20180814,196.05,205.5,196.05,203.75,228,442500
DLF-III,20180814,204.55,204.55,204.55,204.55,5,12500
DRREDDY-I,20180814,2261.15,2296.6,2245,2287.3,6459,4139500
DRREDDY-II,20180814,2275,2306.3,2256.8,2297.45,158,164250
DRREDDY-III,20180814,0,0,0,2266.95,0,1250
EICHERMOT-I,20180814,28486,29179.25,28486,29006.85,2971,264400
EICHERMOT-II,20180814,28700,29298.95,28700,29135.7,117,6250
EICHERMOT-III,20180814,0,0,0,27670.55,0,25
ENGINERSIN-I,20180814,122.1,123.15,119.7,120.3,1264,8512000
ENGINERSIN-II,20180814,121.6,121.75,119.2,119.9,165,1102500
ENGINERSIN-III,20180814,120.05,120.05,120.05,120.05,1,3500
EQUITAS-I,20180814,142.65,143.8,141.1,142.55,611,20980000
EQUITAS-II,20180814,143.05,143.05,142.85,142.9,4,136000
EQUITAS-III,20180814,0,0,0,138.15,0,4000
ESCORTS-I,20180814,864.45,882,858.6,878.75,3305,5042400
ESCORTS-II,20180814,870,886,863.1,882.5,146,156200
ESCORTS-III,20180814,0,0,0,905,0,1100
EXIDEIND-I,20180814,289.05,293.9,289,292.9,1075,8248000
EXIDEIND-II,20180814,293.2,294.4,292.15,294.15,14,216000
EXIDEIND-III,20180814,0,0,0,278.2,0,0
FEDERALBNK-I,20180814,87.9,89.1,87.65,88.85,2020,51606500
FEDERALBNK-II,20180814,88.15,89.45,88.15,89.2,90,1974500
FEDERALBNK-III,20180814,89.2,89.2,89.2,89.2,2,60500
GAIL-I,20180814,371.25,383.3,371.25,378.75,2990,16519398
GAIL-II,20180814,378,384,377.3,379.95,30,237363
GAIL-III,20180814,0,0,0,387.95,0,2667
GLENMARK-I,20180814,582.45,588.8,568.4,584.8,2235,4424000
GLENMARK-II,20180814,577.8,590,571.8,587.05,44,116000
GLENMARK-III,20180814,0,0,0,579.65,0,0
GMRINFRA-I,20180814,17.95,18,17.7,17.85,448,218295000
GMRINFRA-II,20180814,18.05,18.1,17.9,17.95,13,9495000
GMRINFRA-III,20180814,18.1,18.1,18.1,18.1,1,135000
GODFRYPHLP-I,20180814,855,856,835.3,848.3,426,489300
GODFRYPHLP-II,20180814,839,839,839,839,1,7700
GODFRYPHLP-III,20180814,0,0,0,792.55,0,0
GODREJCP-I,20180814,1315.1,1318.95,1297.1,1301.25,542,2258400
GODREJCP-II,20180814,1312.75,1312.75,1304.75,1307.15,13,15200
GODREJCP-III,20180814,0,0,0,1360.25,0,0
GODREJIND-I,20180814,596.4,608.75,594,605.9,910,2176500
GODREJIND-II,20180814,604.05,611.25,600.1,610.15,19,40500
GODREJIND-III,20180814,0,0,0,606,0,3000
GRANULES-I,20180814,105.6,107,101.9,105,1005,12045000
GRANULES-II,20180814,105.6,105.6,102.85,105.2,25,290000
GRANULES-III,20180814,106,106,106,106,1,5000
GRASIM-I,20180814,1003.65,1007.7,975.25,991.15,12068,6890250
GRASIM-II,20180814,996,1007.35,980,990.4,165,253500
GRASIM-III,20180814,0,0,0,1019.8,0,750
GSFC-I,20180814,112.5,113.65,111.05,112.1,543,13689000
GSFC-II,20180814,111.55,112,110.15,110.3,18,697500
GSFC-III,20180814,112,112,112,112,1,22500
HAVELLS-I,20180814,677,689.6,675.6,687.65,3050,4130000
HAVELLS-II,20180814,675.05,692,675.05,690.35,69,168000
HAVELLS-III,20180814,0,0,0,688,0,2000
HCC-I,20180814,11.85,12.15,11.55,11.75,583,36072000
HCC-II,20180814,12.1,12.1,11.65,11.75,23,1998000
HCC-III,20180814,0,0,0,12.95,0,36000
HCLTECH-I,20180814,985.2,1002.85,980.5,1000.2,4961,9139200
HCLTECH-II,20180814,985.7,1000.4,980.7,999.15,175,261800
HCLTECH-III,20180814,992,1000,992,1000,4,9800
HDFC-I,20180814,1960.05,1973.9,1945.7,1949,5038,23745500
HDFC-II,20180814,1974.15,1983.65,1956,1959.05,347,1626500
HDFC-III,20180814,1970,1970,1968.45,1974.45,5,40500
HDFCBANK-I,20180814,2095.55,2113,2095.55,2098.1,8071,23729500
HDFCBANK-II,20180814,2105.85,2115.2,2100,2101.25,380,998000
HDFCBANK-III,20180814,2116.55,2119,2106,2106,9,65500
HEROMOTOCO-I,20180814,3293.25,3328.45,3267,3275.3,2189,1567600
HEROMOTOCO-II,20180814,3327.3,3334.3,3281.9,3286,67,52400
HEROMOTOCO-III,20180814,0,0,0,3315,0,1000
HEXAWARE-I,20180814,487.9,491.9,480.2,485.3,2355,3417000
HEXAWARE-II,20180814,480,485.35,475.05,480.6,81,142500
HEXAWARE-III,20180814,0,0,0,460.6,0,0
HINDALCO-I,20180814,222.35,224.5,220.8,221.95,4577,41450500
HINDALCO-II,20180814,222.7,223.8,220.6,221.8,95,1214500
HINDALCO-III,20180814,223,223.8,223,223.8,4,45500
HINDPETRO-I,20180814,275,275.15,267.75,270.95,4195,23773050
HINDPETRO-II,20180814,275.3,275.5,269,272.3,150,504000
HINDPETRO-III,20180814,275.5,275.5,272,272.85,6,17325
HINDUNILVR-I,20180814,1730.05,1759.35,1730.05,1748.95,2536,9257400
HINDUNILVR-II,20180814,1744.55,1765.25,1744.55,1756.25,78,264600
HINDUNILVR-III,20180814,0,0,0,1762.4,0,1800
HINDZINC-I,20180814,278.55,280.4,276.75,278.05,538,10940800
HINDZINC-II,20180814,274.65,276.05,274.45,275.05,22,288000
HINDZINC-III,20180814,0,0,0,284.3,0,6400
IBULHSGFIN-I,20180814,1282.05,1304,1257,1296.2,9542,14457000
IBULHSGFIN-II,20180814,1282.6,1309.25,1263.5,1302.1,575,528000
IBULHSGFIN-III,20180814,0,0,0,1292,0,500
ICICIBANK-I,20180814,324.45,332.75,324.45,331.5,15492,121055000
ICICIBANK-II,20180814,326.55,334.2,326.55,333.05,526,8349000
ICICIBANK-III,20180814,330,334,329.6,333.4,26,357500
ICICIPRULI-I,20180814,408.8,409.1,398.8,401.25,1167,3638700
ICICIPRULI-II,20180814,410.4,410.4,401.05,403.1,48,105300
ICICIPRULI-III,20180814,413,413,413,413,1,2600
IDBI-I,20180814,60.85,61.45,58.3,60.65,4054,58310000
IDBI-II,20180814,61.45,61.45,58.6,60.9,63,2010000
IDBI-III,20180814,61.3,61.3,60,60.85,4,80000
IDEA-I,20180814,52.8,53.4,51.9,52.25,2022,139916000
IDEA-II,20180814,53.4,53.65,52.2,52.45,89,2653000
IDEA-III,20180814,53.6,53.65,52.6,52.8,8,147000
IDFC-I,20180814,49.25,50.5,48.6,50.1,715,124792800
IDFC-II,20180814,49.75,50.65,49.05,50.55,14,4263600
IDFC-III,20180814,50,50,50,50,1,79200
IDFCBANK-I,20180814,44.85,45.2,44,44.6,1868,137093000
IDFCBANK-II,20180814,45.25,45.3,44.25,44.8,70,5544000
IDFCBANK-III,20180814,45.65,45.7,44.85,45.1,6,242000
IFCI-I,20180814,16.35,16.5,16.1,16.35,194,57500000
IFCI-II,20180814,16.6,16.6,16.3,16.45,66,4275000
IFCI-III,20180814,16.15,16.55,16.15,16.55,3,450000
IGL-I,20180814,289.05,293.3,280.5,283.85,1609,4749250
IGL-II,20180814,290.55,293.15,281,283.1,76,360250
IGL-III,20180814,283.1,283.1,283.1,283.1,1,16500
INDIACEM-I,20180814,108.65,112.55,108.65,111.25,2586,20825000
INDIACEM-II,20180814,110.35,111.8,109.8,111.2,55,486500
INDIACEM-III,20180814,112.05,112.05,111.2,111.2,8,63000
INDIANB-I,20180814,340,347.2,339.25,343.25,1850,4766000
INDIANB-II,20180814,345,345,340.5,343.05,11,90000
INDIANB-III,20180814,0,0,0,360.8,0,0
INDIGO-I,20180814,1057.4,1067.55,1040.25,1047.2,2352,4525200
INDIGO-II,20180814,1049.95,1059,1036,1042.15,101,78000
INDIGO-III,20180814,0,0,0,1065,0,1800
INDUSINDBK-I,20180814,1988.45,2003.65,1983.05,2000.15,3775,6116400
INDUSINDBK-II,20180814,1983.25,1996,1977.25,1994.1,133,356400
INDUSINDBK-III,20180814,1986.9,1986.9,1986.9,1986.9,1,1800
INFIBEAM-I,20180814,197.6,200.5,197.25,199.95,1182,46020000
INFIBEAM-II,20180814,195.15,196.5,194.2,196.45,15,276000
INFIBEAM-III,20180814,0,0,0,175.15,0,4000
INFRATEL-I,20180814,287.1,287.1,280.6,285.25,823,6953000
INFRATEL-II,20180814,285.7,285.9,281.35,284.9,25,69700
INFRATEL-III,20180814,0,0,0,292.15,0,0
INFY-I,20180814,1416.5,1425.4,1405.2,1411.25,8894,24492000
INFY-II,20180814,1421.6,1430.95,1412,1417.4,242,1024800
INFY-III,20180814,1414.2,1422.5,1414.2,1414.6,5,31200
IOC-I,20180814,161.5,161.5,157.1,159.3,2265,26139000
IOC-II,20180814,160.35,160.6,158.1,160.3,111,2052000
IOC-III,20180814,161.25,161.25,161.25,161.25,1,15000
IRB-I,20180814,190,192.4,187.4,191.4,1186,15505000
IRB-II,20180814,190.45,193,189.35,192.65,142,417500
IRB-III,20180814,0,0,0,210,0,0
ITC-I,20180814,307.45,310.45,307.05,308.2,10043,79257600
ITC-II,20180814,308.6,311.8,308.6,309.6,330,4586400
ITC-III,20180814,311,311,311,311,1,26400
JETAIRWAYS-I,20180814,281.3,289.5,276.15,284.2,2812,5614800
JETAIRWAYS-II,20180814,281.4,282.5,279,282.45,21,193200
JETAIRWAYS-III,20180814,280.7,280.95,280.7,284.25,3,4800
JINDALSTEL-I,20180814,201.95,203.1,196.6,200.2,6855,31610250
JINDALSTEL-II,20180814,203,203.45,197.65,201.55,165,958500
JINDALSTEL-III,20180814,0,0,0,206,0,29250
JISLJALEQS-I,20180814,83.7,84.3,81.25,83.45,1858,43461000
JISLJALEQS-II,20180814,83.4,83.4,81.05,82.7,46,1485000
JISLJALEQS-III,20180814,0,0,0,81.5,0,0
JPASSOCIAT-I,20180814,13.15,13.4,12.9,13.05,772,164628000
JPASSOCIAT-II,20180814,13.35,13.4,13.05,13.2,18,9282000
JPASSOCIAT-III,20180814,0,0,0,13.3,0,102000
JSWSTEEL-I,20180814,343.55,351.5,338.3,341.3,6720,61830000
JSWSTEEL-II,20180814,346.5,352.8,340.3,343.2,313,984000
JSWSTEEL-III,20180814,0,0,0,343.6,0,3000
JUBLFOOD-I,20180814,1512,1525,1505.1,1513.7,3349,3012000
JUBLFOOD-II,20180814,1516.05,1529.45,1515,1518.2,60,122500
JUBLFOOD-III,20180814,0,0,0,1422.05,0,0
JUSTDIAL-I,20180814,578.95,585,571.35,575.25,2279,2780400
JUSTDIAL-II,20180814,584,584.85,573,577.5,24,40600
JUSTDIAL-III,20180814,0,0,0,556.7,0,1400
KAJARIACER-I,20180814,418.1,424.6,410.45,413.75,567,2374000
KAJARIACER-II,20180814,420.15,420.15,413.1,416.4,7,28000
KAJARIACER-III,20180814,0,0,0,440.75,0,0
KOTAKBANK-I,20180814,1293,1301,1287.75,1294.5,4589,13063200
KOTAKBANK-II,20180814,1295,1304.7,1291.25,1298.35,169,530400
KOTAKBANK-III,20180814,1305,1305,1305,1305,3,11200
KPIT-I,20180814,293.95,298.5,292.3,294.9,1851,7209000
KPIT-II,20180814,296.8,299.45,295.2,296.25,16,139500
KPIT-III,20180814,0,0,0,292.6,0,0
KSCL-I,20180814,624.35,629.65,615.15,620.2,950,1305000
KSCL-II,20180814,619.15,622.45,615.4,618.25,13,36000
KSCL-III,20180814,0,0,0,606.8,0,0
KTKBANK-I,20180814,117.7,120.15,117.7,119.8,625,17716500
KTKBANK-II,20180814,119.25,120,118.75,120,13,351000
KTKBANK-III,20180814,120.2,120.2,120.2,119.55,2,45000
L&TFH-I,20180814,175,180.2,173.6,178.75,3211,30829500
L&TFH-II,20180814,176.3,181,174.65,179.55,151,1066500
L&TFH-III,20180814,181,181,181,181,1,27000
LICHSGFIN-I,20180814,547.9,553.45,543.6,548.55,3013,9933000
LICHSGFIN-II,20180814,554.45,555.15,547.5,552.65,60,117700
LICHSGFIN-III,20180814,0,0,0,550.45,0,1100
LT-I,20180814,1263.6,1267.6,1254,1258.45,4130,15693000
LT-II,20180814,1268.05,1273,1261,1263.55,221,576750
LT-III,20180814,1276.35,1276.35,1276.35,1276.35,1,12750
LUPIN-I,20180814,812.5,836,805.75,833.45,11572,13166300
LUPIN-II,20180814,816.7,839.8,810,837.45,376,376600
LUPIN-III,20180814,817.1,841.75,815,841.75,15,23800
M&M-I,20180814,959.9,963.4,950,954.85,3093,15222000
M&M-II,20180814,959.85,967,954.2,958.45,79,538000
M&M-III,20180814,961.35,961.35,961.35,961.35,2,4000
M&MFIN-I,20180814,486.55,492.7,480,489.6,1799,9090000
M&MFIN-II,20180814,492,493.1,483,492.3,24,40000
M&MFIN-III,20180814,0,0,0,521.4,0,0
MANAPPURAM-I,20180814,104.8,105.15,102.3,103.45,655,14772000
MANAPPURAM-II,20180814,105.3,105.5,103.35,103.45,9,264000
MANAPPURAM-III,20180814,0,0,0,106.35,0,6000
MARICO-I,20180814,361.1,366.95,361.1,366.1,679,6897800
MARICO-II,20180814,0,0,0,367.05,0,59800
MARICO-III,20180814,0,0,0,371.2,0,0
MARUTI-I,20180814,9075,9166.3,9064.3,9144.35,7105,2515575
MARUTI-II,20180814,9126.75,9205,9110,9185.4,206,101475
MARUTI-III,20180814,9186.05,9236.7,9175.05,9236.7,10,3075
MCDOWELL-N-I,20180814,608.45,631.2,608.45,626.5,3452,9828750
MCDOWELL-N-II,20180814,617.95,634.45,615,630.35,52,150000
MCDOWELL-N-III,20180814,0,0,0,589.05,0,0
MCX-I,20180814,846,855.95,835.05,843.35,1097,4433800
MCX-II,20180814,849,860,844.55,844.8,16,39900
MCX-III,20180814,0,0,0,873,0,1400
MFSL-I,20180814,480.05,487,457.3,467.95,1047,2487600
MFSL-II,20180814,480.1,480.1,465,467,4,16800
MFSL-III,20180814,0,0,0,480.2,0,0
MGL-I,20180814,950,953.85,940.05,945.2,262,1116600
MGL-II,20180814,941.2,941.2,933,936,10,40200
MGL-III,20180814,0,0,0,914.65,0,0
MINDTREE-I,20180814,986.05,1015.85,986,1009.9,5259,3808800
MINDTREE-II,20180814,997,1017.85,997,1014.6,51,74400
MINDTREE-III,20180814,0,0,0,991,0,4800
MOTHERSUMI-I,20180814,291.85,299.6,291.8,298.95,2293,14304000
MOTHERSUMI-II,20180814,297.8,300.95,295.25,300.35,51,478400
MOTHERSUMI-III,20180814,0,0,0,302,0,11200
MRF-I,20180814,73900,74633.5,73822.15,74175.7,1248,39390
MRF-II,20180814,73832.9,74955.35,73832.9,74551,38,690
MRF-III,20180814,0,0,0,76100,0,10
MRPL-I,20180814,82.35,82.85,79.7,81.3,559,5197500
MRPL-II,20180814,82.75,82.75,80.45,81.5,13,135000
MRPL-III,20180814,0,0,0,83.5,0,4500
MUTHOOTFIN-I,20180814,412.6,414.25,399.85,411.65,786,2100000
MUTHOOTFIN-II,20180814,407,412,403.5,412.9,8,21000
MUTHOOTFIN-III,20180814,0,0,0,435.05,0,1500
NATIONALUM-I,20180814,70.85,71.7,69.2,69.7,1456,47024000
NATIONALUM-II,20180814,71.5,71.95,69.6,69.9,91,6264000
NATIONALUM-III,20180814,0,0,0,70.4,0,24000
NBCC-I,20180814,71.4,72.9,71.2,72.65,898,21288000
NBCC-II,20180814,71.5,72.9,71.25,72.65,33,1662000
NBCC-III,20180814,72.7,73.1,72.7,73.1,3,42000
NCC-I,20180814,99.75,100.75,97.35,100.25,3623,48680000
NCC-II,20180814,99,101.1,97.8,100.75,68,1504000
NCC-III,20180814,99.3,100,99.3,100,8,80000
NESTLEIND-I,20180814,10835.65,10974.95,10825,10895.8,489,274200
NESTLEIND-II,20180814,10905,11023.5,10896.95,10921.8,12,3200
NESTLEIND-III,20180814,0,0,0,10825,0,100
NHPC-I,20180814,24.8,25.25,24.6,25.1,104,19818000
NHPC-II,20180814,24.5,24.9,24.5,24.9,6,3186000
NHPC-III,20180814,0,0,0,23.7,0,27000
NIITTECH-I,20180814,1299.95,1342.15,1298.6,1337,6528,1113000
NIITTECH-II,20180814,1295.95,1336,1295.95,1329.1,86,48000
NIITTECH-III,20180814,0,0,0,1272.15,0,1500
NMDC-I,20180814,104.95,105.3,102,102.55,968,27042000
NMDC-II,20180814,105.5,105.5,102.5,103.05,48,1428000
NMDC-III,20180814,105,105,105,105,1,42000
NTPC-I,20180814,157,158.4,156.7,157.3,642,35280000
NTPC-II,20180814,155.85,156.6,155.5,155.6,48,1220000
NTPC-III,20180814,155.4,155.4,155.4,155.4,1,4000
OFSS-I,20180814,4033.55,4115,4010.5,4034.8,675,99450
OFSS-II,20180814,3912.2,3912.2,3912.2,3912.2,1,2400
OFSS-III,20180814,0,0,0,3953.7,0,0
OIL-I,20180814,211.45,213.65,206.3,208.45,632,3405798
OIL-II,20180814,212.05,212.05,207.2,209.1,36,207339
OIL-III,20180814,0,0,0,212.35,0,0
ONGC-I,20180814,166.7,167.2,165,166.85,1859,39637500
ONGC-II,20180814,166.4,166.95,164.55,166.5,72,1950000
ONGC-III,20180814,166.45,167.1,166.45,167.1,2,30000
ORIENTBANK-I,20180814,77.45,79.05,76.5,78.2,1131,11994000
ORIENTBANK-II,20180814,78.75,79,77.25,78.55,38,948000
ORIENTBANK-III,20180814,78.4,78.4,78.4,78.4,1,18000
PAGEIND-I,20180814,33603.05,34100,32960.7,33340.85,5872,67325
PAGEIND-II,20180814,33589,33951.1,32958.9,33179.9,276,6550
PAGEIND-III,20180814,0,0,0,32000,0,25
PCJEWELLER-I,20180814,107.7,107.9,98.3,101.25,8270,9261000
PCJEWELLER-II,20180814,106.85,107.15,100.15,101.75,225,379500
PCJEWELLER-III,20180814,108.05,108.05,100.95,102.4,20,40500
PEL-I,20180814,2785,2861.9,2752.4,2848.15,1772,2070814
PEL-II,20180814,2770,2870,2762.35,2857.15,22,15704
PEL-III,20180814,0,0,0,3025,0,302
PETRONET-I,20180814,222.95,224.5,218.25,223.45,1413,18909000
PETRONET-II,20180814,217.65,221,215.95,220.25,97,876000
PETRONET-III,20180814,215.9,217.8,215.9,217.8,2,6000
PFC-I,20180814,82.4,84.1,82.3,83.45,1724,75930000
PFC-II,20180814,83.75,84.5,83,84.05,90,1740000
PFC-III,20180814,84.3,84.3,84.3,84.3,1,48000
PIDILITIND-I,20180814,1124.05,1127.85,1115,1118.95,683,3400000
PIDILITIND-II,20180814,1120,1123.9,1120,1123.9,5,38000
PIDILITIND-III,20180814,0,0,0,1110,0,1000
PNB-I,20180814,81.5,82.15,79.5,79.95,2180,109219000
PNB-II,20180814,82.2,82.3,79.8,80.3,31,4647500
PNB-III,20180814,82,82,81.8,81.2,4,264000
POWERGRID-I,20180814,187.15,188.75,186.75,188.15,569,43496000
POWERGRID-II,20180814,186.2,186.85,184.85,185.8,40,1044000
POWERGRID-III,20180814,187,187.1,187,187,3,12000
PTC-I,20180814,78.45,80.6,77.95,80.05,515,19288000
PTC-II,20180814,79.2,79.6,77.6,79.35,76,5832000
PTC-III,20180814,0,0,0,80.7,0,16000
PVR-I,20180814,1292,1328,1292,1319.95,3039,1218000
PVR-II,20180814,1311.55,1329.3,1311.55,1321,20,15600
PVR-III,20180814,0,0,0,1139.75,0,0
RAMCOCEM-I,20180814,658.95,673.5,652.8,669,328,904800
RAMCOCEM-II,20180814,655.5,670.1,655.5,670.1,4,16000
RAMCOCEM-III,20180814,0,0,0,734.25,0,0
RAYMOND-I,20180814,789.1,796.35,760.2,768.5,1568,5281600
RAYMOND-II,20180814,792,794.8,766.05,772.8,28,40000
RAYMOND-III,20180814,0,0,0,805,0,800
RBLBANK-I,20180814,564.15,567.85,562.35,564.95,1232,5326800
RBLBANK-II,20180814,568.5,569.8,565.5,568,29,156000
RBLBANK-III,20180814,0,0,0,575,0,1200
RCOM-I,20180814,21.25,21.7,20.55,20.75,3686,124600000
RCOM-II,20180814,21.35,21.7,20.7,20.75,65,3416000
RCOM-III,20180814,21.2,21.2,21.2,21.2,1,140000
RECLTD-I,20180814,113.6,113.6,110.6,112.9,1742,37236000
RECLTD-II,20180814,110.6,112.15,109.95,111.9,72,3960000
RECLTD-III,20180814,0,0,0,112.65,0,90000
RELCAPITAL-I,20180814,423.05,440.5,420.7,437.95,6629,9900000
RELCAPITAL-II,20180814,417,432.4,413.8,430.5,228,895500
RELCAPITAL-III,20180814,420,429,416,428,8,55500
RELIANCE-I,20180814,1197.65,1218.8,1189.05,1214.15,19539,44026000
RELIANCE-II,20180814,1200.05,1224.15,1195.1,1219.8,3175,6556000
RELIANCE-III,20180814,1203.3,1228,1201.5,1224.25,60,177000
RELINFRA-I,20180814,405.5,414.85,401.25,410.9,5403,9179300
RELINFRA-II,20180814,404.85,408.5,396.1,405.3,202,787800
RELINFRA-III,20180814,404,404,398,403.75,8,91000
REPCOHOME-I,20180814,587.5,606.7,562.55,596.4,1188,564300
REPCOHOME-II,20180814,569.6,594.35,563.7,591.7,7,8100
REPCOHOME-III,20180814,0,0,0,638.25,0,0
RPOWER-I,20180814,32.55,33.1,32.25,32.95,1152,45981000
RPOWER-II,20180814,33.2,33.25,32.5,33.2,70,3211000
RPOWER-III,20180814,33.25,33.25,33.25,33.25,1,481000
SAIL-I,20180814,77.5,78.7,76.7,77.6,4170,73044000
SAIL-II,20180814,78.7,79,77.2,78.05,83,1800000
SAIL-III,20180814,0,0,0,81.8,0,24000
SBIN-I,20180814,298.2,299.25,294.35,295.95,16024,86556000
SBIN-II,20180814,298.7,300.55,295.95,297.35,484,3465000
SBIN-III,20180814,300.6,300.6,297.4,298.5,11,267000
SHREECEM-I,20180814,17101.1,17397.45,17101.1,17339.35,261,92500
SHREECEM-II,20180814,17400,17400,17400,17400,1,1000
SHREECEM-III,20180814,0,0,0,17800.8,0,0
SIEMENS-I,20180814,1010.75,1019.85,1004.95,1010.45,534,1263500
SIEMENS-II,20180814,1017.85,1019.65,1012,1017.15,16,19500
SIEMENS-III,20180814,0,0,0,1028.5,0,2500
SOUTHBANK-I,20180814,17.9,18.1,17.85,17.95,308,140285853
SOUTHBANK-II,20180814,18.05,18.15,18.05,18.05,23,7224738
SOUTHBANK-III,20180814,18.25,18.25,18.1,18.15,3,430833
SREINFRA-I,20180814,51.55,51.8,49.6,50.25,508,17374000
SREINFRA-II,20180814,51.8,51.8,50,50.55,19,350000
SREINFRA-III,20180814,51,51,51,51,16,112000
SRF-I,20180814,1866,1948,1866,1940.3,3339,809500
SRF-II,20180814,1939.95,1945,1937.15,1945,4,26500
SRF-III,20180814,0,0,0,1675.05,0,0
SRTRANSFIN-I,20180814,1351.55,1359.3,1302.5,1325.1,3721,4209000
SRTRANSFIN-II,20180814,1354.6,1360,1310.5,1330.4,176,178200
SRTRANSFIN-III,20180814,0,0,0,1436.95,0,0
STAR-I,20180814,417.9,426,405.5,422.05,4179,5423200
STAR-II,20180814,421.1,425.7,407.1,422.7,108,142400
STAR-III,20180814,0,0,0,428.3,0,3200
SUNPHARMA-I,20180814,566.55,610.75,560.45,604.2,58753,43589700
SUNPHARMA-II,20180814,566.45,611.45,561.6,604.4,2407,1928300
SUNPHARMA-III,20180814,570.55,610.2,570.55,607.4,21,27500
SUNTV-I,20180814,762.1,777.8,751,774.55,9740,8077000
SUNTV-II,20180814,770,781,755.1,778.1,181,175000
SUNTV-III,20180814,773,783,760,783,9,10000
SUZLON-I,20180814,7.25,7.35,7.15,7.25,441,298530000
SUZLON-II,20180814,7.35,7.35,7.2,7.3,71,32355000
SUZLON-III,20180814,7.35,7.35,7.3,7.35,5,2700000
SYNDIBANK-I,20180814,39.35,39.95,38.3,38.8,996,28908000
SYNDIBANK-II,20180814,40.05,40.05,38.8,39,56,1998000
SYNDIBANK-III,20180814,39.45,39.45,39,39.1,3,81000
TATACHEM-I,20180814,673.55,681.6,647.65,676.5,7595,3288000
TATACHEM-II,20180814,677,679.2,651.9,677.6,173,87750
TATACHEM-III,20180814,0,0,0,686.25,0,0
TATACOMM-I,20180814,562.4,573.4,555.2,568.75,1314,3345600
TATACOMM-II,20180814,566.4,572.45,559.9,570.75,27,39200
TATACOMM-III,20180814,0,0,0,581.1,0,0
TATAELXSI-I,20180814,1427.45,1446.15,1413.55,1441.1,4117,2158400
TATAELXSI-II,20180814,1426.8,1452.6,1421.15,1445.95,44,95200
TATAELXSI-III,20180814,0,0,0,1461,0,1600
TATAGLOBAL-I,20180814,236,239.1,235.2,238.8,2059,15250500
TATAGLOBAL-II,20180814,238.4,240.1,236.5,240.05,21,249750
TATAGLOBAL-III,20180814,0,0,0,238,0,36000
TATAMOTORS-I,20180814,249.5,250.35,247.55,249,8338,78346500
TATAMOTORS-II,20180814,250.4,251.3,248.9,250.2,525,5500500
TATAMOTORS-III,20180814,250.25,252.5,250.25,251.5,19,220500
TATAMTRDVR-I,20180814,136.7,137.3,135.6,136.05,1026,30077600
TATAMTRDVR-II,20180814,137.5,137.95,136.15,136.75,109,991200
TATAMTRDVR-III,20180814,138.9,138.9,137.65,137.65,2,16800
TATAPOWER-I,20180814,69.5,69.75,68.85,69.1,419,50526000
TATAPOWER-II,20180814,69.85,69.9,69.4,69.4,13,927000
TATAPOWER-III,20180814,0,0,0,72.15,0,0
TATASTEEL-I,20180814,584,587.65,563.05,581.4,50578,43549806
TATASTEEL-II,20180814,586.65,590,565.8,584,1240,1280627
TATASTEEL-III,20180814,588,588,572.35,586.95,14,29708
TCS-I,20180814,1990.05,2030.5,1982.25,2011.2,11396,10587500
TCS-II,20180814,1997.45,2033.75,1988.25,2015.2,543,370000
TCS-III,20180814,1989.35,2033,1989.35,2033,10,4500
TECHM-I,20180814,665,678.1,661.4,673.95,6677,16538400
TECHM-II,20180814,668,680.8,665.4,677.15,81,631200
TECHM-III,20180814,0,0,0,643.7,0,0
TITAN-I,20180814,915.85,930.75,915.85,928.95,3508,12948000
TITAN-II,20180814,929.35,934,923.65,932.8,123,358500
TITAN-III,20180814,0,0,0,933,0,6750
TORNTPHARM-I,20180814,1709.3,1724,1701,1718.55,711,443500
TORNTPHARM-II,20180814,1714.95,1715,1714.95,1715,3,22500
TORNTPHARM-III,20180814,0,0,0,1522.1,0,0
TORNTPOWER-I,20180814,226.5,229.35,223.05,228.8,545,2394000
TORNTPOWER-II,20180814,229.65,229.65,229.65,229.65,1,33000
TORNTPOWER-III,20180814,0,0,0,242.65,0,0
TV18BRDCST-I,20180814,48.05,48.75,46.85,48.1,670,52819000
TV18BRDCST-II,20180814,48.35,48.75,47.35,48.15,28,442000
TV18BRDCST-III,20180814,47.5,48.55,47.5,48.55,2,8500
TVSMOTOR-I,20180814,517.65,524.4,515.25,521.1,2647,8278000
TVSMOTOR-II,20180814,516.1,520.7,512.25,518.95,57,243000
TVSMOTOR-III,20180814,520.1,520.1,520.1,520.1,1,12000
UBL-I,20180814,1287.2,1344,1277,1338.75,4985,1736000
UBL-II,20180814,1292,1346.15,1283.4,1342.2,75,60200
UBL-III,20180814,0,0,0,1192,0,700
UJJIVAN-I,20180814,354,355.4,344,346.75,1880,6171200
UJJIVAN-II,20180814,352.95,355.8,346.3,348.45,29,204800
UJJIVAN-III,20180814,357,357,350,350,4,9600
ULTRACEMCO-I,20180814,4180,4328.5,4180,4291.65,3024,2208600
ULTRACEMCO-II,20180814,4233.05,4345.95,4233.05,4308.45,95,31000
ULTRACEMCO-III,20180814,4283.05,4283.05,4283.05,4283.05,1,400
UNIONBANK-I,20180814,84.55,86.25,83.85,85.75,2632,33330000
UNIONBANK-II,20180814,85.35,86.35,84.5,86.3,86,954000
UNIONBANK-III,20180814,85.1,85.1,85.1,85.1,1,72000
UPL-I,20180814,633.25,633.25,601.5,613.45,5447,16372800
UPL-II,20180814,629,629,605,616.15,214,306000
UPL-III,20180814,614,619.8,614,614.55,10,14400
VEDL-I,20180814,216.25,217.95,213.3,215.45,7775,44864750
VEDL-II,20180814,218.55,218.75,214.5,216.35,254,1090250
VEDL-III,20180814,218,218,215.8,217.5,14,35000
VGUARD-I,20180814,212.5,216.4,210.6,215.9,421,2733000
VGUARD-II,20180814,210.25,215.35,210.25,215.25,10,96000
VGUARD-III,20180814,0,0,0,216,0,9000
VOLTAS-I,20180814,622.05,622.05,611,616.35,3714,5499000
VOLTAS-II,20180814,617.85,617.85,607.8,612.75,38,115000
VOLTAS-III,20180814,614.1,614.1,614.1,614.1,1,3000
WIPRO-I,20180814,283.95,287.5,281.55,285.3,1502,26714400
WIPRO-II,20180814,284.9,288.55,284.25,286.3,36,146400
WIPRO-III,20180814,0,0,0,276.4,0,0
WOCKPHARMA-I,20180814,601.75,614.45,590.3,612.5,2058,3324600
WOCKPHARMA-II,20180814,602.05,615.65,595.5,614.95,15,66600
WOCKPHARMA-III,20180814,0,0,0,580.75,0,0
YESBANK-I,20180814,370.65,384.8,369.15,383.25,13690,44714250
YESBANK-II,20180814,373.7,386.4,373.7,385,385,1452500
YESBANK-III,20180814,374.65,388,374.65,387.65,146,133000
ZEEL-I,20180814,508.7,520.6,508.7,515.85,1564,9794200
ZEEL-II,20180814,512.95,522,512.95,517.3,44,152100
ZEEL-III,20180814,0,0,0,514.7,0,1300
