BANKNIFTY-I,20171110,25447,25667.6,25330.25,25495.15,92330,2367200
BANKNIFTY-II,20171110,25474.7,25735.15,25410,25571,1576,87640
BANKNIFTY-III,20171110,25540,25750,25486,25631.5,91,8400
FTSE100-I,20171110,0,0,0,7552,0,0
FTSE100-II,20171110,0,0,0,7457,0,0
FTSE100-III,20171110,0,0,0,7652,0,0
FTSE100-IIII,20171110,0,0,0,7912,0,0
FTSE100-IIIII,20171110,0,0,0,7982,0,0
FTSE100-IIIIII,20171110,0,0,0,7867,0,0
NIFTY-I,20171110,10341.25,10379.5,10284,10334,125213,25731975
NIFTY-II,20171110,10340.1,10419.5,10325.1,10366.3,5747,1457925
NIFTY-III,20171110,10405.05,10449,10358.05,10401.05,552,122325
NIFTYCPSE-I,20171110,0,0,0,2505.1,0,0
NIFTYCPSE-II,20171110,0,0,0,2531.5,0,0
NIFTYCPSE-III,20171110,0,0,0,2752.3,0,0
NIFTYINFRA-I,20171110,0,0,0,3376.25,0,0
NIFTYINFRA-II,20171110,0,0,0,3261.55,0,0
NIFTYINFRA-III,20171110,0,0,0,3636.75,0,0
NIFTYIT-I,20171110,11260,11278,11200,11244,122,30950
NIFTYIT-II,20171110,0,0,0,10791,0,250
NIFTYIT-III,20171110,0,0,0,11057,0,0
NIFTYMID50-I,20171110,0,0,0,4782,0,0
NIFTYMID50-II,20171110,0,0,0,4732.3,0,0
NIFTYMID50-III,20171110,0,0,0,5134.25,0,0
NIFTYPSE-I,20171110,0,0,0,4196.35,0,0
NIFTYPSE-II,20171110,0,0,0,4060.8,0,0
NIFTYPSE-III,20171110,0,0,0,4478.55,0,0
ACC-I,20171110,1760,1780.9,1753.5,1762.3,2049,1422000
ACC-II,20171110,1774.35,1781.05,1767,1770,23,21600
ACC-III,20171110,0,0,0,1810.85,0,0
ADANIENT-I,20171110,154,159.3,152.6,157.1,4575,30196000
ADANIENT-II,20171110,154.6,159,153.5,157.85,57,728000
ADANIENT-III,20171110,0,0,0,133.1,0,0
ADANIPORTS-I,20171110,435.85,435.85,428.15,433.55,1805,8965000
ADANIPORTS-II,20171110,435.65,435.95,431.1,435,41,160000
ADANIPORTS-III,20171110,0,0,0,420.9,0,0
ADANIPOWER-I,20171110,34.4,35.05,33.8,34.85,1698,118720000
ADANIPOWER-II,20171110,34.1,35.1,34.1,35.1,24,2160000
ADANIPOWER-III,20171110,0,0,0,33.15,0,0
AJANTPHARM-I,20171110,1210.1,1223.2,1200.15,1213.3,492,1102000
AJANTPHARM-II,20171110,0,0,0,1218,0,12400
AJANTPHARM-III,20171110,0,0,0,1205,0,500
ALBK-I,20171110,79.25,81.75,78.3,80.5,1798,13660000
ALBK-II,20171110,79.8,82,78.75,80.9,24,620000
ALBK-III,20171110,0,0,0,85.95,0,0
AMARAJABAT-I,20171110,743.65,758.4,736.05,751.85,6147,2278800
AMARAJABAT-II,20171110,748.15,761.9,746.1,756.85,56,32400
AMARAJABAT-III,20171110,0,0,0,725,0,3500
AMBUJACEM-I,20171110,271.6,274.9,269.05,270.55,1198,9230000
AMBUJACEM-II,20171110,271.75,276.05,271.75,272.85,10,127500
AMBUJACEM-III,20171110,275,280.6,271.45,271.45,5,5000
ANDHRABANK-I,20171110,63.5,64.55,62.5,63.3,1741,22450000
ANDHRABANK-II,20171110,63.25,64.85,63.1,63.8,14,630000
ANDHRABANK-III,20171110,0,0,0,71,0,0
APOLLOHOSP-I,20171110,993.9,1014.75,992.1,997.1,1236,2285000
APOLLOHOSP-II,20171110,1005,1016,1002.6,1002.6,20,30000
APOLLOHOSP-III,20171110,0,0,0,990.1,0,1000
APOLLOTYRE-I,20171110,231.6,238.85,230.7,236.95,3167,14703000
APOLLOTYRE-II,20171110,233.05,239.75,233.05,237.85,28,228000
APOLLOTYRE-III,20171110,0,0,0,242.4,0,0
ARVIND-I,20171110,436.35,437,422.5,426.3,3271,7056000
ARVIND-II,20171110,436.45,436.45,425.2,428.8,51,200000
ARVIND-III,20171110,0,0,0,442,0,8000
ASHOKLEY-I,20171110,116.8,117,111.75,112.6,4880,62265000
ASHOKLEY-II,20171110,115.25,116.8,112.5,113.15,300,2730000
ASHOKLEY-III,20171110,116.25,116.25,113.5,113.75,9,252000
ASIANPAINT-I,20171110,1191.2,1193.75,1166.1,1181.05,3606,2987400
ASIANPAINT-II,20171110,1197.95,1197.95,1173,1185.55,56,64200
ASIANPAINT-III,20171110,0,0,0,1210.15,0,0
AUROPHARMA-I,20171110,802.95,804,731.25,742.15,27558,22168800
AUROPHARMA-II,20171110,812.85,820.9,735.5,746.65,505,266400
AUROPHARMA-III,20171110,740,740,740,740,2,2400
AXISBANK-I,20171110,536.5,551.5,534.85,547.5,19545,48679200
AXISBANK-II,20171110,538.6,554,538,548.9,532,1772400
AXISBANK-III,20171110,544.2,555,542.4,552.5,67,105600
BAJAJ-AUTO-I,20171110,3192.65,3275,3187.05,3261.55,3498,1737250
BAJAJ-AUTO-II,20171110,3213.65,3279,3213.65,3279,9,17250
BAJAJ-AUTO-III,20171110,0,0,0,3335.75,0,0
BAJAJFINSV-I,20171110,5013.85,5090,4997.7,5040,1100,794125
BAJAJFINSV-II,20171110,5061.9,5110,5061.9,5062.05,13,7375
BAJAJFINSV-III,20171110,0,0,0,5061.4,0,0
BAJFINANCE-I,20171110,1747.25,1778.25,1746.05,1753.35,3587,5806500
BAJFINANCE-II,20171110,1760,1786,1757.25,1764.25,105,96000
BAJFINANCE-III,20171110,0,0,0,1779.95,0,2500
BALKRISIND-I,20171110,1816.7,1974.7,1813.45,1936.05,1733,416000
BALKRISIND-II,20171110,1880,1962,1880,1948.4,19,11600
BALKRISIND-III,20171110,0,0,0,1656.4,0,0
BALRAMCHIN-I,20171110,162.65,167.5,162,164,683,15701000
BALRAMCHIN-II,20171110,164.75,166.6,164.15,164.15,10,339500
BALRAMCHIN-III,20171110,0,0,0,164.1,0,10500
BANKBARODA-I,20171110,166.55,174.15,164.75,170.3,14966,54222000
BANKBARODA-II,20171110,166.4,174.9,166,171.8,239,1235500
BANKBARODA-III,20171110,0,0,0,175,0,12000
BANKINDIA-I,20171110,201.8,210.6,191.1,195.45,14033,15138000
BANKINDIA-II,20171110,202.2,210,192,195.3,101,300000
BANKINDIA-III,20171110,194.8,198.3,194.8,196.55,2,6000
BATAINDIA-I,20171110,805.4,816.8,794.55,800.5,2565,1829300
BATAINDIA-II,20171110,816.8,819.2,799.75,801.45,26,72600
BATAINDIA-III,20171110,0,0,0,830,0,2200
BEL-I,20171110,185.55,186.15,181.9,182.95,982,20567250
BEL-II,20171110,185.45,186.3,183.1,183.15,7,539550
BEL-III,20171110,0,0,0,187.6,0,14850
BEML-I,20171110,1769.7,1787.95,1742,1761.3,2874,2360400
BEML-II,20171110,1775.05,1781.65,1754,1780.5,32,15300
BEML-III,20171110,0,0,0,1728.2,0,0
BERGEPAINT-I,20171110,249.95,254.4,249.95,252.05,315,1601600
BERGEPAINT-II,20171110,0,0,0,254,0,22000
BERGEPAINT-III,20171110,0,0,0,254.35,0,2200
BHARATFIN-I,20171110,993.75,999.8,981.1,986.25,1866,11803000
BHARATFIN-II,20171110,990.2,990.2,987.8,989.7,19,70000
BHARATFIN-III,20171110,0,0,0,999.2,0,2000
BHARATFORG-I,20171110,714.05,717.25,702,708.95,3200,6901200
BHARATFORG-II,20171110,714,715.7,706,709.8,50,124800
BHARATFORG-III,20171110,0,0,0,672.4,0,0
BHARTIARTL-I,20171110,504.95,512.35,499.3,504.6,10151,47040700
BHARTIARTL-II,20171110,505.65,515,502.65,507.95,85,1125400
BHARTIARTL-III,20171110,507.6,511.3,507.6,511.3,3,79900
BHEL-I,20171110,91.85,93.8,91.35,92.75,1814,42615000
BHEL-II,20171110,92.55,94.15,92.1,93.25,57,1455000
BHEL-III,20171110,93.1,93.1,93.1,93.1,2,75000
BIOCON-I,20171110,403.65,407.7,387.65,392.05,2515,9052200
BIOCON-II,20171110,401,405,388,392.2,95,545400
BIOCON-III,20171110,390,390,390,390,2,5400
BOSCHLTD-I,20171110,21114,21203.6,20281,20474.65,3004,113825
BOSCHLTD-II,20171110,20949.95,20949.95,20500,20528.45,18,700
BOSCHLTD-III,20171110,0,0,0,21366.55,0,0
BPCL-I,20171110,517.15,518.65,510,513.15,2213,11361600
BPCL-II,20171110,520.4,520.4,512,515.45,31,120600
BPCL-III,20171110,0,0,0,545,0,0
BRITANNIA-I,20171110,4806.35,4930,4758.35,4881.85,2618,819000
BRITANNIA-II,20171110,4860,4950,4854.2,4915,18,6400
BRITANNIA-III,20171110,0,0,0,4678.05,0,0
CADILAHC-I,20171110,478,482.6,464,465.95,1464,3694400
CADILAHC-II,20171110,477,477.95,468.2,468.75,55,91200
CADILAHC-III,20171110,0,0,0,491.8,0,0
CANBK-I,20171110,389,400.9,387.2,391.45,6934,8903508
CANBK-II,20171110,392,401.85,390.25,392.95,52,265224
CANBK-III,20171110,0,0,0,415,0,3200
CANFINHOME-I,20171110,460.5,471.8,460,464.1,956,4605000
CANFINHOME-II,20171110,465,473,465,466.5,9,206250
CANFINHOME-III,20171110,0,0,0,506.5,0,0
CAPF-I,20171110,707.35,728.2,706.7,712.2,1404,3661600
CAPF-II,20171110,713,724.75,711.2,715.45,12,27200
CAPF-III,20171110,0,0,0,720,0,800
CASTROLIND-I,20171110,392.75,403.75,392.75,398.2,1424,13407800
CASTROLIND-II,20171110,385.8,404.85,385.8,398.85,26,176400
CASTROLIND-III,20171110,402.8,404,402,402,5,11200
CEATLTD-I,20171110,1708.9,1757.4,1690,1746.45,6018,2269400
CEATLTD-II,20171110,1706.5,1768,1702.25,1747.75,95,28350
CEATLTD-III,20171110,0,0,0,1718,0,350
CENTURYTEX-I,20171110,1340.45,1368,1335.7,1352.35,3619,7322700
CENTURYTEX-II,20171110,1354.95,1374.1,1351.1,1358.2,18,29700
CENTURYTEX-III,20171110,0,0,0,1383.45,0,550
CESC-I,20171110,1017.6,1024.65,1006.25,1015.45,1683,4977500
CESC-II,20171110,1014,1025.35,1012.8,1022.45,31,110550
CESC-III,20171110,0,0,0,1046.7,0,0
CGPOWER-I,20171110,85.55,86.55,83.25,84.15,1181,29556000
CGPOWER-II,20171110,85.5,86.3,84,84,15,324000
CGPOWER-III,20171110,0,0,0,83.5,0,0
CHENNPETRO-I,20171110,441.6,442.4,426.35,429.2,1151,1851000
CHENNPETRO-II,20171110,440,440,429.5,430.65,21,19500
CHENNPETRO-III,20171110,0,0,0,450,0,6000
CHOLAFIN-I,20171110,1277.2,1284.85,1254.85,1277.55,409,524500
CHOLAFIN-II,20171110,0,0,0,1290.7,0,4000
CHOLAFIN-III,20171110,0,0,0,1131.5,0,0
CIPLA-I,20171110,617.85,623.9,607,611.9,2120,8269000
CIPLA-II,20171110,617,625,611.4,616.1,29,81000
CIPLA-III,20171110,0,0,0,619.55,0,1000
COALINDIA-I,20171110,277.75,281.4,274.6,279.7,3875,21209200
COALINDIA-II,20171110,279.4,281,275.65,279.8,66,763300
COALINDIA-III,20171110,278.35,278.35,274.7,278,8,301400
COLPAL-I,20171110,1044.25,1050.2,1034.05,1043.65,624,1587600
COLPAL-II,20171110,1054.45,1054.5,1044.95,1047,7,11900
COLPAL-III,20171110,0,0,0,1071.45,0,0
CONCOR-I,20171110,1340.2,1359.45,1340.2,1355,376,1209375
CONCOR-II,20171110,1359.95,1359.95,1359.95,1359.95,3,14375
CONCOR-III,20171110,0,0,0,1390,0,0
CUMMINSIND-I,20171110,876.25,885,875,877.7,400,705000
CUMMINSIND-II,20171110,872,887.45,872,880.15,3,18000
CUMMINSIND-III,20171110,0,0,0,922.2,0,0
DABUR-I,20171110,349.75,349.9,342.7,344.2,955,11475000
DABUR-II,20171110,349.75,349.75,345,346.7,10,132500
DABUR-III,20171110,0,0,0,327.95,0,0
DALMIABHA-I,20171110,2936.05,2983.85,2902,2922.8,468,506700
DALMIABHA-II,20171110,2946.2,2982.25,2928.2,2931,14,6300
DALMIABHA-III,20171110,0,0,0,2873.65,0,0
DCBBANK-I,20171110,180.6,188.45,179.75,188.05,1706,5323500
DCBBANK-II,20171110,181.5,189,181.25,189,22,202500
DCBBANK-III,20171110,0,0,0,179.55,0,4500
DHFL-I,20171110,634.05,649.2,628.85,642.05,2005,31116000
DHFL-II,20171110,649.5,650,640,641.4,298,705000
DHFL-III,20171110,0,0,0,640,0,241500
DISHTV-I,20171110,76.4,79.9,76,77.55,1765,24479000
DISHTV-II,20171110,78.5,80.05,77.25,77.9,39,602000
DISHTV-III,20171110,0,0,0,78.1,0,0
DIVISLAB-I,20171110,1062.35,1091.65,1017,1021.2,6100,3925600
DIVISLAB-II,20171110,1065,1072,1022.35,1027.15,52,84000
DIVISLAB-III,20171110,0,0,0,1040.45,0,2400
DLF-I,20171110,211.5,212.7,206.1,208.9,6949,38850000
DLF-II,20171110,212.05,213.45,207.2,209.7,142,710000
DLF-III,20171110,213.2,213.65,212,212,7,45000
DRREDDY-I,20171110,2383.95,2391.05,2349.7,2357.05,2520,4345800
DRREDDY-II,20171110,2383.95,2383.95,2362.8,2368.9,327,564600
DRREDDY-III,20171110,0,0,0,2440,0,2250
EICHERMOT-I,20171110,30973.15,30973.15,30500,30612.35,2053,179025
EICHERMOT-II,20171110,30848.15,31016.05,30702.2,30735.6,26,2400
EICHERMOT-III,20171110,0,0,0,31500,0,25
ENGINERSIN-I,20171110,189.9,194.85,187.2,189.7,2063,15183000
ENGINERSIN-II,20171110,193,195.35,188.1,190.85,22,315000
ENGINERSIN-III,20171110,0,0,0,185.55,0,7000
EQUITAS-I,20171110,139.8,143,138.55,140.7,1021,15494400
EQUITAS-II,20171110,140.05,143,140,142.35,24,313600
EQUITAS-III,20171110,0,0,0,141,0,32000
ESCORTS-I,20171110,716.05,716.05,697.5,702.5,2310,4219600
ESCORTS-II,20171110,716,717.75,701.05,705.85,47,82500
ESCORTS-III,20171110,0,0,0,737.9,0,1100
EXIDEIND-I,20171110,202.5,204.9,201,202,1380,19500000
EXIDEIND-II,20171110,203.15,205.6,202.25,202.85,16,308000
EXIDEIND-III,20171110,0,0,0,210.1,0,0
FEDERALBNK-I,20171110,115.2,116,111.85,112.8,3546,76736000
FEDERALBNK-II,20171110,115,116.65,112.6,113.45,76,2475000
FEDERALBNK-III,20171110,116.55,116.55,113.5,113.9,10,357500
FORTIS-I,20171110,138.8,139.2,134.6,135,1347,44698500
FORTIS-II,20171110,140,140,135.5,135.85,29,442800
FORTIS-III,20171110,140.6,140.6,136.75,136.75,6,52500
GAIL-I,20171110,453.15,466.1,451.75,459.15,2853,13436000
GAIL-II,20171110,461,466,459.3,459.8,48,152000
GAIL-III,20171110,0,0,0,472.75,0,0
GLENMARK-I,20171110,596.65,599,586.2,588,1700,7655900
GLENMARK-II,20171110,602.25,602.25,589.55,591.15,161,291900
GLENMARK-III,20171110,0,0,0,596,0,2700
GMRINFRA-I,20171110,17.85,18.1,17.55,17.8,983,293760000
GMRINFRA-II,20171110,17.8,18.25,17.75,18,33,9630000
GMRINFRA-III,20171110,0,0,0,18,0,270000
GODFRYPHLP-I,20171110,994.2,1059,993,1051.8,2051,677000
GODFRYPHLP-II,20171110,1052.75,1065.85,1036.45,1058.7,12,6500
GODFRYPHLP-III,20171110,0,0,0,1003.9,0,2000
GODREJCP-I,20171110,975.15,977.15,957.5,965,627,2495200
GODREJCP-II,20171110,974.5,974.5,968,968,10,13600
GODREJCP-III,20171110,0,0,0,937.8,0,0
GODREJIND-I,20171110,565.9,578,565.9,570.3,1080,3714000
GODREJIND-II,20171110,574.9,580,572,574.15,7,61500
GODREJIND-III,20171110,0,0,0,579.8,0,0
GRANULES-I,20171110,132,132,126.35,127.1,1056,20305000
GRANULES-II,20171110,131.1,131.1,127.5,127.95,27,395000
GRANULES-III,20171110,0,0,0,140.65,0,25000
GRASIM-I,20171110,1216.9,1264.4,1216.6,1252.6,1572,3321750
GRASIM-II,20171110,1246.05,1264,1243.7,1261.15,12,50250
GRASIM-III,20171110,0,0,0,1254,0,750
GSFC-I,20171110,142.15,143.8,139.6,141.25,2027,24079500
GSFC-II,20171110,142,142.95,141,141,6,274500
GSFC-III,20171110,0,0,0,142.05,0,9000
HAVELLS-I,20171110,516.15,525,500.5,503.75,4409,5682000
HAVELLS-II,20171110,519,526,503.75,505.8,64,110000
HAVELLS-III,20171110,0,0,0,491.95,0,0
HCC-I,20171110,39.05,39.4,38.1,38.6,607,29124000
HCC-II,20171110,38.75,39.4,38.7,38.7,6,540000
HCC-III,20171110,0,0,0,40.25,0,15000
HCLTECH-I,20171110,880.25,880.95,863.65,868.1,1899,9153900
HCLTECH-II,20171110,877.6,877.7,870.05,872.9,27,67200
HCLTECH-III,20171110,0,0,0,890.4,0,3500
HDFC-I,20171110,1733.55,1734.75,1706,1715,5266,10884500
HDFC-II,20171110,1743.3,1743.3,1715,1724.25,82,118500
HDFC-III,20171110,0,0,0,1719.35,0,0
HDFCBANK-I,20171110,1835.15,1842,1813,1820.15,9799,20807000
HDFCBANK-II,20171110,1839.05,1840.5,1816.35,1823.7,322,417000
HDFCBANK-III,20171110,0,0,0,1845,0,4500
HDIL-I,20171110,60.65,62.3,57.3,60.6,593,28672000
HDIL-II,20171110,61,62.4,58.75,61,22,1560000
HDIL-III,20171110,0,0,0,62,0,63000
HEROMOTOCO-I,20171110,3629.6,3642,3582.2,3622.25,2520,1781400
HEROMOTOCO-II,20171110,3628,3657.95,3600,3646.05,42,19400
HEROMOTOCO-III,20171110,0,0,0,3810.65,0,0
HEXAWARE-I,20171110,341.15,343.9,338,341.15,965,2637000
HEXAWARE-II,20171110,0,0,0,346.65,0,120000
HEXAWARE-III,20171110,0,0,0,289.05,0,0
HINDALCO-I,20171110,262.45,268.1,262.1,265,5001,43456000
HINDALCO-II,20171110,261.55,268.8,261.55,266.7,58,514500
HINDALCO-III,20171110,266,266,266,266,1,17500
HINDPETRO-I,20171110,434.9,437.55,417.25,419.15,5806,29767500
HINDPETRO-II,20171110,437.5,437.5,419.95,421.05,110,351225
HINDPETRO-III,20171110,430.1,430.1,421.65,422.75,5,14175
HINDUNILVR-I,20171110,1256.1,1299.65,1248.6,1292.75,7167,9799200
HINDUNILVR-II,20171110,1271.5,1305,1260.5,1297.35,94,93000
HINDUNILVR-III,20171110,0,0,0,1294,0,0
HINDZINC-I,20171110,313.65,318.1,312.1,314.4,1215,7609600
HINDZINC-II,20171110,0,0,0,316.7,0,169600
HINDZINC-III,20171110,0,0,0,328,0,12800
IBREALEST-I,20171110,217.7,227.35,216.8,221.7,1227,43027500
IBULHSGFIN-I,20171110,1230,1241.2,1218,1226.75,8009,11018000
IBULHSGFIN-II,20171110,1243.6,1248,1226.1,1234.3,100,82400
IBULHSGFIN-III,20171110,0,0,0,1249,0,2800
ICICIBANK-I,20171110,311.65,323.7,311.5,318.2,17613,84909000
ICICIBANK-II,20171110,313.45,324.8,313.45,319.4,320,6963000
ICICIBANK-III,20171110,315.3,321.25,315.3,321.25,5,107250
ICICIPRULI-I,20171110,382.95,382.95,374.85,379.1,665,6844500
ICICIPRULI-II,20171110,391.15,391.15,379.65,379.65,17,123500
ICICIPRULI-III,20171110,0,0,0,407.8,0,5200
ICIL-I,20171110,117.55,121.95,116.8,117.6,1618,10815000
ICIL-II,20171110,118.85,121.3,117.8,117.95,23,154000
ICIL-III,20171110,0,0,0,122.7,0,0
IDBI-I,20171110,62.5,64.3,61.8,63.9,1165,18552000
IDBI-II,20171110,62.5,64.4,62.3,64.25,52,848000
IDBI-III,20171110,64.35,64.35,64.35,64.35,1,150000
IDEA-I,20171110,97.65,99,95.75,97.55,3496,63917000
IDEA-II,20171110,96.15,99.25,96.15,98.2,40,770000
IDEA-III,20171110,0,0,0,98,0,63000
IDFC-I,20171110,60.75,63.6,60.15,62.85,2524,142652400
IDFC-II,20171110,61.35,63.75,61,63.2,31,1940400
IDFC-III,20171110,0,0,0,62.4,0,52800
IDFCBANK-I,20171110,56.5,56.8,55.6,56.15,1502,117270000
IDFCBANK-II,20171110,56.85,57.15,56,56.5,70,4185000
IDFCBANK-III,20171110,57.5,57.5,57.5,57.5,2,108000
IFCI-I,20171110,24.35,24.75,24.2,24.4,395,82610000
IFCI-II,20171110,24.6,24.65,24.4,24.4,15,2662000
IFCI-III,20171110,0,0,0,24.7,0,132000
IGL-I,20171110,310.35,323.5,307.8,319.55,2397,5227750
IGL-II,20171110,314.45,323.9,310,320.5,31,129250
IGL-III,20171110,0,0,0,316.35,0,13750
INDIACEM-I,20171110,172.9,172.9,168.2,171.3,1385,29134000
INDIACEM-II,20171110,172.8,172.8,171.1,172.05,25,472500
INDIACEM-III,20171110,0,0,0,177.4,0,24500
INDIANB-I,20171110,400.95,410.65,393,403.8,4987,4172000
INDIANB-II,20171110,400,410,395.1,406.55,53,186000
INDIANB-III,20171110,0,0,0,379.8,0,10000
INDIGO-I,20171110,1200.95,1226,1170,1184.65,1592,2258400
INDIGO-II,20171110,1217,1230.1,1191,1191,7,19800
INDIGO-III,20171110,0,0,0,1262.65,0,600
INDUSINDBK-I,20171110,1672.3,1677,1650,1654.85,6443,5929800
INDUSINDBK-II,20171110,1679.8,1679.8,1656.1,1661.6,137,136500
INDUSINDBK-III,20171110,0,0,0,1643.4,0,0
INFIBEAM-I,20171110,178.85,184.4,178.05,179.45,633,44732000
INFIBEAM-II,20171110,183.85,184,180,180.6,355,2652000
INFIBEAM-III,20171110,0,0,0,181.35,0,12000
INFRATEL-I,20171110,424.35,433.5,424.15,426.2,1791,8358900
INFRATEL-II,20171110,428.5,431.9,427.25,428.4,19,105400
INFRATEL-III,20171110,0,0,0,444.75,0,18700
INFY-I,20171110,960.8,968.35,955.75,966,7522,34784000
INFY-II,20171110,965.15,972,960.5,970.25,499,1707000
INFY-III,20171110,963.4,974.55,963.4,971.75,21,70200
IOC-I,20171110,394.5,397.65,390.6,395.2,3773,17524500
IOC-II,20171110,395.8,397.8,393,396.9,48,346500
IOC-III,20171110,0,0,0,443.45,0,0
IRB-I,20171110,232.2,232.9,226.75,228.7,1546,15475000
IRB-II,20171110,232.7,232.7,229,230.4,137,365000
IRB-III,20171110,0,0,0,244.2,0,2500
ITC-I,20171110,261.8,266,260.1,262.15,8411,74460000
ITC-II,20171110,263.05,267.25,261.7,263.35,218,1864800
ITC-III,20171110,264.6,268.4,264.1,264.9,26,158400
JETAIRWAYS-I,20171110,666.35,698.75,656.4,688.65,3564,6844800
JETAIRWAYS-II,20171110,673.55,696.95,673.55,680,11,178800
JETAIRWAYS-III,20171110,0,0,0,605.25,0,0
JINDALSTEL-I,20171110,167.05,168.7,160.35,166.55,5485,29763000
JINDALSTEL-II,20171110,165.9,169.3,162,166.8,73,324000
JINDALSTEL-III,20171110,163.85,168.85,163.85,167,4,54000
JISLJALEQS-I,20171110,103.9,103.9,95.2,96.05,1082,46935000
JISLJALEQS-II,20171110,103,103,95,96.55,21,1134000
JISLJALEQS-III,20171110,0,0,0,104,0,18000
JPASSOCIAT-I,20171110,17,18.65,16.95,18.5,2843,193766000
JPASSOCIAT-II,20171110,17.25,18.75,17.2,18.7,97,5814000
JPASSOCIAT-III,20171110,0,0,0,17.2,0,136000
JSWENERGY-I,20171110,82.15,84.3,80.9,83.4,607,66988500
JSWENERGY-II,20171110,82.5,82.5,82.5,83.9,5,2363000
JSWENERGY-III,20171110,0,0,0,85.05,0,0
JSWSTEEL-I,20171110,264.1,276.35,261.4,272.4,4499,51126000
JSWSTEEL-II,20171110,264.55,277.05,263.1,274.35,53,255000
JSWSTEEL-III,20171110,277.25,277.25,277.25,277.25,1,3000
JUBLFOOD-I,20171110,1671.3,1682,1644.95,1664.05,2859,1475000
JUBLFOOD-II,20171110,1668,1681,1650.2,1654,37,51000
JUBLFOOD-III,20171110,0,0,0,1612.55,0,2500
JUSTDIAL-I,20171110,483.3,549.35,467.2,494.6,39344,3982800
JUSTDIAL-II,20171110,489.65,550,471.45,494.15,748,286800
JUSTDIAL-III,20171110,494.9,494.9,494.9,494.9,1,1400
KAJARIACER-I,20171110,727,743.7,700,712.8,2574,1338400
KAJARIACER-II,20171110,727,737.75,706.65,718,13,15200
KAJARIACER-III,20171110,0,0,0,704.2,0,0
KOTAKBANK-I,20171110,1015.9,1015.9,991.2,994.25,4841,9557600
KOTAKBANK-II,20171110,1012.85,1014.2,996,998.25,98,215200
KOTAKBANK-III,20171110,1005.05,1005.05,1005,1005,3,4000
KPIT-I,20171110,161.4,163.9,159.5,161.45,906,11648000
KPIT-II,20171110,162.95,163,160.5,160.5,3,80000
KPIT-III,20171110,0,0,0,139.6,0,0
KSCL-I,20171110,537.5,538.55,516.55,535.2,940,4536000
KSCL-II,20171110,536.8,536.8,533,533,6,45000
KSCL-III,20171110,0,0,0,585.9,0,0
KTKBANK-I,20171110,155.5,158.1,154.15,155.55,1771,23753800
KTKBANK-II,20171110,156.1,158.15,154.8,156.05,16,456000
KTKBANK-III,20171110,0,0,0,158.45,0,0
L&TFH-I,20171110,188.45,191.65,186.4,188.2,2854,33394500
L&TFH-II,20171110,188,192.5,187.45,189.3,81,1314000
L&TFH-III,20171110,188.85,191,188.85,191,2,22500
LICHSGFIN-I,20171110,586.85,597,581.4,589.4,3982,14843400
LICHSGFIN-II,20171110,588,599.9,586.25,593.95,54,246400
LICHSGFIN-III,20171110,598.75,598.75,598.75,598.75,1,2200
LT-I,20171110,1224,1281,1221,1266.4,16820,11634750
LT-II,20171110,1228.9,1287.35,1228.9,1272.6,412,318000
LT-III,20171110,0,0,0,1240,0,3750
LUPIN-I,20171110,833.45,850,833.4,837.65,8992,11316400
LUPIN-II,20171110,840.55,854,838.85,841.6,369,636400
LUPIN-III,20171110,850.45,856.8,845.1,846,15,90000
M&M-I,20171110,1364.75,1417.95,1352.3,1398.7,13898,4580000
M&M-II,20171110,1366.6,1422.55,1361.85,1403.05,219,85500
M&M-III,20171110,0,0,0,1394.85,0,0
M&MFIN-I,20171110,423.2,423.4,414.1,417.65,1661,8782500
M&MFIN-II,20171110,421.55,422.55,417.45,418.25,37,61250
M&MFIN-III,20171110,0,0,0,423.3,0,0
MANAPPURAM-I,20171110,97.8,100.35,97.25,98.4,1526,36816000
MANAPPURAM-II,20171110,99,100.4,98.3,99.15,14,462000
MANAPPURAM-III,20171110,0,0,0,95,0,42000
MARICO-I,20171110,313,313.85,310.9,312.05,334,5787600
MARICO-II,20171110,313.2,313.2,313.2,313.2,1,39000
MARICO-III,20171110,0,0,0,318.45,0,0
MARUTI-I,20171110,8224.95,8265,8132.75,8192.95,8176,1743675
MARUTI-II,20171110,8252,8303,8179.35,8235.9,178,30375
MARUTI-III,20171110,8315.45,8334.5,8212.25,8239.55,28,6825
MCDOWELL-N-I,20171110,3128.8,3134.05,3027.5,3046.25,2615,2061250
MCDOWELL-N-II,20171110,3080.1,3080.1,3080.1,3080.1,1,18750
MCDOWELL-N-III,20171110,0,0,0,3125,0,3250
MCX-I,20171110,983.05,983.65,958.25,971.65,693,2205000
MCX-II,20171110,980,984,968,976.85,62,43500
MCX-III,20171110,0,0,0,1069.75,0,0
MFSL-I,20171110,556.3,567.5,551.4,557.6,869,4533000
MFSL-II,20171110,562.35,562.35,560,560,4,16000
MFSL-III,20171110,566.1,566.1,566.1,566.1,1,1000
MGL-I,20171110,1158.8,1158.8,1126,1133.1,970,990600
MGL-II,20171110,1155,1155,1140,1140,7,15000
MGL-III,20171110,0,0,0,1182.6,0,600
MINDTREE-I,20171110,493.85,504.9,490.6,495.25,796,2961600
MINDTREE-II,20171110,494.95,505.7,494.9,503.1,11,16800
MINDTREE-III,20171110,0,0,0,511.25,0,2400
MOTHERSUMI-I,20171110,357.3,370.5,352.1,357.55,5375,12183750
MOTHERSUMI-II,20171110,362.7,370.5,355,359.3,55,191250
MOTHERSUMI-III,20171110,360,360,360,360,3,1600
MRF-I,20171110,65622.3,68150.05,64002.35,67803.65,5751,59910
MRF-II,20171110,65173.8,68400,64500,67992.4,60,885
MRF-III,20171110,0,0,0,66766,0,15
MRPL-I,20171110,127.15,128.75,126.5,127.05,390,12501000
MRPL-II,20171110,128.85,128.85,128.85,128.85,2,148500
MRPL-III,20171110,0,0,0,136.55,0,0
MUTHOOTFIN-I,20171110,491.35,491.35,480.75,484.95,877,2028000
MUTHOOTFIN-II,20171110,485,487,485,487,4,37500
MUTHOOTFIN-III,20171110,0,0,0,494.2,0,0
NATIONALUM-I,20171110,88.9,88.9,86.55,87.5,1011,28672000
NATIONALUM-II,20171110,88.05,89.1,88,88,6,424000
NATIONALUM-III,20171110,88.5,88.5,88.5,88.5,1,24000
NBCC-I,20171110,275.7,282.5,273.35,275.7,945,4932000
NBCC-II,20171110,275.1,282.95,275.1,277.1,17,120000
NBCC-III,20171110,0,0,0,280,0,6000
NCC-I,20171110,102.6,104.5,101.45,103.55,1076,24456000
NCC-II,20171110,104.4,104.55,103.75,104.55,8,376000
NCC-III,20171110,0,0,0,109.7,0,8000
NESTLEIND-I,20171110,7850.25,7905,7684.95,7807.35,896,157200
NESTLEIND-II,20171110,7773.45,7773.45,7729,7729,5,1600
NESTLEIND-III,20171110,0,0,0,7740,0,200
NHPC-I,20171110,28.1,28.45,27.9,28.05,364,44091000
NHPC-II,20171110,28.45,28.45,28.25,28.2,33,1377000
NHPC-III,20171110,0,0,0,28,0,297000
NIITTECH-I,20171110,658.6,658.6,624.7,628.3,520,895500
NIITTECH-II,20171110,0,0,0,670.8,0,3000
NIITTECH-III,20171110,0,0,0,618.8,0,0
NMDC-I,20171110,125.8,128.3,124.7,126.65,1218,30864000
NMDC-II,20171110,125.35,128.75,125.35,127,14,576000
NMDC-III,20171110,0,0,0,128.45,0,6000
NTPC-I,20171110,178.55,178.7,176.1,177.15,1337,26716000
NTPC-II,20171110,178.7,178.8,177,177.75,138,468000
NTPC-III,20171110,0,0,0,187.6,0,0
OFSS-I,20171110,3659.85,3817,3510.3,3669.45,972,82200
OFSS-II,20171110,0,0,0,3855.3,0,150
OFSS-III,20171110,0,0,0,3574.35,0,0
OIL-I,20171110,364.15,373,358.3,360.75,672,2909544
OIL-II,20171110,370.35,370.35,360,360.55,9,74778
OIL-III,20171110,360.55,360.55,360.55,360.55,1,2266
ONGC-I,20171110,190.55,193.5,189.1,191.45,3407,40248750
ONGC-II,20171110,191.1,194.4,190.8,192.85,50,1376250
ONGC-III,20171110,0,0,0,192,0,37500
ORIENTBANK-I,20171110,129.2,133.25,128.2,130.1,2781,15096000
ORIENTBANK-II,20171110,130.55,133.5,129.5,130.4,33,582000
ORIENTBANK-III,20171110,0,0,0,132,0,30000
PAGEIND-I,20171110,22200,22589.95,21800.05,22143.45,667,36250
PAGEIND-II,20171110,22163.5,22163.5,22163.5,22163.5,1,1150
PAGEIND-III,20171110,0,0,0,20227.05,0,0
PCJEWELLER-I,20171110,354.05,384,353.5,379.7,6520,13144500
PCJEWELLER-II,20171110,360,383,355,380.1,70,214500
PCJEWELLER-III,20171110,381,381,381,381,3,7500
PEL-I,20171110,2632.45,2693,2632.45,2650.4,787,1643700
PEL-II,20171110,2663.4,2689.55,2662,2663.2,24,20400
PEL-III,20171110,0,0,0,2671.6,0,0
PETRONET-I,20171110,270,270,262.55,264.55,2610,13830000
PETRONET-II,20171110,268.5,268.5,264.05,265.65,25,207000
PETRONET-III,20171110,0,0,0,270.75,0,21000
PFC-I,20171110,130.8,132.1,126.3,127.4,3610,50292000
PFC-II,20171110,132.4,132.4,127,127.85,80,1392000
PFC-III,20171110,131.4,131.6,128.55,128.55,7,114000
PIDILITIND-I,20171110,818,827,803,822.35,1770,1434000
PIDILITIND-II,20171110,820,827,815.5,825.15,17,28000
PIDILITIND-III,20171110,0,0,0,800.8,0,0
PNB-I,20171110,191.75,197.35,188.05,191.15,14325,35847000
PNB-II,20171110,191,197.15,188.2,191.2,246,962500
PNB-III,20171110,0,0,0,217,0,0
POWERGRID-I,20171110,208.1,211.5,207.05,210.9,1898,22648000
POWERGRID-II,20171110,208.1,212.35,208.1,212.1,21,320000
POWERGRID-III,20171110,210.95,211,210.95,211,2,28000
PTC-I,20171110,122.7,123.35,119.05,120.45,1139,20760000
PTC-II,20171110,123,123,120.2,120.2,12,328000
PTC-III,20171110,0,0,0,120.95,0,0
PVR-I,20171110,1380,1408,1372.85,1401.9,414,523200
PVR-II,20171110,1397.95,1410,1397.95,1410,9,7200
PVR-III,20171110,1410,1410,1410,1410,1,800
RAMCOCEM-I,20171110,706.05,706.3,696.3,701.15,256,667200
RAMCOCEM-II,20171110,709.45,709.45,709.45,709.45,1,8800
RAMCOCEM-III,20171110,0,0,0,734.65,0,0
RAYMOND-I,20171110,966.15,966.15,946,952.9,1648,4245600
RAYMOND-II,20171110,960,969.7,954.8,957.5,11,35200
RAYMOND-III,20171110,0,0,0,978.9,0,1600
RBLBANK-I,20171110,513,517.8,509.25,512,872,5777000
RBLBANK-II,20171110,514.95,519.75,512.6,514.85,37,246000
RBLBANK-III,20171110,0,0,0,520,0,8000
RCOM-I,20171110,15,15.05,13.85,14,1040,110194000
RCOM-II,20171110,15,15,14.05,14.15,46,4550000
RCOM-III,20171110,0,0,0,17.35,0,532000
RECLTD-I,20171110,162.9,164.7,160.6,161.65,2092,35478000
RECLTD-II,20171110,163.45,164.15,161,162,126,1740000
RECLTD-III,20171110,0,0,0,169.85,0,36000
RELCAPITAL-I,20171110,497.4,502.65,486.25,492.85,9728,12643500
RELCAPITAL-II,20171110,495,504.65,490,495.3,261,330000
RELCAPITAL-III,20171110,0,0,0,525,0,3000
RELIANCE-I,20171110,904.75,904.75,884,887.25,11919,45780000
RELIANCE-II,20171110,907,907,889,892.05,615,1001000
RELIANCE-III,20171110,903,905.4,894,894.3,46,143000
RELINFRA-I,20171110,467.25,469.95,460,466.25,3494,10450700
RELINFRA-II,20171110,470,471.2,465,469.3,63,310700
RELINFRA-III,20171110,0,0,0,498.65,0,0
REPCOHOME-I,20171110,570,594.9,565.5,591.1,330,871500
REPCOHOME-II,20171110,592.95,592.95,590,590,2,20300
REPCOHOME-III,20171110,0,0,0,627.85,0,0
RNAVAL-I,20171110,50.25,50.8,50.05,50.25,75,14058000
RNAVAL-II,20171110,50.5,50.5,50.5,50.5,1,270000
RNAVAL-III,20171110,0,0,0,53.25,0,0
RPOWER-I,20171110,39.3,39.8,39.15,39.55,635,63996000
RPOWER-II,20171110,39.4,40.05,39.4,39.85,30,2916000
RPOWER-III,20171110,40.3,40.3,40.05,40.05,7,195000
SAIL-I,20171110,80.7,84,78.2,81.7,6867,67572000
SAIL-II,20171110,80.45,84,78.7,81.8,100,3240000
SAIL-III,20171110,79.5,83.5,79.5,81.5,5,60000
SBIN-I,20171110,315.6,339.25,310.6,333.95,77174,67650000
SBIN-II,20171110,316.2,340.5,312.4,335.65,1398,3045000
SBIN-III,20171110,320,340.75,318.1,337.5,36,147000
SHREECEM-I,20171110,18250,18450,18052.5,18122.6,106,34250
SHREECEM-II,20171110,0,0,0,19400,0,250
SHREECEM-III,20171110,0,0,0,19463.85,0,0
SIEMENS-I,20171110,1217.1,1243,1205.6,1226.7,841,988500
SIEMENS-II,20171110,1234.5,1234.5,1224.9,1227.65,112,38500
SIEMENS-III,20171110,0,0,0,1277.3,0,0
SOUTHBANK-I,20171110,30.7,31.3,30.6,30.9,987,175514736
SOUTHBANK-II,20171110,30.9,31.45,30.8,31.15,53,4010061
SOUTHBANK-III,20171110,31.55,31.55,31.55,31.55,1,165705
SREINFRA-I,20171110,105.25,107.75,103.65,104.4,514,11505000
SREINFRA-II,20171110,0,0,0,104,0,135000
SREINFRA-III,20171110,0,0,0,119.15,0,0
SRF-I,20171110,1589.8,1746.2,1563.55,1738.1,5562,954500
SRF-II,20171110,1590.05,1750,1578.05,1747.3,22,12000
SRF-III,20171110,0,0,0,1668.6,0,0
SRTRANSFIN-I,20171110,1264.3,1279.8,1251.65,1263.15,1345,3079200
SRTRANSFIN-II,20171110,1259.45,1279,1259.45,1272.1,12,53400
SRTRANSFIN-III,20171110,0,0,0,1136.65,0,0
STAR-I,20171110,798.3,806,782.15,800.55,2780,5347000
STAR-II,20171110,800,810,788,804.25,39,86000
STAR-III,20171110,0,0,0,808,0,3600
SUNPHARMA-I,20171110,538,538,525.9,529.4,7090,44217600
SUNPHARMA-II,20171110,539,540.1,529.1,532.15,279,712800
SUNPHARMA-III,20171110,539.95,540,530.55,531.15,17,40700
SUNTV-I,20171110,881.55,889,866.65,874.75,4531,5423000
SUNTV-II,20171110,884.35,892,871.5,880.15,38,76000
SUNTV-III,20171110,0,0,0,885.95,0,3000
SUZLON-I,20171110,15.5,15.75,15.4,15.6,1966,430830000
SUZLON-II,20171110,15.6,15.8,15.55,15.7,499,24120000
SUZLON-III,20171110,15.9,16,15.7,15.85,24,2765000
SYNDIBANK-I,20171110,87,90.9,85.5,88.3,2437,18477000
SYNDIBANK-II,20171110,87.15,91,86.2,88.75,13,540000
SYNDIBANK-III,20171110,91.6,91.6,91.6,91.6,1,27000
TATACHEM-I,20171110,719,728.4,714,723.15,1713,6919500
TATACHEM-II,20171110,725,730.3,718.05,727.95,19,96000
TATACHEM-III,20171110,0,0,0,769.9,0,0
TATACOMM-I,20171110,696.9,712.4,690.15,703.85,3708,8264900
TATACOMM-II,20171110,704.3,710.95,680,707.5,19,90300
TATACOMM-III,20171110,0,0,0,705.65,0,3200
TATAELXSI-I,20171110,915.35,916.3,895.1,904.6,2103,1967200
TATAELXSI-II,20171110,916,917.3,900.4,903.5,49,48800
TATAELXSI-III,20171110,0,0,0,901,0,3200
TATAGLOBAL-I,20171110,240.85,244.6,235.1,236.95,7594,27522000
TATAGLOBAL-II,20171110,241,245.25,236.6,237.75,146,495000
TATAGLOBAL-III,20171110,0,0,0,213.15,0,0
TATAMOTORS-I,20171110,443.5,443.9,421.5,424.85,33840,68239500
TATAMOTORS-II,20171110,440.1,442,424.1,426.9,1174,3606000
TATAMOTORS-III,20171110,438.1,440,426.75,429.15,67,147000
TATAMTRDVR-I,20171110,246.85,248.8,239.8,242.3,4098,26031600
TATAMTRDVR-II,20171110,245.95,248,241.8,243.85,87,344400
TATAMTRDVR-III,20171110,0,0,0,246.65,0,10000
TATAPOWER-I,20171110,83.2,84.4,82.5,83.25,858,34407000
TATAPOWER-II,20171110,83.75,84.4,83.1,83.8,9,450000
TATAPOWER-III,20171110,0,0,0,87.55,0,54000
TATASTEEL-I,20171110,703.4,712.15,699,704.55,12205,27834000
TATASTEEL-II,20171110,706.9,715,703,709.15,172,571000
TATASTEEL-III,20171110,712.5,714,709.35,714,5,64000
TCS-I,20171110,2734.8,2734.8,2706.05,2711.4,3005,7053750
TCS-II,20171110,2739.4,2740,2720,2720,64,58750
TCS-III,20171110,0,0,0,2755,0,7000
TECHM-I,20171110,496.35,498,484.75,491.55,2605,12270500
TECHM-II,20171110,491.15,499.65,487.75,495.05,36,133100
TECHM-III,20171110,0,0,0,475,0,1200
TITAN-I,20171110,778.45,793.3,771.4,783.8,5819,7080000
TITAN-II,20171110,780.75,795.8,777.7,784.5,91,205500
TITAN-III,20171110,0,0,0,788.55,0,6000
TORNTPHARM-I,20171110,1235.05,1240,1224.4,1228.5,306,883600
TORNTPHARM-II,20171110,1243.05,1243.05,1243,1243,3,17600
TORNTPHARM-III,20171110,0,0,0,1268.05,0,0
TORNTPOWER-I,20171110,262,270.45,261.5,264.2,1281,5310000
TORNTPOWER-II,20171110,268.2,268.2,265.4,267.5,3,102000
TORNTPOWER-III,20171110,0,0,0,279.9,0,6000
TV18BRDCST-I,20171110,43.35,46.05,43.35,45.35,1917,94452000
TV18BRDCST-II,20171110,43.95,46.25,43.9,45.8,89,1649000
TV18BRDCST-III,20171110,46,46,46,46,2,17000
TVSMOTOR-I,20171110,691.65,711.85,688.05,708.4,2943,5465000
TVSMOTOR-II,20171110,691.55,708,689.75,706.9,44,101000
TVSMOTOR-III,20171110,699,706.2,699,706.2,4,13000
UBL-I,20171110,1124,1136.5,1106.55,1119.15,2021,2291100
UBL-II,20171110,1137.35,1137.35,1128,1132.5,11,25900
UBL-III,20171110,0,0,0,1158.6,0,700
UJJIVAN-I,20171110,378.9,393.25,376.5,384.85,5412,7726800
UJJIVAN-II,20171110,379.55,394.6,379.55,387.6,70,64800
UJJIVAN-III,20171110,0,0,0,327.25,0,0
ULTRACEMCO-I,20171110,4366.15,4490,4350,4461.35,2452,1330600
ULTRACEMCO-II,20171110,4423.6,4505,4423.6,4500.3,34,7800
ULTRACEMCO-III,20171110,0,0,0,4555.35,0,0
UNIONBANK-I,20171110,166.65,172.15,163.25,167.95,4051,15164000
UNIONBANK-II,20171110,166.65,172.5,164.6,168.25,13,236000
UNIONBANK-III,20171110,0,0,0,167.7,0,32000
UPL-I,20171110,752.85,752.85,733.5,737.55,2254,12768000
UPL-II,20171110,750.2,750.2,739.65,740.6,27,229200
UPL-III,20171110,0,0,0,749.45,0,2400
VEDL-I,20171110,324.15,329.3,319.7,325.15,10792,43008000
VEDL-II,20171110,323.05,330.5,321.2,326.6,119,528500
VEDL-III,20171110,324.55,329.05,324.05,327.5,6,56000
VGUARD-I,20171110,233.1,235.9,222.85,226.05,1363,2586000
VGUARD-II,20171110,229.9,236.15,224,224,18,96000
VGUARD-III,20171110,0,0,0,211,0,0
VOLTAS-I,20171110,562.2,594.8,560.9,573.45,10087,2359000
VOLTAS-II,20171110,564,596.2,562.9,575.2,140,64000
VOLTAS-III,20171110,0,0,0,542.7,0,0
WIPRO-I,20171110,303.5,303.95,299.2,302.5,1130,33758400
WIPRO-II,20171110,304.1,304.1,300.6,303.75,36,362400
WIPRO-III,20171110,0,0,0,307.15,0,0
WOCKPHARMA-I,20171110,696.45,715.05,690.65,704.35,1750,2957600
WOCKPHARMA-II,20171110,702.5,714.1,697,708.25,13,72800
WOCKPHARMA-III,20171110,717.6,717.6,717.6,717.6,1,1800
YESBANK-I,20171110,306.3,311.7,303.55,305.3,13014,64870750
YESBANK-II,20171110,308,313.2,305.8,307.05,453,2227750
YESBANK-III,20171110,312,315.25,308.65,308.95,28,259000
ZEEL-I,20171110,537.35,547.65,537.3,543.55,2037,6691100
ZEEL-II,20171110,549.8,549.8,544.95,546.1,9,76700
ZEEL-III,20171110,0,0,0,540,0,0
