BANKNIFTY-I,20171127,25774.4,25969.95,25710,25938.8,54187,2275640
BANKNIFTY-II,20171127,25861,26050,25795.35,26027.45,8386,395480
BANKNIFTY-III,20171127,25891,26110,25845.05,26086.55,115,16040
FTSE100-I,20171127,0,0,0,7457,0,0
FTSE100-II,20171127,0,0,0,7652,0,0
FTSE100-III,20171127,0,0,0,7503,0,0
FTSE100-IIII,20171127,0,0,0,7912,0,0
FTSE100-IIIII,20171127,0,0,0,7982,0,0
FTSE100-IIIIII,20171127,0,0,0,7867,0,0
NIFTY-I,20171127,10380.05,10425.5,10353,10418.5,110277,17631000
NIFTY-II,20171127,10420,10465,10393.25,10457.2,49797,8052750
NIFTY-III,20171127,10465.45,10493.05,10423.55,10487,785,235425
NIFTYCPSE-I,20171127,0,0,0,2505.1,0,0
NIFTYCPSE-II,20171127,0,0,0,2531.5,0,0
NIFTYCPSE-III,20171127,0,0,0,2752.3,0,0
NIFTYINFRA-I,20171127,0,0,0,3376.25,0,0
NIFTYINFRA-II,20171127,0,0,0,3261.55,0,0
NIFTYINFRA-III,20171127,0,0,0,3636.75,0,0
NIFTYIT-I,20171127,11290,11333,11250,11326,82,28500
NIFTYIT-II,20171127,11313,11362,11297,11362,30,1400
NIFTYIT-III,20171127,0,0,0,11057,0,0
NIFTYMID50-I,20171127,0,0,0,4782,0,0
NIFTYMID50-II,20171127,0,0,0,4732.3,0,0
NIFTYMID50-III,20171127,0,0,0,5134.25,0,0
NIFTYPSE-I,20171127,0,0,0,4196.35,0,0
NIFTYPSE-II,20171127,0,0,0,4060.8,0,0
NIFTYPSE-III,20171127,0,0,0,4478.55,0,0
ACC-I,20171127,1690.25,1701,1679.45,1696.35,2152,1291200
ACC-II,20171127,1699.3,1709.95,1687.15,1705.15,1163,494000
ACC-III,20171127,0,0,0,1810.85,0,0
ADANIENT-I,20171127,149.1,152.5,146.95,151.6,5111,23560000
ADANIENT-II,20171127,148.3,153.1,145.2,152.5,1772,7000000
ADANIENT-III,20171127,150.65,153.55,150.65,153,14,76000
ADANIPORTS-I,20171127,404.6,404.6,398.1,400.85,2429,8945000
ADANIPORTS-II,20171127,406.4,407.5,400.4,402.7,746,2005000
ADANIPORTS-III,20171127,0,0,0,420.9,0,0
ADANIPOWER-I,20171127,35.2,36.8,34.95,36.7,2559,99120000
ADANIPOWER-II,20171127,35.4,37,35.3,36.9,1378,23940000
ADANIPOWER-III,20171127,0,0,0,33.35,0,20000
AJANTPHARM-I,20171127,1331.45,1379.7,1329.95,1369.4,2632,888400
AJANTPHARM-II,20171127,1344.6,1387,1338.5,1377.1,658,170800
AJANTPHARM-III,20171127,1375,1375,1375,1375,1,1500
ALBK-I,20171127,78.15,79.15,77.5,78.85,893,12970000
ALBK-II,20171127,78.9,79.5,77.95,79.1,362,4150000
ALBK-III,20171127,0,0,0,78.9,0,20000
AMARAJABAT-I,20171127,789.7,808,786.2,797.85,2727,1567200
AMARAJABAT-II,20171127,794.25,812.3,790.35,801.85,929,496800
AMARAJABAT-III,20171127,809.9,809.9,809.9,809.9,1,4900
AMBUJACEM-I,20171127,264.7,266.35,262.55,263.35,1808,7802500
AMBUJACEM-II,20171127,265.2,267.55,263.8,264.5,953,2557500
AMBUJACEM-III,20171127,0,0,0,267,0,5000
ANDHRABANK-I,20171127,65.1,66.2,64.75,66,930,18290000
ANDHRABANK-II,20171127,65.2,66.5,65.2,66.4,489,6660000
ANDHRABANK-III,20171127,66.95,66.95,66.95,66.95,2,40000
APOLLOHOSP-I,20171127,1130.05,1136,1114.2,1132.7,1104,2702500
APOLLOHOSP-II,20171127,1127,1139,1116.6,1135.4,395,218000
APOLLOHOSP-III,20171127,1122.8,1122.8,1122.8,1122.8,1,2000
APOLLOTYRE-I,20171127,251.85,257.4,251.1,257,3414,10350000
APOLLOTYRE-II,20171127,254.85,258.5,252.75,258.25,763,2265000
APOLLOTYRE-III,20171127,260.3,260.3,256.8,259.5,3,12000
ARVIND-I,20171127,434.5,441.75,432.65,440.3,2857,4914000
ARVIND-II,20171127,434.05,443.7,434.05,442.35,845,1458000
ARVIND-III,20171127,0,0,0,442,2,16000
ASHOKLEY-I,20171127,118.4,123.85,117.85,123.55,10507,41727000
ASHOKLEY-II,20171127,119,124.4,118.75,124.1,3466,21224000
ASHOKLEY-III,20171127,120.6,124.85,120.6,124.8,32,364000
ASIANPAINT-I,20171127,1162,1163.3,1149.05,1159.3,1547,2664600
ASIANPAINT-II,20171127,1166.35,1168.15,1154.05,1164.3,565,534000
ASIANPAINT-III,20171127,0,0,0,1210.15,0,0
AUROPHARMA-I,20171127,711.35,724.8,710,721.65,7763,14557600
AUROPHARMA-II,20171127,714,729,714,725.15,3307,6452800
AUROPHARMA-III,20171127,722.95,730,722.95,729.05,10,40800
AXISBANK-I,20171127,547,562.4,541.5,560.9,26295,33111600
AXISBANK-II,20171127,550,565,544.65,563.45,12920,16974000
AXISBANK-III,20171127,555.15,567,555.15,566.65,33,201600
BAJAJ-AUTO-I,20171127,3274.45,3291.65,3255.05,3281.7,2013,1498500
BAJAJ-AUTO-II,20171127,3309,3310.6,3279.45,3296.5,1201,392000
BAJAJ-AUTO-III,20171127,3265,3265,3265,3265,1,250
BAJAJFINSV-I,20171127,5153.7,5170,5125.6,5163.95,1437,611250
BAJAJFINSV-II,20171127,5170,5195.75,5150.5,5188.85,1100,160125
BAJAJFINSV-III,20171127,0,0,0,5061.4,0,0
BAJFINANCE-I,20171127,1776.1,1787,1768.3,1779.25,4015,4767500
BAJFINANCE-II,20171127,1785.15,1795,1778,1786.85,2007,1358000
BAJFINANCE-III,20171127,0,0,0,1805,0,5000
BALKRISIND-I,20171127,2080,2125.05,2043.5,2117.65,1182,418000
BALKRISIND-II,20171127,2079.3,2134.9,2050.05,2127.85,281,150800
BALKRISIND-III,20171127,0,0,0,2109.85,0,400
BALRAMCHIN-I,20171127,164.45,168.4,162.8,167.9,1633,11756500
BALRAMCHIN-II,20171127,166.8,169,164,168.75,712,4329500
BALRAMCHIN-III,20171127,169.65,169.65,169.65,169.65,3,98000
BANKBARODA-I,20171127,175.95,176.55,174.25,175.85,6220,40138000
BANKBARODA-II,20171127,177.7,177.7,175.15,176.7,3161,15193500
BANKBARODA-III,20171127,178.25,178.25,177,177.35,4,60000
BANKINDIA-I,20171127,199.65,201.8,198,200.9,2479,13344000
BANKINDIA-II,20171127,199.1,201.8,197.9,201.35,584,3456000
BANKINDIA-III,20171127,0,0,0,200.4,1,48000
BATAINDIA-I,20171127,742.55,755.55,736.35,754.15,1718,2051500
BATAINDIA-II,20171127,746.75,758.8,742,757.35,315,462000
BATAINDIA-III,20171127,0,0,0,755.1,0,9900
BEL-I,20171127,184.1,187.25,182.4,186.3,1900,18488250
BEL-II,20171127,184.5,188.3,183.55,187.1,861,4529250
BEL-III,20171127,186.8,186.8,186.8,186.8,1,79200
BEML-I,20171127,1673.8,1705,1663.65,1695.8,3212,1734000
BEML-II,20171127,1680,1713.95,1675,1704.35,1365,777000
BEML-III,20171127,0,0,0,1696,0,300
BERGEPAINT-I,20171127,257.65,263.9,256.7,262.2,707,1339800
BERGEPAINT-II,20171127,259,265.15,258.7,263.7,289,387200
BERGEPAINT-III,20171127,0,0,0,254.35,0,2200
BHARATFIN-I,20171127,991.85,991.85,978.15,986.4,3476,7061000
BHARATFIN-II,20171127,987.25,993.65,984,991.9,1798,5249000
BHARATFIN-III,20171127,996.35,1000.15,994.4,995.85,5,10000
BHARATFORG-I,20171127,697.5,704.9,693.25,703.7,2856,5138400
BHARATFORG-II,20171127,701.3,708.05,697.15,706.85,1576,2353200
BHARATFORG-III,20171127,708.35,710,708,710,5,19200
BHARTIARTL-I,20171127,496.2,500.3,491.25,499.05,9013,31273200
BHARTIARTL-II,20171127,499.9,502.75,493.75,501.65,5418,15162300
BHARTIARTL-III,20171127,501,503.5,498.2,503.35,10,154700
BHEL-I,20171127,92,93.3,91.2,92.35,2703,36757500
BHEL-II,20171127,92.5,93.75,91.75,92.8,1847,18690000
BHEL-III,20171127,92.9,93,92.9,93,2,187500
BIOCON-I,20171127,415.6,418.85,410.45,416.25,2507,5338800
BIOCON-II,20171127,414.9,419,411.25,416.5,1162,3650400
BIOCON-III,20171127,416.7,417.75,416.7,417.4,9,41400
BOSCHLTD-I,20171127,19046.85,19064.9,18838.5,18983.9,897,100350
BOSCHLTD-II,20171127,19178.4,19181.45,18955,19082.15,671,25775
BOSCHLTD-III,20171127,0,0,0,21366.55,0,0
BPCL-I,20171127,507.5,509.45,499.5,507.2,3109,10951200
BPCL-II,20171127,505.6,508.95,499,506.5,1309,2246400
BPCL-III,20171127,501.5,509.45,500,509.45,5,75600
BRITANNIA-I,20171127,4770.85,4827,4765.65,4804.55,1089,742200
BRITANNIA-II,20171127,4789,4844.9,4784,4825.2,181,39800
BRITANNIA-III,20171127,0,0,0,4678.05,0,0
CADILAHC-I,20171127,444.4,447.95,441.75,445.1,1031,4305600
CADILAHC-II,20171127,449.85,450.05,444,447.4,555,1078400
CADILAHC-III,20171127,450,450,450,450,1,3200
CANBK-I,20171127,387.45,389.85,385.2,388.25,3441,11543412
CANBK-II,20171127,388.35,391.55,387,389.95,963,3040824
CANBK-III,20171127,390.5,391,389,390.15,14,20800
CANFINHOME-I,20171127,459.05,477.2,458.15,474.9,2024,3347500
CANFINHOME-II,20171127,465,479.5,461.25,477.85,1136,1406250
CANFINHOME-III,20171127,0,0,0,506.5,0,0
CAPF-I,20171127,704.1,708.2,697.35,700.55,1346,3080800
CAPF-II,20171127,707.1,712.35,701.1,703.8,1039,866400
CAPF-III,20171127,0,0,0,699.95,0,800
CASTROLIND-I,20171127,394.1,396.8,392.8,394.25,1536,10291400
CASTROLIND-II,20171127,395.25,398.6,394.85,396.05,1235,3631600
CASTROLIND-III,20171127,0,0,0,398.5,0,29400
CEATLTD-I,20171127,1819,1849.9,1803.55,1845.15,4512,1357300
CEATLTD-II,20171127,1815.05,1858,1813.95,1854.05,1077,354900
CEATLTD-III,20171127,0,0,0,1800,0,1050
CENTURYTEX-I,20171127,1327.5,1362,1323.05,1358.3,6327,3220800
CENTURYTEX-II,20171127,1334,1369,1334,1365.7,3824,4557850
CENTURYTEX-III,20171127,0,0,0,1383.45,0,550
CESC-I,20171127,1012.5,1026.8,1005.5,1023.65,2296,4044700
CESC-II,20171127,1015,1031.65,1011,1028.85,1509,1171500
CESC-III,20171127,0,0,0,1036.45,0,1100
CGPOWER-I,20171127,84.65,87.5,84.35,87.15,1355,20412000
CGPOWER-II,20171127,85,88,84.9,87.65,884,11400000
CGPOWER-III,20171127,0,0,0,83.5,0,0
CHENNPETRO-I,20171127,427.05,432.95,427,431,336,1846500
CHENNPETRO-II,20171127,431,435,430.55,433.3,148,427500
CHENNPETRO-III,20171127,0,0,0,450,0,6000
CHOLAFIN-I,20171127,1270.95,1285,1267.95,1272.7,271,429500
CHOLAFIN-II,20171127,1277,1287.35,1277,1279.55,63,43000
CHOLAFIN-III,20171127,0,0,0,1131.5,0,0
CIPLA-I,20171127,614.15,620.1,612.55,616.9,1520,6917000
CIPLA-II,20171127,619,623,615.7,619.6,647,1184000
CIPLA-III,20171127,0,0,0,620,0,1000
COALINDIA-I,20171127,271.05,272.35,268.7,271.7,2857,19162400
COALINDIA-II,20171127,271.5,272.9,269.4,272.4,1889,5324400
COALINDIA-III,20171127,270.65,271.55,269,271.45,44,503800
COLPAL-I,20171127,1055.1,1066,1055.1,1060.75,925,1213100
COLPAL-II,20171127,1061.8,1072,1061.8,1065.7,359,231700
COLPAL-III,20171127,0,0,0,1071.45,0,0
CONCOR-I,20171127,1334.8,1345.8,1318.65,1332.2,781,1172500
CONCOR-II,20171127,1346.4,1350,1326,1338.9,295,153750
CONCOR-III,20171127,0,0,0,1390,0,0
CUMMINSIND-I,20171127,859.5,866,859.5,863.75,395,608400
CUMMINSIND-II,20171127,864,871.95,861.25,868.1,315,267000
CUMMINSIND-III,20171127,0,0,0,922.2,0,0
DABUR-I,20171127,343.1,344.8,338.3,342.35,1437,9772500
DABUR-II,20171127,346.5,346.5,340.15,344.05,834,1852500
DABUR-III,20171127,350.6,350.6,342,342,3,2500
DALMIABHA-I,20171127,3053.05,3222,3031.2,3214.45,1958,389100
DALMIABHA-II,20171127,3068.75,3239,3050,3230,618,126900
DALMIABHA-III,20171127,0,0,0,2873.65,0,0
DCBBANK-I,20171127,185.2,192,185.1,190.4,1075,4603500
DCBBANK-II,20171127,186.5,193.8,186.15,191.45,369,1368000
DCBBANK-III,20171127,189,189,189,189,2,22500
DHFL-I,20171127,621.25,629,606.75,615.65,6922,17865000
DHFL-II,20171127,621.85,633.3,611.4,620.25,5098,12252000
DHFL-III,20171127,0,0,0,650.6,0,241500
DISHTV-I,20171127,81.55,86.25,81.55,85.9,3836,22890000
DISHTV-II,20171127,82,86.55,82,86.3,1055,6601000
DISHTV-III,20171127,83.4,84.3,83.4,84.3,3,35000
DIVISLAB-I,20171127,1042,1048.65,1033.85,1043.2,1476,3343200
DIVISLAB-II,20171127,1047.1,1052.8,1040.35,1048.2,573,524000
DIVISLAB-III,20171127,0,0,0,1030,0,5600
DLF-I,20171127,227.2,235.2,227.15,233.85,11388,29855000
DLF-II,20171127,229.05,236.25,228,234.9,3456,13415000
DLF-III,20171127,233.95,236,233.95,236,4,115000
DRREDDY-I,20171127,2303.05,2308.95,2284.1,2301.7,4900,3015600
DRREDDY-II,20171127,2309,2319.2,2295.75,2313.35,2885,1771600
DRREDDY-III,20171127,0,0,0,2351.65,0,6000
EICHERMOT-I,20171127,30843.6,31163.2,30750.35,30865.75,1710,146925
EICHERMOT-II,20171127,30923.2,31315.05,30900.1,31001.6,907,30150
EICHERMOT-III,20171127,31400,31400,31100,31100,2,100
ENGINERSIN-I,20171127,182.75,184.7,182.35,183.65,1663,13461000
ENGINERSIN-II,20171127,184,185.6,183.15,184.45,950,3486000
ENGINERSIN-III,20171127,186,186,186,186,1,45500
EQUITAS-I,20171127,145.95,147.5,145.5,146.35,1079,13785600
EQUITAS-II,20171127,146.75,148.25,146.35,147.15,770,3987200
EQUITAS-III,20171127,0,0,0,149.4,0,35200
ESCORTS-I,20171127,680.5,695.5,680.15,693.4,1696,3974300
ESCORTS-II,20171127,686.95,698.8,686,696.45,612,925100
ESCORTS-III,20171127,0,0,0,698,0,3300
EXIDEIND-I,20171127,205.5,208.2,205.1,207,1722,15852000
EXIDEIND-II,20171127,206.55,209.25,206.5,208.15,986,4012000
EXIDEIND-III,20171127,208,208,208,208,2,16000
FEDERALBNK-I,20171127,111.65,112.9,111.5,112.6,4196,65384000
FEDERALBNK-II,20171127,112.35,113.45,112.1,113.15,2834,19129000
FEDERALBNK-III,20171127,113.9,113.95,113.55,113.8,11,704000
FORTIS-I,20171127,139.05,145,136.65,142.85,7464,26889300
FORTIS-II,20171127,140,145.6,138,143.7,4519,21411000
FORTIS-III,20171127,0,0,0,140,0,98000
GAIL-I,20171127,467.8,468.9,462.15,466.7,2699,14660000
GAIL-II,20171127,467.55,468.7,463,467,1423,3040000
GAIL-III,20171127,469.55,469.55,463.6,466,8,40000
GLENMARK-I,20171127,593.9,595,590.25,592.7,2554,6248200
GLENMARK-II,20171127,597.15,597.8,593.4,595.65,2022,2081100
GLENMARK-III,20171127,620,620,599,599.1,11,11700
GMRINFRA-I,20171127,18.45,19.65,18.25,18.85,2360,240930000
GMRINFRA-II,20171127,18.5,19.75,18.4,19,1278,87165000
GMRINFRA-III,20171127,18.65,19.5,18.65,19.5,3,1080000
GODFRYPHLP-I,20171127,1010.3,1020,1006.75,1011.6,353,575500
GODFRYPHLP-II,20171127,1024.75,1025,1014.1,1016.35,125,96000
GODFRYPHLP-III,20171127,0,0,0,1045,0,2500
GODREJCP-I,20171127,963.95,968.9,939.4,949.4,1545,1823200
GODREJCP-II,20171127,968.4,974.05,943.5,953.7,536,428000
GODREJCP-III,20171127,0,0,0,937.8,0,0
GODREJIND-I,20171127,560.95,578.45,559,577.45,1971,3255000
GODREJIND-II,20171127,564.1,581.05,563.35,580.5,638,951000
GODREJIND-III,20171127,0,0,0,579.8,0,0
GRANULES-I,20171127,125.15,126,123.75,125.2,839,16025000
GRANULES-II,20171127,126.1,126.6,124.6,125.9,490,4485000
GRANULES-III,20171127,126.05,126.05,126.05,126.05,1,35000
GRASIM-I,20171127,1201.95,1203.95,1190.4,1198.3,1287,3165750
GRASIM-II,20171127,1201,1208.9,1196.6,1203.85,425,494250
GRASIM-III,20171127,0,0,0,1216,0,3750
GSFC-I,20171127,141.55,145.4,141,144.85,1714,19782000
GSFC-II,20171127,142.95,146.15,142.75,145.65,956,4234500
GSFC-III,20171127,0,0,0,141.5,0,22500
HAVELLS-I,20171127,519.15,527,512.2,522.3,3125,4032000
HAVELLS-II,20171127,526.95,529.25,515.05,524.85,573,772000
HAVELLS-III,20171127,0,0,0,521.6,0,6000
HCC-I,20171127,37.15,38.25,36.95,38.05,768,25848000
HCC-II,20171127,37.35,38.45,37.2,38.25,358,6096000
HCC-III,20171127,37.75,38.6,37.75,38.6,5,90000
HCLTECH-I,20171127,859,864.2,854.35,861.65,5028,6626200
HCLTECH-II,20171127,863.6,867.95,858.45,864.4,3635,2802100
HCLTECH-III,20171127,871.4,877.65,871.4,874.55,2,4200
HDFC-I,20171127,1712.45,1716.95,1701,1715.15,6481,8127500
HDFC-II,20171127,1719.1,1725,1710.15,1723.35,4149,3068500
HDFC-III,20171127,0,0,0,1722.3,0,34500
HDFCBANK-I,20171127,1853.95,1865.55,1847.25,1861.45,9571,15623500
HDFCBANK-II,20171127,1858,1870.75,1850.8,1866.35,6616,5378000
HDFCBANK-III,20171127,1858.45,1870,1858.45,1870,5,14500
HDIL-I,20171127,61.65,63.05,61.6,62.15,840,25176000
HDIL-II,20171127,63,63.35,62.05,62.5,289,4520000
HDIL-III,20171127,0,0,0,66,0,117000
HEROMOTOCO-I,20171127,3657.35,3678,3638.45,3671.35,2510,1238600
HEROMOTOCO-II,20171127,3675,3692.9,3656.5,3686.95,1155,252000
HEROMOTOCO-III,20171127,0,0,0,3744.9,0,200
HEXAWARE-I,20171127,323.95,327.85,321.5,324.6,1375,2826000
HEXAWARE-II,20171127,327.5,328,322.05,325.85,367,840000
HEXAWARE-III,20171127,0,0,0,289.05,0,0
HINDALCO-I,20171127,250.75,254,247.8,250.45,5442,40852000
HINDALCO-II,20171127,251.9,255,249,251.55,1599,6205500
HINDALCO-III,20171127,251.25,251.25,251,251,2,115500
HINDPETRO-I,20171127,428.7,428.7,420.3,424.95,5245,22328775
HINDPETRO-II,20171127,431.15,431.2,422.3,426.45,2722,8580600
HINDPETRO-III,20171127,423.25,427,421.85,427,7,64575
HINDUNILVR-I,20171127,1267.65,1267.75,1252.65,1263.8,4709,6774600
HINDUNILVR-II,20171127,1268.35,1271.05,1258.45,1269.35,3626,2557200
HINDUNILVR-III,20171127,1266,1266,1266,1266,1,600
HINDZINC-I,20171127,306,308.8,302.85,305.8,1073,5446400
HINDZINC-II,20171127,308.95,310.5,304.15,307.35,564,1392000
HINDZINC-III,20171127,309.85,309.85,309.85,309.85,1,22400
IBREALEST-I,20171127,208.55,221.9,207.75,221.05,8134,30907500
IBULHSGFIN-I,20171127,1167,1183.35,1164.75,1181,5197,9689200
IBULHSGFIN-II,20171127,1177.25,1188.55,1171.7,1186.8,2651,1825200
IBULHSGFIN-III,20171127,1180,1190,1180,1190,4,19200
ICICIBANK-I,20171127,317.45,319.15,314.1,317.9,10174,66220000
ICICIBANK-II,20171127,318,320.25,315.5,319.15,4609,19277500
ICICIBANK-III,20171127,320.85,321.1,317,319.6,15,187000
ICICIPRULI-I,20171127,378.85,382.2,376.5,381.5,1678,5791500
ICICIPRULI-II,20171127,380.05,384.05,378.7,383.45,1136,2124200
ICICIPRULI-III,20171127,383.95,383.95,379.75,379.75,3,11700
ICIL-I,20171127,128.8,130,125.9,127.4,1489,8428000
ICIL-II,20171127,130,130.8,126.7,128.25,809,2604000
ICIL-III,20171127,0,0,0,122.7,0,0
IDBI-I,20171127,61.4,62.45,61.25,62.35,894,21104000
IDBI-II,20171127,61.7,62.85,61.7,62.7,529,7440000
IDBI-III,20171127,0,0,0,62.25,0,160000
IDEA-I,20171127,94.5,97.1,93.2,96.3,4361,53417000
IDEA-II,20171127,94.25,97.6,94.25,96.8,1598,10528000
IDEA-III,20171127,96.65,97.9,96,97.9,11,126000
IDFC-I,20171127,61.15,63.7,60.9,63.5,4919,104979600
IDFC-II,20171127,61.4,64.1,61.4,63.85,3278,55176000
IDFC-III,20171127,63.2,64.5,63.2,64.3,3,171600
IDFCBANK-I,20171127,54.7,55.4,54.5,55.3,3920,98649000
IDFCBANK-II,20171127,54.85,55.7,54.85,55.6,3649,48870000
IDFCBANK-III,20171127,55.95,56,55.35,55.35,8,423000
IFCI-I,20171127,24.4,25.05,24.4,25,920,65736000
IFCI-II,20171127,24.7,25.2,24.55,25.15,611,24508000
IFCI-III,20171127,24.85,25.3,24.7,25.25,72,924000
IGL-I,20171127,310.8,315.5,308.35,313.1,1392,4515500
IGL-II,20171127,312.7,316.95,310.45,314.7,481,1438250
IGL-III,20171127,0,0,0,303.5,0,24750
INDIACEM-I,20171127,174.75,179.8,174,179.35,3505,22214500
INDIACEM-II,20171127,175.55,180.6,175.05,180.2,1865,6734000
INDIACEM-III,20171127,0,0,0,172.9,0,24500
INDIANB-I,20171127,405.15,418.8,405.1,414.15,2054,3652000
INDIANB-II,20171127,410.1,420,409,416.3,444,756000
INDIANB-III,20171127,420,420,420,420,1,28000
INDIGO-I,20171127,1175.3,1175.3,1164,1168.6,1161,1857000
INDIGO-II,20171127,1179,1181,1170,1173.3,738,493200
INDIGO-III,20171127,0,0,0,1199,0,1200
INDUSINDBK-I,20171127,1667.65,1667.85,1650.65,1664.55,5436,4785000
INDUSINDBK-II,20171127,1673,1675.75,1657,1671.95,2883,1645200
INDUSINDBK-III,20171127,1670,1670,1668,1668,3,2700
INFIBEAM-I,20171127,176.8,176.8,173.05,174,1288,19932000
INFIBEAM-II,20171127,175.25,175.9,174,175,1207,25612000
INFIBEAM-III,20171127,0,0,0,181.35,0,12000
INFRATEL-I,20171127,380.7,388.75,380,387.6,2356,11184300
INFRATEL-II,20171127,383.4,390.65,383,389.7,1033,1907400
INFRATEL-III,20171127,0,0,0,373.25,0,20400
INFY-I,20171127,1003.85,1004.2,993.15,997.55,19252,22268000
INFY-II,20171127,1013.25,1013.25,998.1,1002.5,13717,16130000
INFY-III,20171127,1008,1010.15,1001.25,1004.9,51,79800
IOC-I,20171127,393.85,393.9,388.65,393.45,3148,17161500
IOC-II,20171127,394.3,395.15,390.3,394.8,1574,3253500
IOC-III,20171127,394.75,395,391,394.55,15,151500
IRB-I,20171127,231.65,234.3,231,233,1899,13462500
IRB-II,20171127,233.1,235.25,232.3,234.2,1206,4222500
IRB-III,20171127,234.5,234.5,234.5,234.5,1,5000
ITC-I,20171127,260.5,260.5,257.85,259.55,8310,61092000
ITC-II,20171127,262.25,262.25,259.15,260.7,5885,22483200
ITC-III,20171127,261.8,262.3,260.5,262.2,28,427200
JETAIRWAYS-I,20171127,653.35,659.5,636.45,641.15,2973,4264800
JETAIRWAYS-II,20171127,659.45,659.45,639.6,644.6,1000,2000400
JETAIRWAYS-III,20171127,0,0,0,605.25,0,0
JINDALSTEL-I,20171127,173.2,173.85,171.5,173.15,2412,28449000
JINDALSTEL-II,20171127,173.95,174.85,172.6,174.1,1109,6894000
JINDALSTEL-III,20171127,0,0,0,176.25,0,58500
JISLJALEQS-I,20171127,113.3,118.2,112.8,116.95,2460,29700000
JISLJALEQS-II,20171127,113.65,118.4,113.65,117.55,1499,16407000
JISLJALEQS-III,20171127,0,0,0,116.25,0,36000
JPASSOCIAT-I,20171127,18.75,19.1,18.7,18.9,1074,142392000
JPASSOCIAT-II,20171127,19.1,19.1,18.95,19.05,957,35530000
JPASSOCIAT-III,20171127,0,0,0,18.75,0,272000
JSWENERGY-I,20171127,84.3,84.7,82.85,83.85,675,48739000
JSWENERGY-II,20171127,83.5,85.35,83.5,84.5,420,14849500
JSWENERGY-III,20171127,0,0,0,85.05,0,0
JSWSTEEL-I,20171127,264.2,265.8,258.8,259.45,7429,26415000
JSWSTEEL-II,20171127,265.9,266.35,260.25,260.75,5595,26439000
JSWSTEEL-III,20171127,265.55,265.55,265.55,265.55,1,6000
JUBLFOOD-I,20171127,1785.5,1814,1781,1801.45,4470,1648000
JUBLFOOD-II,20171127,1796,1817.25,1788.65,1805.4,1108,423500
JUBLFOOD-III,20171127,1803.8,1816,1803.8,1816,4,9000
JUSTDIAL-I,20171127,529.05,544.5,526.95,538.3,809,2775600
JUSTDIAL-II,20171127,531.45,542.95,530.15,541.85,63,240000
JUSTDIAL-III,20171127,0,0,0,544.4,0,9800
KAJARIACER-I,20171127,722.7,738,722.7,732.45,845,1586400
KAJARIACER-II,20171127,730.65,741,729.8,736.85,397,314400
KAJARIACER-III,20171127,0,0,0,750.95,0,800
KOTAKBANK-I,20171127,1027.6,1039.9,1024.3,1037,3020,7580800
KOTAKBANK-II,20171127,1035,1044.05,1028.5,1041.4,1524,2078400
KOTAKBANK-III,20171127,0,0,0,1035.2,0,7200
KPIT-I,20171127,174.3,177.9,173.3,177.4,1375,8920000
KPIT-II,20171127,175.4,178.65,174.3,178.25,425,1736000
KPIT-III,20171127,0,0,0,139.6,0,0
KSCL-I,20171127,554.4,559.75,550.15,552.65,604,3181500
KSCL-II,20171127,557.5,560.5,554.05,555.4,435,927000
KSCL-III,20171127,0,0,0,569,0,3000
KTKBANK-I,20171127,159.15,162.3,156.3,161.45,2223,19456000
KTKBANK-II,20171127,160,163.05,158.6,162.2,1278,4316800
KTKBANK-III,20171127,161.8,163.55,158.45,162.9,32,76000
L&TFH-I,20171127,177.35,179.9,177.35,179.25,2409,39969000
L&TFH-II,20171127,178.3,180.8,178.3,180.2,1520,17118000
L&TFH-III,20171127,180.65,181.7,180.5,181.2,12,130500
LICHSGFIN-I,20171127,597.55,601.65,592.8,597.8,3604,11511500
LICHSGFIN-II,20171127,601.5,605,597,600.6,2198,4873000
LICHSGFIN-III,20171127,604.35,604.35,600.5,600.5,4,15400
LT-I,20171127,1224.65,1234.85,1215.5,1223.35,8425,10698000
LT-II,20171127,1237.1,1237.1,1221.1,1228.8,4832,4104000
LT-III,20171127,1230.15,1230.15,1228.1,1228.1,3,31500
LUPIN-I,20171127,829.65,835.9,828.15,833.85,4667,10018000
LUPIN-II,20171127,836.9,839.95,832.45,837.8,3309,3246400
LUPIN-III,20171127,841.7,844.3,841.7,842.95,23,138600
M&M-I,20171127,1434.75,1444.8,1426.7,1434.7,2805,3843000
M&M-II,20171127,1441,1449.45,1433.25,1441.25,1662,1054000
M&M-III,20171127,1443.65,1455.55,1443.65,1451.1,3,6000
M&MFIN-I,20171127,446,447.7,438.8,443,2355,6480000
M&MFIN-II,20171127,449,449.25,441.1,445.15,1013,1177500
M&MFIN-III,20171127,0,0,0,445.5,0,1250
MANAPPURAM-I,20171127,106.8,109,106.25,107.85,3567,34860000
MANAPPURAM-II,20171127,108,109.45,106.7,108.4,1326,9354000
MANAPPURAM-III,20171127,0,0,0,108,0,84000
MARICO-I,20171127,307.9,312,306.9,311.65,863,5233800
MARICO-II,20171127,310.95,313.3,308.8,313.15,462,1261000
MARICO-III,20171127,0,0,0,304.65,0,2600
MARUTI-I,20171127,8505,8534.95,8461.05,8525.35,8234,1265850
MARUTI-II,20171127,8530,8574.5,8505,8566.3,4323,456825
MARUTI-III,20171127,8580,8624.9,8550,8602.1,25,14475
MCDOWELL-N-I,20171127,3261.45,3336.95,3261.05,3322.25,6141,1563500
MCDOWELL-N-II,20171127,3288.5,3360,3288.5,3340.2,2052,562500
MCDOWELL-N-III,20171127,3349.95,3350,3340.65,3346.3,6,4250
MCX-I,20171127,950.15,977.9,949,971.85,1806,2014000
MCX-II,20171127,957.75,982.5,954.4,976.5,878,617000
MCX-III,20171127,945,993.05,945,983.65,24,8500
MFSL-I,20171127,562.2,569,559.7,567.05,1064,3217000
MFSL-II,20171127,564.45,571.7,564.45,569.8,643,698000
MFSL-III,20171127,0,0,0,566.1,0,1000
MGL-I,20171127,1099.1,1110,1092.1,1107.15,875,1077000
MGL-II,20171127,1111.2,1115.35,1099.1,1112.85,384,336600
MGL-III,20171127,1100,1100,1100,1100,1,1800
MINDTREE-I,20171127,521,554,517.05,550.5,4532,2130000
MINDTREE-II,20171127,522.5,557,522,553.55,819,661200
MINDTREE-III,20171127,538,550,538,550,2,2400
MOTHERSUMI-I,20171127,350,364,347.1,362,3942,11722500
MOTHERSUMI-II,20171127,351.95,365.65,349.05,363.75,1057,4005000
MOTHERSUMI-III,20171127,0,0,0,360,0,1600
MRF-I,20171127,69400,70590,69211.1,70436.45,1690,48750
MRF-II,20171127,70134.85,70868.95,69900.95,70765.15,584,24930
MRF-III,20171127,0,0,0,69696,0,15
MRPL-I,20171127,126,127.35,125.05,126.85,557,11164500
MRPL-II,20171127,126.35,127.95,125.9,127.5,403,2340000
MRPL-III,20171127,0,0,0,136.55,0,0
MUTHOOTFIN-I,20171127,452.2,466.3,451.05,464.6,1352,1773000
MUTHOOTFIN-II,20171127,453.35,468.65,453,466.9,596,687000
MUTHOOTFIN-III,20171127,0,0,0,494.2,0,0
NATIONALUM-I,20171127,81.7,81.75,80.65,81.45,1158,37440000
NATIONALUM-II,20171127,82.35,82.5,81.15,81.85,732,7304000
NATIONALUM-III,20171127,81.05,81.05,81.05,81.05,1,88000
NBCC-I,20171127,265.2,267.5,263.75,264.8,838,5418000
NBCC-II,20171127,266,268.8,265.25,266,375,1524000
NBCC-III,20171127,0,0,0,270,0,9000
NCC-I,20171127,110.1,112.35,109.65,111.6,1762,17464000
NCC-II,20171127,110.15,112.85,110.15,112.15,767,7200000
NCC-III,20171127,0,0,0,113.65,0,32000
NESTLEIND-I,20171127,7524,7542.1,7446.9,7514.5,365,157600
NESTLEIND-II,20171127,7560,7573.95,7488.7,7543.35,177,28000
NESTLEIND-III,20171127,0,0,0,7740,0,200
NHPC-I,20171127,26.95,27.25,26.95,27.05,601,46764000
NHPC-II,20171127,27.15,27.4,27.1,27.2,614,17955000
NHPC-III,20171127,27.25,27.25,27.25,27.25,1,540000
NIITTECH-I,20171127,656.55,656.55,637,642.25,615,819000
NIITTECH-II,20171127,653.2,653.2,641,645.9,210,223500
NIITTECH-III,20171127,0,0,0,666.5,0,1500
NMDC-I,20171127,126.4,127.2,125.65,126.3,1209,25578000
NMDC-II,20171127,126.55,127.8,126.4,127,712,6708000
NMDC-III,20171127,127.7,127.7,127.7,127.7,1,150000
NTPC-I,20171127,180.7,186.6,179.5,186.35,4655,31552000
NTPC-II,20171127,180.5,187,179.75,186.85,1897,7424000
NTPC-III,20171127,0,0,0,184.55,0,36000
OFSS-I,20171127,3725.15,3745.15,3681.6,3691.9,211,54900
OFSS-II,20171127,3740.25,3749.95,3705,3706.3,126,20400
OFSS-III,20171127,0,0,0,3574.35,0,0
OIL-I,20171127,368.2,374.3,365.2,371.8,922,2379300
OIL-II,20171127,368.8,373.8,368.5,372.35,349,641278
OIL-III,20171127,0,0,0,364.9,0,15862
ONGC-I,20171127,181.85,184.3,181.55,183.95,4238,35220000
ONGC-II,20171127,183.5,185.1,183.15,184.75,2238,9641250
ONGC-III,20171127,184.85,185.8,184.2,185.65,151,746250
ORIENTBANK-I,20171127,130.7,132.25,129.35,132,1717,13962000
ORIENTBANK-II,20171127,131,132.75,130.05,132.65,604,4842000
ORIENTBANK-III,20171127,0,0,0,132,0,30000
PAGEIND-I,20171127,22249.95,23258.8,22249.95,23195.45,503,25300
PAGEIND-II,20171127,22550.5,23250,22460,23181.45,158,6500
PAGEIND-III,20171127,0,0,0,20227.05,0,0
PCJEWELLER-I,20171127,385.4,407.5,382.8,405.8,17298,11419500
PCJEWELLER-II,20171127,389.55,409.6,384.3,408,3556,3781500
PCJEWELLER-III,20171127,394,404.1,390.25,400,13,21000
PEL-I,20171127,2655.6,2680.2,2644,2663.55,1403,1189200
PEL-II,20171127,2670,2692.05,2648.7,2677.45,979,614700
PEL-III,20171127,0,0,0,2687.5,0,300
PETRONET-I,20171127,252.65,255.85,252.25,254.95,1657,13137000
PETRONET-II,20171127,253.5,256.5,253.25,255.55,655,2721000
PETRONET-III,20171127,0,0,0,270.75,0,21000
PFC-I,20171127,127,128.2,126.65,127.8,1984,47202000
PFC-II,20171127,127.5,128.75,127.5,128.45,1076,9132000
PFC-III,20171127,129.05,129.05,129,129.05,3,174000
PIDILITIND-I,20171127,841,850.75,830.85,836.05,629,1114000
PIDILITIND-II,20171127,848.6,854.1,835.9,840.1,192,202000
PIDILITIND-III,20171127,0,0,0,800.8,0,0
PNB-I,20171127,184.95,187.25,183.25,186.5,7261,39130000
PNB-II,20171127,184.85,188.1,184.1,187.25,2699,10766000
PNB-III,20171127,186.5,188,186.15,188,6,24000
POWERGRID-I,20171127,210,211.55,207.9,210.05,2441,21508000
POWERGRID-II,20171127,212,212,208.7,210.85,1039,3904000
POWERGRID-III,20171127,211.2,211.2,209.65,211.2,3,48000
PTC-I,20171127,121.15,121.45,119.5,120.95,860,16992000
PTC-II,20171127,121.75,122.2,120.1,121.6,492,3760000
PTC-III,20171127,0,0,0,116,0,40000
PVR-I,20171127,1305.05,1323.9,1270.05,1308.9,1277,492400
PVR-II,20171127,1304,1330,1276.95,1314.15,444,138800
PVR-III,20171127,1307,1323,1307,1323,4,2000
RAMCOCEM-I,20171127,708.9,708.9,704.1,706.2,241,575200
RAMCOCEM-II,20171127,708.55,710.5,708.1,709.75,64,76800
RAMCOCEM-III,20171127,0,0,0,734.65,0,0
RAYMOND-I,20171127,979.45,998.8,976.3,994.95,3521,3240800
RAYMOND-II,20171127,983.2,1004.05,981.6,999.95,1316,1189600
RAYMOND-III,20171127,0,0,0,978.9,0,1600
RBLBANK-I,20171127,512.1,518.55,508.7,515.3,2837,5033000
RBLBANK-II,20171127,516,520.85,511.25,517.85,1657,2382000
RBLBANK-III,20171127,518,518,518,518,1,10000
RCOM-I,20171127,13.35,13.6,13.2,13.45,1055,72954000
RCOM-II,20171127,13.4,13.65,13.35,13.6,677,23646000
RCOM-III,20171127,0,0,0,14.35,0,700000
RECLTD-I,20171127,160.3,162.8,160.3,161.65,1777,31230000
RECLTD-II,20171127,162.85,163.4,161.75,162.35,868,9294000
RECLTD-III,20171127,163.1,163.1,162.4,162.55,4,240000
RELCAPITAL-I,20171127,449.75,462.65,445.3,457.5,7050,10060500
RELCAPITAL-II,20171127,452.5,464.8,448,459.2,2865,2910750
RELCAPITAL-III,20171127,450,461,450,461,2,6750
RELIANCE-I,20171127,944,956.8,944,953.5,14767,30084000
RELIANCE-II,20171127,955,961.15,949.05,957.9,7672,12160000
RELIANCE-III,20171127,956.85,965,953.35,961.4,39,206000
RELINFRA-I,20171127,449.6,469.35,448.5,465.5,6099,7759700
RELINFRA-II,20171127,452.1,470.95,451,467.9,1637,2377700
RELINFRA-III,20171127,0,0,0,452.3,0,9100
REPCOHOME-I,20171127,628.95,631.65,619.9,624.95,336,831600
REPCOHOME-II,20171127,634.9,634.9,625.1,627.7,220,151200
REPCOHOME-III,20171127,0,0,0,627.85,0,0
RNAVAL-I,20171127,43.95,45.15,43.95,44.9,383,10125000
RNAVAL-II,20171127,44.25,45.35,44.25,45.15,242,3348000
RNAVAL-III,20171127,0,0,0,42.55,0,54000
RPOWER-I,20171127,38.35,39.5,38.2,39.3,1290,49536000
RPOWER-II,20171127,38.55,39.75,38.5,39.55,781,18636000
RPOWER-III,20171127,39,39.5,38.8,39.5,4,650000
SAIL-I,20171127,82.3,82.65,81.5,82.05,2238,62868000
SAIL-II,20171127,83,83,81.9,82.45,1230,21936000
SAIL-III,20171127,82.7,82.8,82.7,82.8,3,276000
SBIN-I,20171127,331,337.1,328.75,335.95,15694,50658000
SBIN-II,20171127,333.55,338.65,330.5,337.6,6740,24033000
SBIN-III,20171127,332,339.9,332,339,34,375000
SHREECEM-I,20171127,17101,17193,16927.05,17164.05,228,42750
SHREECEM-II,20171127,17242.5,17280,17011.05,17253.9,115,9050
SHREECEM-III,20171127,0,0,0,19463.85,0,0
SIEMENS-I,20171127,1182.85,1198.15,1178.5,1193.65,1402,897500
SIEMENS-II,20171127,1189.05,1203.8,1185.45,1197.9,647,265000
SIEMENS-III,20171127,1194.15,1194.15,1194.15,1194.15,1,1000
SOUTHBANK-I,20171127,30.45,31.55,30.45,31.5,1313,149134500
SOUTHBANK-II,20171127,31.25,31.75,31.25,31.65,874,37581894
SOUTHBANK-III,20171127,31.5,31.9,31.5,31.9,20,927948
SREINFRA-I,20171127,101.75,108.05,101.7,107.55,1407,11215000
SREINFRA-II,20171127,102.4,108.7,102.4,108.2,600,2605000
SREINFRA-III,20171127,0,0,0,100.1,0,5000
SRF-I,20171127,1850.15,1880,1844.45,1859.55,1659,815500
SRF-II,20171127,1852,1888,1852,1867.5,335,236500
SRF-III,20171127,0,0,0,1668.6,0,0
SRTRANSFIN-I,20171127,1235.55,1270,1226.05,1267.15,2096,2614800
SRTRANSFIN-II,20171127,1238.9,1276.7,1232.6,1273.05,692,384600
SRTRANSFIN-III,20171127,0,0,0,1269.4,0,1200
STAR-I,20171127,825.75,827.6,820,823.95,1884,3926500
STAR-II,20171127,830.3,831.4,824.6,828.15,1412,785000
STAR-III,20171127,834,834,834,834,1,6000
SUNPHARMA-I,20171127,543.7,554.95,540.05,552.25,15671,30496800
SUNPHARMA-II,20171127,545.05,557.55,541.1,554.8,8506,15007200
SUNPHARMA-III,20171127,552.05,560.25,550,558,17,86900
SUNTV-I,20171127,872.8,890.7,868.05,886.5,5035,3793000
SUNTV-II,20171127,880,895.1,873,890.95,1757,2985000
SUNTV-III,20171127,0,0,0,885.4,0,5000
SUZLON-I,20171127,14.25,15.1,14.2,15.05,5179,379770000
SUZLON-II,20171127,14.4,15.2,14.3,15.15,3151,112980000
SUZLON-III,20171127,14.75,15.3,14.75,15.3,32,5355000
SYNDIBANK-I,20171127,93.25,95.9,92.5,94.4,1911,15021000
SYNDIBANK-II,20171127,93.95,96.3,93,95.1,1051,8730000
SYNDIBANK-III,20171127,0,0,0,95.6,0,135000
TATACHEM-I,20171127,738.65,756.4,738.65,749.45,3071,6144000
TATACHEM-II,20171127,743.55,760,743.55,753.4,848,1597500
TATACHEM-III,20171127,759,759,759,759,1,3000
TATACOMM-I,20171127,692.35,698,688.45,692.5,2841,6288100
TATACOMM-II,20171127,696,701.6,692.4,696,2025,2062200
TATACOMM-III,20171127,0,0,0,705.65,0,3200
TATAELXSI-I,20171127,951,978.5,944.3,974.25,3770,2017600
TATAELXSI-II,20171127,952.3,983,950,978.7,651,391200
TATAELXSI-III,20171127,965,965,965,965,1,8000
TATAGLOBAL-I,20171127,277,278.7,275,278.1,3339,20448000
TATAGLOBAL-II,20171127,278,280,276.55,279.55,948,9841500
TATAGLOBAL-III,20171127,280.95,281,280.95,281,3,58500
TATAMOTORS-I,20171127,424.1,425.6,418.75,422.55,9330,56652000
TATAMOTORS-II,20171127,427.1,427.6,421.05,424.55,5146,15121500
TATAMOTORS-III,20171127,425.85,427.15,423.4,426.95,39,274500
TATAMTRDVR-I,20171127,240.05,240.05,236.85,239.25,2261,21321300
TATAMTRDVR-II,20171127,241.4,241.4,238.2,240.45,1479,5957700
TATAMTRDVR-III,20171127,240,240,239.55,239.55,2,17500
TATAPOWER-I,20171127,93.25,96.1,92.7,95.7,4044,39924000
TATAPOWER-II,20171127,94,96.55,93.15,96.1,1513,16605000
TATAPOWER-III,20171127,95.95,96,95.95,96,3,54000
TATASTEEL-I,20171127,707.7,708.4,699.3,703.05,11144,19682000
TATASTEEL-II,20171127,705.05,711,703,706.45,5001,7424000
TATASTEEL-III,20171127,711.95,712.45,710,710,10,131000
TCS-I,20171127,2693.1,2703.15,2670,2693.75,7651,5483000
TCS-II,20171127,2705.25,2710,2682.1,2705.75,5181,1636500
TCS-III,20171127,0,0,0,2704.05,0,8000
TECHM-I,20171127,494.55,501.5,491.6,499.65,3631,9230100
TECHM-II,20171127,499,504,493.5,501.5,2280,2730200
TECHM-III,20171127,0,0,0,499,0,2400
TITAN-I,20171127,836.45,840,825.75,832,6700,5670000
TITAN-II,20171127,841,841.8,830,835.65,826,1216500
TITAN-III,20171127,837,842,833.65,842,6,18000
TORNTPHARM-I,20171127,1275,1296.3,1274.1,1288.4,685,509600
TORNTPHARM-II,20171127,1279,1301.95,1279,1295.4,216,84800
TORNTPHARM-III,20171127,0,0,0,1268.05,0,0
TORNTPOWER-I,20171127,270.75,279.4,270.75,278.55,1708,5244000
TORNTPOWER-II,20171127,272,280.7,271.8,279.8,408,1212000
TORNTPOWER-III,20171127,0,0,0,273.15,0,21000
TV18BRDCST-I,20171127,50.7,56.2,50.7,55.35,8768,58344000
TV18BRDCST-II,20171127,51,56.45,51,55.65,2865,35938000
TV18BRDCST-III,20171127,0,0,0,46.3,0,17000
TVSMOTOR-I,20171127,735.25,746.5,731.5,745.7,3539,4323000
TVSMOTOR-II,20171127,734.35,746.35,731.05,744.75,1513,1982000
TVSMOTOR-III,20171127,731.25,742,731.25,742,7,18000
UBL-I,20171127,1084.05,1104.75,1084,1092.25,1288,1571500
UBL-II,20171127,1093.25,1110.4,1091.4,1098,469,278600
UBL-III,20171127,0,0,0,1110,0,700
UJJIVAN-I,20171127,411.85,413.8,407.3,410.35,2424,7204800
UJJIVAN-II,20171127,412,415.5,409.75,412.45,980,1315200
UJJIVAN-III,20171127,0,0,0,407.7,0,14400
ULTRACEMCO-I,20171127,4216.35,4283.5,4209.75,4275.05,2380,973200
ULTRACEMCO-II,20171127,4238,4301.9,4229,4293.6,1050,329000
ULTRACEMCO-III,20171127,0,0,0,4555.35,0,0
UNIONBANK-I,20171127,166.2,169,165.55,168.55,1938,11500000
UNIONBANK-II,20171127,166.7,169.85,166.65,169.35,978,4416000
UNIONBANK-III,20171127,0,0,0,168.25,1,32000
UPL-I,20171127,752.85,759.8,744.05,756.05,3899,10714800
UPL-II,20171127,747.9,763.55,747.9,759.6,1390,2163600
UPL-III,20171127,0,0,0,759,0,4800
VEDL-I,20171127,303.9,309.45,302.55,306.3,7448,38480750
VEDL-II,20171127,306,311.1,304.25,307.65,2770,8979250
VEDL-III,20171127,306,311,305,308,11,136500
VGUARD-I,20171127,237.9,240.3,236,238.65,936,3045000
VGUARD-II,20171127,239.2,241.3,237.35,239.65,215,540000
VGUARD-III,20171127,0,0,0,242,0,6000
VOLTAS-I,20171127,620.7,651.6,619,648.95,6900,3143000
VOLTAS-II,20171127,619,650.75,619,647.95,1271,831000
VOLTAS-III,20171127,632.95,650,632.95,650,12,15000
WIPRO-I,20171127,292.9,295.45,291.1,294.95,4910,20901600
WIPRO-II,20171127,293.55,296.2,292.05,295.65,4258,15012000
WIPRO-III,20171127,0,0,0,297.35,0,4800
WOCKPHARMA-I,20171127,704.35,716.2,704.35,712.95,587,2692000
WOCKPHARMA-II,20171127,718,718.35,713,717.2,219,464800
WOCKPHARMA-III,20171127,0,0,0,703,0,2700
YESBANK-I,20171127,311.4,316,309.7,315.7,13482,40789000
YESBANK-II,20171127,313,317.35,311.1,317.05,8378,21623000
YESBANK-III,20171127,314,319,314,318.8,38,378000
ZEEL-I,20171127,563.55,576.4,561.6,575,4349,6311500
ZEEL-II,20171127,566,579,564.4,577.7,1095,1313000
ZEEL-III,20171127,580,580,580,580,1,3900
