BANKNIFTY-I,20160926,19811,19849.65,19623.4,19644.9,74172,1941080
BANKNIFTY-II,20160926,19952.35,19964.55,19737.75,19757.45,14199,542440
BANKNIFTY-III,20160926,20038.9,20058.95,19836,19869,409,23760
DJIA-I,20160926,18207.5,18300,18120,18137.5,128,9090
DJIA-II,20160926,0,0,0,18915,0,0
DJIA-III,20160926,0,0,0,18835,0,0
DJIA-IIII,20160926,0,0,0,18965,0,0
DJIA-IIIII,20160926,0,0,0,19047.5,0,0
DJIA-IIIIII,20160926,0,0,0,19507.5,0,0
FTSE100-I,20160926,0,0,0,6900,0,0
FTSE100-II,20160926,0,0,0,6980,0,0
FTSE100-III,20160926,0,0,0,6570,0,0
FTSE100-IIII,20160926,0,0,0,6728,0,0
FTSE100-IIIII,20160926,0,0,0,6411,0,0
FTSE100-IIIIII,20160926,0,0,0,7152,0,0
NIFTY-I,20160926,8813.8,8821.6,8726.7,8735.15,211371,24991875
NIFTY-II,20160926,8852,8864.45,8772.2,8781.7,97158,8771325
NIFTY-III,20160926,8900,8904.2,8810,8817.4,3369,542325
NIFTYINFRA-I,20160926,0,0,0,2896.9,0,0
NIFTYINFRA-II,20160926,0,0,0,3031.6,0,0
NIFTYINFRA-III,20160926,0,0,0,2947.85,0,0
NIFTYIT-I,20160926,10381,10381,10304,10313,83,34550
NIFTYIT-II,20160926,10400,10400,10362,10365,7,350
NIFTYIT-III,20160926,0,0,0,10852,0,0
NIFTYMID50-I,20160926,0,0,0,4000,0,200
NIFTYMID50-II,20160926,0,0,0,3703.5,0,0
NIFTYMID50-III,20160926,0,0,0,3848.25,0,0
NIFTYPSE-I,20160926,0,0,0,3225.75,0,0
NIFTYPSE-II,20160926,0,0,0,3479.3,0,0
NIFTYPSE-III,20160926,0,0,0,3552.85,0,0
S&P500-I,20160926,2158.5,2159,2145,2148,348,332250
S&P500-II,20160926,0,0,0,2224.25,0,0
S&P500-III,20160926,0,0,0,2198.25,0,0
S&P500-IIII,20160926,0,0,0,2213.75,0,0
S&P500-IIIII,20160926,0,0,0,2232,0,0
S&P500-IIIIII,20160926,0,0,0,2300,0,0
ABIRLANUVO-I,20160926,1392.25,1411.45,1385,1387,2227,3235500
ABIRLANUVO-II,20160926,1406.3,1419.95,1393.25,1395,1288,879750
ABIRLANUVO-III,20160926,0,0,0,1302.8,0,0
ACC-I,20160926,1614.55,1621,1597,1610.95,2356,1150800
ACC-II,20160926,1617.3,1630.95,1607,1620.2,967,349600
ACC-III,20160926,0,0,0,1655,0,2000
ADANIENT-I,20160926,71.35,72.25,69.9,70.3,1007,16280000
ADANIENT-II,20160926,71.85,72.6,70.4,70.8,608,4328000
ADANIENT-III,20160926,0,0,0,72.7,0,32000
ADANIPORTS-I,20160926,274.1,274.85,269.3,270.35,3103,15162500
ADANIPORTS-II,20160926,275.4,276.4,270.75,271.95,1527,3320000
ADANIPORTS-III,20160926,0,0,0,279,0,5000
ADANIPOWER-I,20160926,27.8,28.05,27.45,27.55,697,91420000
ADANIPOWER-II,20160926,28,28.25,27.7,27.75,433,18700000
ADANIPOWER-III,20160926,0,0,0,28.4,0,80000
AJANTPHARM-I,20160926,2044.3,2060,2022.15,2045.1,681,388000
AJANTPHARM-II,20160926,2055,2070.4,2040,2056.8,191,83600
AJANTPHARM-III,20160926,0,0,0,2000,0,800
ALBK-I,20160926,80.85,82,80.5,80.95,1720,13980000
ALBK-II,20160926,81.2,82.2,80.9,81.2,474,2990000
ALBK-III,20160926,82.35,82.35,81.9,82.25,4,70000
AMARAJABAT-I,20160926,1018.85,1047.8,1004.8,1020.1,2020,517800
AMARAJABAT-II,20160926,1020.05,1049.3,1014.6,1021.65,359,108600
AMARAJABAT-III,20160926,0,0,0,1013.95,0,600
AMBUJACEM-I,20160926,258.1,258.2,254.1,255.75,3074,10160000
AMBUJACEM-II,20160926,258.6,259.35,255.4,257.15,1080,2270000
AMBUJACEM-III,20160926,0,0,0,265.9,0,12500
ANDHRABANK-I,20160926,60.7,61.4,59.55,59.8,1056,14430000
ANDHRABANK-II,20160926,60.8,61.75,59.95,60.15,343,3740000
ANDHRABANK-III,20160926,0,0,0,61.95,0,30000
APOLLOHOSP-I,20160926,1313.7,1345.95,1313.7,1340.65,561,423600
APOLLOHOSP-II,20160926,1333.45,1352.25,1332.35,1345.3,398,120400
APOLLOHOSP-III,20160926,0,0,0,1379.1,0,0
APOLLOTYRE-I,20160926,221,222.15,216.2,216.9,3372,10053000
APOLLOTYRE-II,20160926,221.05,223,217.3,218.05,974,2601000
APOLLOTYRE-III,20160926,222,222,219,219,2,6000
ARVIND-I,20160926,340.95,345.75,338.25,340.65,3138,4412000
ARVIND-II,20160926,342.45,347.55,340.4,342.45,725,1280000
ARVIND-III,20160926,346.2,346.2,346.2,346.2,1,8000
ASHOKLEY-I,20160926,82.7,82.9,81.6,81.85,4600,73577000
ASHOKLEY-II,20160926,83.2,83.2,82,82.25,2918,25102000
ASHOKLEY-III,20160926,83.6,83.6,82.55,82.7,37,504000
ASIANPAINT-I,20160926,1193.1,1193.1,1178.2,1184,3844,3017400
ASIANPAINT-II,20160926,1196.05,1197.5,1185,1190.55,2212,1243200
ASIANPAINT-III,20160926,0,0,0,1215,0,1800
AUROPHARMA-I,20160926,842,849.55,835.75,838.95,9503,9580200
AUROPHARMA-II,20160926,842.35,855,840.3,843.95,4587,3304700
AUROPHARMA-III,20160926,855,857.4,847.45,847.95,21,23100
AXISBANK-I,20160926,560.3,560.4,547.05,549.1,22470,29284800
AXISBANK-II,20160926,563,563.15,550.25,552.15,9133,12440400
AXISBANK-III,20160926,565,565,553.95,555.05,41,111600
BAJAJ-AUTO-I,20160926,2924.4,2927.15,2881.3,2893.6,3251,1426750
BAJAJ-AUTO-II,20160926,2938.9,2943.05,2899,2908.6,2041,441000
BAJAJ-AUTO-III,20160926,0,0,0,2989,0,750
BAJFINANCE-I,20160926,1134.8,1141.4,1118.1,1122.25,2515,4690000
BAJFINANCE-II,20160926,1138.5,1147.6,1124.05,1127.7,1155,1486250
BAJFINANCE-III,20160926,0,0,0,1145,0,3750
BANKBARODA-I,20160926,168.6,169.9,166.1,166.85,9410,33509000
BANKBARODA-II,20160926,169,170.7,165.9,167.45,4628,10052000
BANKBARODA-III,20160926,169.5,170.85,168.4,168.7,22,175000
BANKINDIA-I,20160926,118.65,120.1,117.4,118,2915,18948000
BANKINDIA-II,20160926,118,119.95,117.2,117.8,1215,8022000
BANKINDIA-III,20160926,119,120,117.5,117.75,28,444000
BATAINDIA-I,20160926,508,508,499.15,503.1,1776,3311000
BATAINDIA-II,20160926,510,510.1,501.5,505.25,938,1034000
BATAINDIA-III,20160926,0,0,0,522,0,1100
BEL-I,20160926,1245,1277.1,1242.6,1267.1,3121,1587600
BEL-II,20160926,1245,1279,1245,1271.75,974,507600
BEL-III,20160926,0,0,0,1265.3,0,900
BEML-I,20160926,914.15,928,912,918.4,1306,916500
BEML-II,20160926,924,932.95,915,923.55,463,288000
BEML-III,20160926,0,0,0,943,0,1000
BHARATFIN-I,20160926,842.3,864.9,841.15,851.65,8408,6560000
BHARATFIN-II,20160926,843.45,869.05,843.45,856.2,1685,1209000
BHARATFIN-III,20160926,870,870,858,858,4,6000
BHARATFORG-I,20160926,940.05,962.9,936.5,942.15,7176,4332600
BHARATFORG-II,20160926,939.3,964.75,938.35,944.2,3565,2448000
BHARATFORG-III,20160926,956.7,957.15,945.45,946.75,8,4200
BHARTIARTL-I,20160926,324.05,328.75,318.2,320.45,12654,19014000
BHARTIARTL-II,20160926,325.9,327.25,316.3,318.65,10808,14419500
BHARTIARTL-III,20160926,323.5,323.5,316.2,317.6,13,580500
BHEL-I,20160926,145.6,147.1,142.5,143,6871,46650000
BHEL-II,20160926,146.5,147.25,142.55,143,3348,18145000
BHEL-III,20160926,146.5,147.2,142.85,143,55,670000
BIOCON-I,20160926,950.55,978.95,950.55,970.05,3471,2944700
BIOCON-II,20160926,965.25,983.8,964.5,975.35,745,1089000
BIOCON-III,20160926,978.8,985,974.85,979.1,11,17600
BOSCHLTD-I,20160926,23199.95,23358.95,22750.05,22871.75,771,83350
BOSCHLTD-II,20160926,23504.05,23504.05,22900,23025.45,471,21700
BOSCHLTD-III,20160926,0,0,0,24185.55,0,0
BPCL-I,20160926,602.9,624,596.05,622.3,10371,10356000
BPCL-II,20160926,604.65,626.85,598.7,625.4,3984,4479600
BPCL-III,20160926,620,620,616.85,619,4,14400
BRITANNIA-I,20160926,3470,3470,3405.3,3419.95,570,1027200
BRITANNIA-II,20160926,3450,3461.75,3425,3437.65,220,38200
BRITANNIA-III,20160926,0,0,0,3480,0,1200
CADILAHC-I,20160926,396.95,400.15,392.15,394.35,880,2667200
CADILAHC-II,20160926,397.8,402,395,396.85,165,195200
CADILAHC-III,20160926,0,0,0,402,0,1600
CAIRN-I,20160926,197.2,198.4,193.6,194.95,3282,12558000
CAIRN-II,20160926,198.5,199.6,195,195.9,1787,6279000
CAIRN-III,20160926,199,199,196.6,196.6,3,17500
CANBK-I,20160926,301.8,306.7,298.4,304.65,7480,11301000
CANBK-II,20160926,300.2,304.4,297.6,302.15,1889,3834000
CANBK-III,20160926,297,301.6,297,301.6,9,78000
CASTROLIND-I,20160926,472.25,484.75,466.5,468.1,6978,10126200
CASTROLIND-II,20160926,475.85,487.65,469.65,471.1,2828,4596200
CASTROLIND-III,20160926,481.15,481.15,476.6,476.6,4,9800
CEATLTD-I,20160926,1178.2,1194.5,1169.65,1184.8,1476,1297800
CEATLTD-II,20160926,1181.4,1188.5,1155,1180.5,357,428400
CEATLTD-III,20160926,0,0,0,1180,0,1400
CENTURYTEX-I,20160926,903,932.9,903,928.5,7858,4562800
CENTURYTEX-II,20160926,913.95,938.4,911,933.9,2530,2794000
CENTURYTEX-III,20160926,0,0,0,808.55,0,1100
CESC-I,20160926,645,648.5,640,641.45,405,1313400
CESC-II,20160926,652.6,652.65,644,644.75,120,115500
CESC-III,20160926,0,0,0,669.65,0,0
CIPLA-I,20160926,610,615.85,604.25,605.45,3764,5909000
CIPLA-II,20160926,614.3,619,608.05,608.85,1994,1657000
CIPLA-III,20160926,617.85,617.85,611.25,611.25,6,10000
COALINDIA-I,20160926,328.35,333.4,328.35,332.05,3562,10473700
COALINDIA-II,20160926,330.5,335.25,330.45,334,1846,3150100
COALINDIA-III,20160926,335.45,335.45,335.35,335.35,2,13600
COLPAL-I,20160926,981.95,991,970.8,972.85,570,1868300
COLPAL-II,20160926,983.95,992.1,972.55,974.45,248,803600
COLPAL-III,20160926,0,0,0,965.7,0,0
CONCOR-I,20160926,1334.1,1360.5,1328.95,1337.25,280,490000
CONCOR-II,20160926,1346.05,1358.2,1335.6,1343.85,148,76500
CONCOR-III,20160926,0,0,0,1400.3,0,0
CROMPGREAV-I,20160926,80.3,81.8,79.6,80.2,793,14304000
CROMPGREAV-II,20160926,80.3,82.2,80.25,80.65,211,2052000
CROMPGREAV-III,20160926,0,0,0,85.65,0,0
CUMMINSIND-I,20160926,895,908,892.15,895.95,481,447600
CUMMINSIND-II,20160926,894.45,911,894.45,899.3,289,208800
CUMMINSIND-III,20160926,0,0,0,913.2,0,0
DABUR-I,20160926,282.95,284.45,280.2,281.65,782,5327500
DABUR-II,20160926,284.05,286.35,281.95,283.25,326,1005000
DABUR-III,20160926,0,0,0,297.65,0,0
DHFL-I,20160926,291.65,296,289.8,291.25,2533,12204000
DHFL-II,20160926,293.15,297.65,291.75,293.2,956,2784000
DHFL-III,20160926,293.35,298.05,293.35,293.75,12,183000
DISHTV-I,20160926,99.15,99.4,97.6,98.1,1478,24129000
DISHTV-II,20160926,99.6,99.95,98.2,98.65,662,5523000
DISHTV-III,20160926,0,0,0,100,0,7000
DIVISLAB-I,20160926,1340.15,1352.55,1330,1333.1,864,1972800
DIVISLAB-II,20160926,1346.6,1358,1337.5,1339.85,372,646800
DIVISLAB-III,20160926,0,0,0,1361.1,0,0
DLF-I,20160926,154.95,156.8,149.85,153.15,4174,32305000
DLF-II,20160926,155.2,157.7,150.6,154.1,1502,11805000
DLF-III,20160926,0,0,0,158,0,50000
DRREDDY-I,20160926,3190.55,3227,3170,3200.95,4215,1579600
DRREDDY-II,20160926,3215.5,3244.6,3190,3219.25,2016,523800
DRREDDY-III,20160926,0,0,0,3178.6,0,200
EICHERMOT-I,20160926,24610.05,25037.5,24610.05,24702.3,1850,109100
EICHERMOT-II,20160926,24787.15,25194.95,24787.15,24844.15,784,38200
EICHERMOT-III,20160926,0,0,0,25000,0,100
ENGINERSIN-I,20160926,257.25,260.45,253.45,255.8,1277,6601000
ENGINERSIN-II,20160926,259.25,261.9,255.1,257.3,442,1617000
ENGINERSIN-III,20160926,0,0,0,260,0,3500
EXIDEIND-I,20160926,192.5,195.4,192,192.55,2740,17860000
EXIDEIND-II,20160926,194.45,196.35,193.4,193.65,1075,4740000
EXIDEIND-III,20160926,0,0,0,193.5,24,100000
FEDERALBNK-I,20160926,72.8,74.2,72.65,73.1,1756,28754000
FEDERALBNK-II,20160926,73.3,74.6,73.15,73.55,609,7535000
FEDERALBNK-III,20160926,0,0,0,68,0,0
GAIL-I,20160926,385.8,387,376.55,377.85,2981,9477000
GAIL-II,20160926,388,388.65,378.9,379.9,1579,1806000
GAIL-III,20160926,385.15,385.15,381,381.25,8,9000
GLENMARK-I,20160926,940.4,957.25,924.1,926.6,2266,2301600
GLENMARK-II,20160926,948.85,962.65,930,932.1,775,410900
GLENMARK-III,20160926,0,0,0,920,0,9100
GMRINFRA-I,20160926,13.8,13.95,13.6,13.65,1349,174870000
GMRINFRA-II,20160926,14,14,13.7,13.75,1003,62595000
GMRINFRA-III,20160926,13.85,13.85,13.85,13.85,1,540000
GODREJCP-I,20160926,1589.05,1614.4,1575,1605.45,390,367200
GODREJCP-II,20160926,1584.75,1619.6,1584.75,1614.35,109,36400
GODREJCP-III,20160926,0,0,0,1556.25,0,0
GODREJIND-I,20160926,437.3,439.75,431,432.45,741,1278000
GODREJIND-II,20160926,439.15,441.35,433,434.05,204,189000
GODREJIND-III,20160926,0,0,0,431.75,0,0
GRANULES-I,20160926,121.1,122.65,120.15,121.5,563,11870000
GRANULES-II,20160926,122.65,123.4,121.1,122.3,305,2545000
GRANULES-III,20160926,124.85,124.85,124.85,124.85,1,125000
GRASIM-I,20160926,4928.05,4951,4839.95,4853.5,5673,1362300
GRASIM-II,20160926,4928.1,4980.3,4873,4885.8,4132,767250
GRASIM-III,20160926,0,0,0,4710,0,1050
HAVELLS-I,20160926,407.05,412.5,407,410.4,1283,2872000
HAVELLS-II,20160926,411.4,414.7,410,412.65,341,592000
HAVELLS-III,20160926,0,0,0,414.25,0,4000
HCLTECH-I,20160926,793,797.45,784.85,787.5,4550,6661200
HCLTECH-II,20160926,791,797.4,784.85,786.85,3314,1775900
HCLTECH-III,20160926,0,0,0,811.95,0,0
HDFC-I,20160926,1423.8,1423.95,1405.5,1413,10825,8642000
HDFC-II,20160926,1425,1425,1414.2,1421.1,7027,4325500
HDFC-III,20160926,0,0,0,1440,0,2000
HDFCBANK-I,20160926,1308.4,1312,1298,1300.45,23266,20513500
HDFCBANK-II,20160926,1321,1321.95,1308.35,1310.75,19118,13746500
HDFCBANK-III,20160926,1327.95,1328.25,1318.35,1318.45,13,113000
HDIL-I,20160926,84.3,86.25,83.15,83.6,929,23776000
HDIL-II,20160926,84.8,86.5,83.85,84.3,230,2888000
HDIL-III,20160926,0,0,0,92.4,0,32000
HEROMOTOCO-I,20160926,3524.8,3534,3458.7,3473.75,3290,941600
HEROMOTOCO-II,20160926,3535.15,3550.05,3480,3494.2,1746,296600
HEROMOTOCO-III,20160926,3525,3540,3525,3540,4,1200
HEXAWARE-I,20160926,195.8,196.2,192.4,192.85,963,6608000
HEXAWARE-II,20160926,197.55,197.55,193.75,194,401,1110000
HEXAWARE-III,20160926,195.1,195.1,195.1,195.1,1,36000
HINDALCO-I,20160926,153.85,155.35,152.35,153.5,4548,28133000
HINDALCO-II,20160926,154.65,156.1,153.3,154.35,1406,7343000
HINDALCO-III,20160926,155.25,156.55,155.25,156.55,2,63000
HINDPETRO-I,20160926,418.95,431.25,414.45,429.85,8634,14439600
HINDPETRO-II,20160926,420.95,433.5,416.5,432.15,4070,12196800
HINDPETRO-III,20160926,433.45,433.45,433.45,433.45,3,67200
HINDUNILVR-I,20160926,908.1,914.6,887.3,892.9,6393,5790600
HINDUNILVR-II,20160926,910,914.2,890.2,896.2,4408,2513400
HINDUNILVR-III,20160926,907.15,907.15,893.7,896.5,30,18600
HINDZINC-I,20160926,227.6,230.35,224.75,229.55,779,4259200
HINDZINC-II,20160926,228.65,231.2,225.6,230.4,144,476800
HINDZINC-III,20160926,0,0,0,215.1,0,3200
IBREALEST-I,20160926,87.2,91.3,86.8,88.65,1128,30240000
IBREALEST-II,20160926,87.5,91.9,87.5,89,373,5080000
IBREALEST-III,20160926,0,0,0,93.9,0,20000
IBULHSGFIN-I,20160926,807,817,803.05,813.25,3738,5618400
IBULHSGFIN-II,20160926,811.25,821.9,808.95,817.85,2095,1639200
IBULHSGFIN-III,20160926,0,0,0,809.2,0,800
ICICIBANK-I,20160926,269,269.25,262.4,263.3,19422,59412500
ICICIBANK-II,20160926,270.75,270.8,263.3,264.65,9555,20045000
ICICIBANK-III,20160926,272.85,272.85,265.5,265.8,47,142500
ICIL-I,20160926,784.15,795.15,770.05,773.5,292,557400
ICIL-II,20160926,790.3,800,775.1,778.45,161,276000
ICIL-III,20160926,0,0,0,872.2,0,0
IDBI-I,20160926,73.25,73.65,71.35,71.75,1850,31424000
IDBI-II,20160926,73,73.2,70.25,70.65,1252,13760000
IDBI-III,20160926,72.25,72.25,71.25,71.25,7,456000
IDEA-I,20160926,82.6,82.75,80.15,80.55,7137,48240000
IDEA-II,20160926,83.05,83.05,79.5,79.85,5414,24500000
IDEA-III,20160926,82.25,82.25,79.5,79.9,87,960000
IDFC-I,20160926,61.25,61.65,60.35,60.6,1803,50793600
IDFC-II,20160926,61.6,62,60.75,61,1241,15074400
IDFC-III,20160926,62.1,62.1,61.25,61.25,5,224400
IFCI-I,20160926,28.95,29.55,28.7,28.85,1946,51986000
IFCI-II,20160926,29.45,29.75,28.9,29.05,545,20790000
IFCI-III,20160926,29.35,29.35,29.2,29.3,2,44000
IGL-I,20160926,764.95,775.95,760.8,772.4,1814,1386000
IGL-II,20160926,773.5,780.5,765.8,776.7,425,465300
IGL-III,20160926,0,0,0,762.85,0,0
INDIACEM-I,20160926,149.3,150.2,147.3,148.65,1807,18669000
INDIACEM-II,20160926,150.2,150.9,148.45,149.55,633,6230000
INDIACEM-III,20160926,150.8,151.1,150.8,151,4,98000
INDUSINDBK-I,20160926,1212.05,1216.5,1197.5,1202.4,6213,3763800
INDUSINDBK-II,20160926,1218,1223.8,1205,1210.55,3235,1661400
INDUSINDBK-III,20160926,0,0,0,1233.7,0,1800
INFRATEL-I,20160926,368.9,371.7,364.6,366.15,1414,3537800
INFRATEL-II,20160926,372.5,372.5,366.9,368.4,894,1104600
INFRATEL-III,20160926,370.25,370.25,370.25,370.25,1,1400
INFY-I,20160926,1045,1045,1033,1036.95,11578,11867500
INFY-II,20160926,1036.5,1039,1029.35,1033.2,9068,5716000
INFY-III,20160926,1040.9,1044.5,1038,1038.75,29,34000
IOC-I,20160926,585.5,600.3,583.1,594.15,6628,7479000
IOC-II,20160926,590.95,602.6,586,597.15,1337,2692500
IOC-III,20160926,0,0,0,574,0,4500
IRB-I,20160926,260.55,264.55,255.55,256.85,4428,9965000
IRB-II,20160926,262.4,266,257.25,258.4,1053,2367500
IRB-III,20160926,259.35,259.35,259.25,259.25,2,7500
ITC-I,20160926,252.65,252.65,247.9,248.65,8289,36403200
ITC-II,20160926,253.25,253.8,249.25,250.2,6602,15948000
ITC-III,20160926,253.95,254.1,251,251.4,26,64800
JETAIRWAYS-I,20160926,549.9,564.15,540.3,542.6,8992,6642000
JETAIRWAYS-II,20160926,554.25,567,543.9,545.75,2471,1765000
JETAIRWAYS-III,20160926,0,0,0,541.9,0,0
JINDALSTEL-I,20160926,82.95,83.55,81.2,81.65,920,45522000
JINDALSTEL-II,20160926,83.45,84,81.7,82,581,6777000
JINDALSTEL-III,20160926,0,0,0,88.5,0,0
JISLJALEQS-I,20160926,95.95,97.75,94.45,94.9,1454,39969000
JISLJALEQS-II,20160926,96.45,98.15,95.1,95.55,773,8082000
JISLJALEQS-III,20160926,97,97,96,96,5,36000
JPASSOCIAT-I,20160926,11.35,11.5,11.1,11.15,950,129268000
JPASSOCIAT-II,20160926,11.45,11.6,11.2,11.25,741,48688000
JPASSOCIAT-III,20160926,11.65,11.65,11.4,11.4,3,1292000
JSWENERGY-I,20160926,78.15,79.45,77.3,77.55,1041,17120000
JSWENERGY-II,20160926,79,79.8,77.75,78,631,6376000
JSWENERGY-III,20160926,0,0,0,79.3,0,8000
JSWSTEEL-I,20160926,1760.85,1774.4,1754.25,1759.35,5431,4231200
JSWSTEEL-II,20160926,1770.95,1784,1764,1768.75,3533,2778000
JSWSTEEL-III,20160926,1773,1773,1773,1773,2,4200
JUBLFOOD-I,20160926,988.3,1003,946.55,960,4520,1713500
JUBLFOOD-II,20160926,990.05,1008,948.8,961.15,2409,1460500
JUBLFOOD-III,20160926,1000,1010,959.3,960.8,16,11500
JUSTDIAL-I,20160926,461.5,464.55,450,454.75,3194,4206400
JUSTDIAL-II,20160926,463,463.3,449.05,453.95,1375,1202400
JUSTDIAL-III,20160926,460.9,461,454,455.6,7,5600
KOTAKBANK-I,20160926,796,796,787.25,789.65,5323,9115200
KOTAKBANK-II,20160926,802.4,802.4,791.9,794.6,3089,2429600
KOTAKBANK-III,20160926,0,0,0,808,0,4800
KPIT-I,20160926,130.2,132.1,129.7,130.25,332,6524000
KPIT-II,20160926,130.7,132.3,130.6,131.05,160,952000
KPIT-III,20160926,0,0,0,131.9,0,0
KSCL-I,20160926,371.95,374,363.1,369.3,703,2575500
KSCL-II,20160926,374.75,375.1,365.2,371.15,316,493500
KSCL-III,20160926,0,0,0,377.8,0,0
KTKBANK-I,20160926,153.75,156.35,153.2,153.7,1272,12288000
KTKBANK-II,20160926,154.55,157.2,154.2,154.55,453,2988000
KTKBANK-III,20160926,155.2,156.3,154.95,155.1,10,264000
L&TFH-I,20160926,93.15,93.6,91.25,92.05,1455,42093000
L&TFH-II,20160926,93.8,94.2,91.8,92.6,799,9603000
L&TFH-III,20160926,93.95,94.15,93,93,4,54000
LICHSGFIN-I,20160926,575,575,563.1,568.7,4167,6859600
LICHSGFIN-II,20160926,574.75,574.75,566.35,571.55,2000,1692900
LICHSGFIN-III,20160926,577.1,577.1,574,576.05,9,7700
LT-I,20160926,1493.95,1514.15,1465.3,1468.8,10492,7060000
LT-II,20160926,1513.85,1522,1474.05,1477.75,5515,2645000
LT-III,20160926,1517.15,1527,1483.85,1477.75,20,13000
LUPIN-I,20160926,1495.6,1507.7,1467.05,1499.4,9789,5220300
LUPIN-II,20160926,1502.5,1515.55,1475.6,1507.05,5855,2236500
LUPIN-III,20160926,1509,1516.85,1487.2,1516.2,18,15000
M&M-I,20160926,1409.5,1412.6,1378.8,1383.35,5622,5328500
M&M-II,20160926,1413.8,1420.4,1387.5,1391.35,3766,2283000
M&M-III,20160926,0,0,0,1422.9,0,3500
M&MFIN-I,20160926,351,359.5,350,354.75,2878,11457500
M&MFIN-II,20160926,352.7,361.25,352.1,356.8,1681,3167500
M&MFIN-III,20160926,0,0,0,362.85,0,5000
MARICO-I,20160926,284.05,284.15,278.05,279.3,903,7709000
MARICO-II,20160926,285.1,285.4,280,280.95,486,943800
MARICO-III,20160926,282,282,282,282,1,2600
MARUTI-I,20160926,5586.3,5634.95,5567.15,5577.85,9754,1836300
MARUTI-II,20160926,5616.7,5664,5601.1,5612.6,3971,535950
MARUTI-III,20160926,5640,5680.75,5631.1,5637.6,12,9750
MCDOWELL-N-I,20160926,2275.65,2324,2275.65,2288.35,4185,2852000
MCDOWELL-N-II,20160926,2305,2337,2295,2301.3,3974,1098250
MCDOWELL-N-III,20160926,0,0,0,2324.65,0,0
MCLEODRUSS-I,20160926,185.5,186.9,181.55,181.9,751,3756000
MCLEODRUSS-II,20160926,186,187.85,182.65,183.05,428,1074000
MCLEODRUSS-III,20160926,188.7,188.7,188.7,188.7,1,15000
MINDTREE-I,20160926,506.8,506.8,498,499.1,1495,1895200
MINDTREE-II,20160926,506.6,506.6,499.6,500.35,1004,1266400
MINDTREE-III,20160926,505,505,505,505,1,2400
MOTHERSUMI-I,20160926,317.45,320.15,314.3,315.9,2237,11207500
MOTHERSUMI-II,20160926,320,322,316.2,317.55,1361,3367500
MOTHERSUMI-III,20160926,321,321,321,321,1,15000
MRF-I,20160926,45361.65,46350,45361.65,45742.15,2015,35205
MRF-II,20160926,45789,46590,45789,46017,781,17505
MRF-III,20160926,0,0,0,37093.35,0,0
NCC-I,20160926,86.85,86.85,84.85,85.1,1178,26184000
NCC-II,20160926,87.2,87.3,85.4,85.7,535,4072000
NCC-III,20160926,87.6,87.6,87.6,87.6,1,16000
NHPC-I,20160926,26.05,26.2,25.3,25.45,289,22599000
NHPC-II,20160926,26.2,26.4,25.5,25.65,187,7425000
NHPC-III,20160926,26,26,25.8,25.8,2,216000
NIITTECH-I,20160926,431.25,450.45,429.95,440.45,1281,964000
NIITTECH-II,20160926,434,453.55,434,443.25,210,179000
NIITTECH-III,20160926,0,0,0,436.45,0,1000
NMDC-I,20160926,105.5,106.7,104.8,106,1331,14322000
NMDC-II,20160926,106.8,107.3,105.4,106.65,555,4788000
NMDC-III,20160926,0,0,0,105.9,5,126000
NTPC-I,20160926,156.75,156.75,151.8,152.65,2466,19584000
NTPC-II,20160926,157.45,157.45,152.75,153.5,1655,6132000
NTPC-III,20160926,156,156,156,156,2,12000
OFSS-I,20160926,3354.95,3380.95,3312.6,3321.7,380,238200
OFSS-II,20160926,3390,3398,3333.5,3341.85,311,45900
OFSS-III,20160926,0,0,0,3688.25,0,0
OIL-I,20160926,400.3,403.95,397.7,403.35,312,1115200
OIL-II,20160926,402,405.8,399,405.4,78,139400
OIL-III,20160926,0,0,0,390.45,0,0
ONGC-I,20160926,258.8,260.6,248.75,250.05,8450,20647500
ONGC-II,20160926,259.2,262,250.3,251.45,3146,6562500
ONGC-III,20160926,259.25,260.7,250,250.65,44,320000
ORIENTBANK-I,20160926,130.1,132.35,129.1,130.7,2459,10992000
ORIENTBANK-II,20160926,130.65,133,129.85,131.45,539,3018000
ORIENTBANK-III,20160926,0,0,0,131.65,0,186000
PAGEIND-I,20160926,15200.05,15250,14290,14926.45,550,32100
PAGEIND-II,20160926,14888,15115.65,14888,15043.35,268,11950
PAGEIND-III,20160926,0,0,0,14509.65,0,0
PCJEWELLER-I,20160926,501.15,512.65,496.3,498.35,484,669000
PCJEWELLER-II,20160926,504.45,511.1,496.1,497.45,86,148500
PCJEWELLER-III,20160926,511.7,511.7,500,500,2,1500
PETRONET-I,20160926,343.2,347,340.3,344.4,1345,6153000
PETRONET-II,20160926,345.25,348.9,343.55,346.15,304,684000
PETRONET-III,20160926,0,0,0,342.1,0,0
PFC-I,20160926,122.35,123.95,121.15,121.85,1586,13968000
PFC-II,20160926,123.25,124.5,121.8,122.35,762,7578000
PFC-III,20160926,0,0,0,123.5,0,6000
PIDILITIND-I,20160926,696.75,708.4,693,695.6,1083,2350000
PIDILITIND-II,20160926,706.95,712.65,697.15,699.9,626,662000
PIDILITIND-III,20160926,0,0,0,731,0,2000
PNB-I,20160926,138.05,141.7,137.8,140.25,8195,33649000
PNB-II,20160926,138.8,142,138.25,140.45,2023,10724000
PNB-III,20160926,139.85,140.75,139.4,140.55,15,77000
POWERGRID-I,20160926,176.45,178.65,175.05,175.75,2874,16884000
POWERGRID-II,20160926,177.5,179.7,176.2,176.9,1838,6800000
POWERGRID-III,20160926,0,0,0,180.6,0,8000
PTC-I,20160926,79.15,80.05,78.35,78.85,490,13480000
PTC-II,20160926,80.2,80.45,79,79.3,235,1856000
PTC-III,20160926,0,0,0,80.35,0,0
RCOM-I,20160926,47.95,48.4,46.75,47.5,4119,104290000
RCOM-II,20160926,48.25,48.65,47.1,47.8,2532,27050000
RCOM-III,20160926,48.75,48.75,47.35,47.75,17,330000
RECLTD-I,20160926,249.05,252.65,248,249.15,3600,14409000
RECLTD-II,20160926,249.55,253.2,248.85,249.7,1423,6393000
RECLTD-III,20160926,0,0,0,239.5,0,3000
RELCAPITAL-I,20160926,580.6,585.9,562.4,566.15,4491,9925500
RELCAPITAL-II,20160926,580,588.85,566,569.9,957,1690500
RELCAPITAL-III,20160926,0,0,0,595,0,25500
RELIANCE-I,20160926,1104,1129.75,1103.4,1109.35,33767,16670500
RELIANCE-II,20160926,1110,1135.95,1110,1116.05,13328,5826500
RELIANCE-III,20160926,1120,1142,1119,1121.6,185,121500
RELINFRA-I,20160926,606.3,618,594,596.35,14673,10653500
RELINFRA-II,20160926,610,621.45,598,600.05,3344,3411200
RELINFRA-III,20160926,0,0,0,627,0,7800
RPOWER-I,20160926,51.6,52.1,51.15,51.35,1158,49236000
RPOWER-II,20160926,52,52.45,51.5,51.65,792,14796000
RPOWER-III,20160926,52.4,52.5,52,52,13,684000
SAIL-I,20160926,48.65,49.2,47.85,48.05,2991,51588000
SAIL-II,20160926,48.6,49.2,47.9,48.05,1732,29592000
SAIL-III,20160926,49.2,49.2,48,48.05,7,564000
SBIN-I,20160926,252.35,254.95,251.15,252.2,16817,65562000
SBIN-II,20160926,252.8,255.9,252.1,253.1,8765,25785000
SBIN-III,20160926,256.6,256.7,253.1,254.05,32,441000
SIEMENS-I,20160926,1275.4,1286.15,1265.75,1271.2,878,816500
SIEMENS-II,20160926,1279,1294,1273.05,1277.85,365,153000
SIEMENS-III,20160926,0,0,0,1291,0,0
SINTEX-I,20160926,87.5,88,84.55,85.2,2101,28735125
SINTEX-II,20160926,87.8,88.5,85.15,85.65,897,12276375
SINTEX-III,20160926,86.6,86.6,86.35,86.35,2,85500
SOUTHBANK-I,20160926,22.95,22.95,22.15,22.45,818,35250000
SOUTHBANK-II,20160926,23.05,23.05,22.3,22.65,491,18240000
SOUTHBANK-III,20160926,22.95,22.95,22.95,22.95,1,30000
SRF-I,20160926,1778.9,1812,1767.05,1789.25,2945,365000
SRF-II,20160926,1784,1822.4,1776.05,1800.4,386,121000
SRF-III,20160926,0,0,0,1801,0,3500
SRTRANSFIN-I,20160926,1133.65,1192,1133.65,1160.55,2736,2585400
SRTRANSFIN-II,20160926,1187.35,1198.7,1160,1166.05,1614,836400
SRTRANSFIN-III,20160926,0,0,0,1270.65,0,0
STAR-I,20160926,1035.95,1058.15,1028.5,1050.1,2624,2228500
STAR-II,20160926,1041.6,1064,1034,1055.7,1166,604500
STAR-III,20160926,0,0,0,1050,0,500
SUNPHARMA-I,20160926,780.5,784.1,766.85,768.2,12851,20782200
SUNPHARMA-II,20160926,784.05,788.85,771.15,772.7,10347,7367400
SUNPHARMA-III,20160926,792.15,792.15,776.25,777.5,55,45600
SUNTV-I,20160926,496.8,506.5,490.75,498.4,4721,7296000
SUNTV-II,20160926,495.5,509,495,501.25,1134,1412000
SUNTV-III,20160926,496.45,508.3,496.45,505.15,5,2000
SYNDIBANK-I,20160926,75.75,76.8,75.2,75.55,1584,12591000
SYNDIBANK-II,20160926,76.2,77.15,75.7,75.95,598,3546000
SYNDIBANK-III,20160926,0,0,0,76.4,0,36000
TATACHEM-I,20160926,542.55,551.9,539.25,541.2,2570,3702000
TATACHEM-II,20160926,537.3,555,537.05,544.6,1686,2695500
TATACHEM-III,20160926,556,556,556,556,1,16500
TATACOMM-I,20160926,529.7,539.8,522,526.05,1673,4762800
TATACOMM-II,20160926,531.4,541.8,525,529.6,848,1183000
TATACOMM-III,20160926,0,0,0,511.55,0,0
TATAELXSI-I,20160926,1521.05,1531.85,1509.8,1517.2,1223,1160400
TATAELXSI-II,20160926,1534,1540.95,1519.3,1526.3,679,307800
TATAELXSI-III,20160926,0,0,0,1638.2,0,0
TATAGLOBAL-I,20160926,142.6,144.5,140.55,140.9,3223,21199500
TATAGLOBAL-II,20160926,143.55,145.35,141.4,141.8,2150,13302000
TATAGLOBAL-III,20160926,0,0,0,142.55,0,9000
TATAMOTORS-I,20160926,550.6,550.65,535.65,537.2,15327,22638000
TATAMOTORS-II,20160926,555,555,538.4,539.95,7935,13977000
TATAMOTORS-III,20160926,556,556,541.25,542.15,23,91500
TATAMTRDVR-I,20160926,349.9,350.65,340.9,342.2,3010,14632800
TATAMTRDVR-II,20160926,350.3,352.7,343.05,344.1,1642,5659500
TATAMTRDVR-III,20160926,0,0,0,355,0,2100
TATAPOWER-I,20160926,75.75,76.75,75.35,75.8,1276,33426000
TATAPOWER-II,20160926,76.25,77.15,75.8,76.3,664,7749000
TATAPOWER-III,20160926,0,0,0,76.45,0,63000
TATASTEEL-I,20160926,370.6,376.85,369.3,370.75,11018,21372000
TATASTEEL-II,20160926,373.45,378.9,371.4,372.9,2933,6852000
TATASTEEL-III,20160926,375.4,380,374.6,375.2,12,30000
TCS-I,20160926,2398,2417.9,2395.1,2400.35,8226,3914750
TCS-II,20160926,2409.5,2424,2401.6,2406.95,5540,1352750
TCS-III,20160926,2430,2430,2419.25,2420.4,5,9500
TECHM-I,20160926,455.4,455.4,447.15,448.75,2028,7052100
TECHM-II,20160926,458.25,458.25,450,451.05,1375,1744600
TECHM-III,20160926,458.6,458.6,457,457.45,3,7700
TITAN-I,20160926,412.9,412.9,402.5,404.95,3577,5808000
TITAN-II,20160926,410.2,412.5,404.65,406.9,3016,3790500
TITAN-III,20160926,0,0,0,413,0,1500
TORNTPHARM-I,20160926,1640.5,1673.8,1640,1652.15,525,300400
TORNTPHARM-II,20160926,1650,1682.85,1650,1662.4,86,20400
TORNTPHARM-III,20160926,0,0,0,1625,0,1600
TV18BRDCST-I,20160926,44.7,45.7,44.2,44.35,1464,69105000
TV18BRDCST-II,20160926,45.1,46,44.5,44.65,555,22763000
TV18BRDCST-III,20160926,0,0,0,42.9,0,17000
TVSMOTOR-I,20160926,349.4,353.5,345.45,347.75,2711,5058000
TVSMOTOR-II,20160926,350.4,354.8,347.05,349.25,859,1336000
TVSMOTOR-III,20160926,352,352,352,352,1,10000
UBL-I,20160926,889.65,924,887.1,905.8,1948,870100
UBL-II,20160926,896.95,929.1,892.05,911.55,474,310800
UBL-III,20160926,0,0,0,890,0,2800
ULTRACEMCO-I,20160926,3945.15,3967,3912.5,3933.1,2521,900800
ULTRACEMCO-II,20160926,3968.6,3990,3936.7,3956.4,1589,268400
ULTRACEMCO-III,20160926,3975,3982.5,3975,3982.5,2,1600
UNIONBANK-I,20160926,142,145.35,141.05,141.65,3925,13488000
UNIONBANK-II,20160926,144.2,146.1,142.15,142.45,1150,3944000
UNIONBANK-III,20160926,145.65,146.5,143,143.05,6,68000
UPL-I,20160926,694.85,694.85,681.05,684.3,2950,6182400
UPL-II,20160926,699.15,699.15,685.3,688.3,1274,1699200
UPL-III,20160926,0,0,0,696,0,1200
VEDL-I,20160926,169.9,170.95,166.55,168.45,6223,32538000
VEDL-II,20160926,171.05,171.65,167.55,169.2,1619,8136000
VEDL-III,20160926,170,170,169.6,169.6,4,90000
VOLTAS-I,20160926,380.65,384.5,376.2,378.4,2234,3924000
VOLTAS-II,20160926,383.7,386.3,378.05,380.15,371,440000
VOLTAS-III,20160926,0,0,0,401.6,0,2000
WIPRO-I,20160926,480.85,480.85,475.9,479,2888,7858000
WIPRO-II,20160926,481.6,482.65,478.55,481.45,2294,2387000
WIPRO-III,20160926,484.35,484.35,483.8,483.8,2,26000
WOCKPHARMA-I,20160926,887.55,931,887.55,909.25,2475,2920800
WOCKPHARMA-II,20160926,896.45,935.85,894.85,915.05,548,422400
WOCKPHARMA-III,20160926,0,0,0,912.55,0,2400
YESBANK-I,20160926,1226.7,1242,1218.45,1235.35,12458,10025400
YESBANK-II,20160926,1231.6,1248,1226,1241.05,4585,3133200
YESBANK-III,20160926,1229.2,1251.85,1229.2,1241.1,50,63700
ZEEL-I,20160926,525.95,532.35,525.45,530.65,3242,7831200
ZEEL-II,20160926,530,534.95,529.8,533.85,1270,1639300
ZEEL-III,20160926,0,0,0,519.7,0,0
