BANKNIFTY-I,20180827,28034.75,28290.9,28025.25,28268.95,68166,1794280
BANKNIFTY-II,20180827,28117.35,28380,28117.35,28359.75,9984,394440
BANKNIFTY-III,20180827,28260,28432.9,28260,28415.15,193,15760
FTSE100-I,20180827,0,0,0,7867,0,0
FTSE100-II,20180827,0,0,0,7817,0,0
FTSE100-III,20180827,0,0,0,7639,0,0
FTSE100-IIII,20180827,0,0,0,7947,0,0
FTSE100-IIIII,20180827,0,0,0,7674,0,0
FTSE100-IIIIII,20180827,0,0,0,8315,0,0
NIFTY-I,20180827,11616.2,11712.9,11614,11705.35,114156,27169500
NIFTY-II,20180827,11649.95,11750,11465,11741.95,56821,7795575
NIFTY-III,20180827,11678.3,11780,11678.3,11773.9,3714,329850
NIFTYCPSE-I,20180827,0,0,0,2472.95,0,0
NIFTYCPSE-II,20180827,0,0,0,2187.4,0,0
NIFTYCPSE-III,20180827,0,0,0,2315.55,0,0
NIFTYINFRA-I,20180827,0,0,0,3400.05,0,0
NIFTYINFRA-II,20180827,0,0,0,3108.75,0,0
NIFTYINFRA-III,20180827,0,0,0,3177.55,0,0
NIFTYIT-I,20180827,15322,15552,15316,15535,250,19050
NIFTYIT-II,20180827,15379,15577,15379,15558,75,4350
NIFTYIT-III,20180827,0,0,0,14734,0,0
NIFTYMID50-I,20180827,5270,5270,5270,5270,1,592020
NIFTYMID50-II,20180827,0,0,0,4843.05,0,0
NIFTYMID50-III,20180827,0,0,0,5023.7,0,0
NIFTYPSE-I,20180827,0,0,0,3925.45,0,0
NIFTYPSE-II,20180827,0,0,0,3501.05,0,0
NIFTYPSE-III,20180827,0,0,0,3599.05,0,0
ACC-I,20180827,1651.55,1659.65,1637.05,1656.5,2321,1445200
ACC-II,20180827,1650.95,1668,1646.7,1663.8,648,243200
ACC-III,20180827,1657.75,1668.75,1657.7,1668.15,16,6800
ADANIENT-I,20180827,209.95,213.4,207.9,212.35,4068,15556000
ADANIENT-II,20180827,212.4,214.1,208.85,213.1,1134,13864000
ADANIENT-III,20180827,211.45,214.3,211.45,214.3,2,44000
ADANIPORTS-I,20180827,378.8,383,376.8,379.7,2587,8030000
ADANIPORTS-II,20180827,381.35,385,378.65,381.55,1084,2000000
ADANIPORTS-III,20180827,382.25,386.55,381.85,383.3,62,37500
ADANIPOWER-I,20180827,31.45,33.95,31.45,33.6,4340,57240000
ADANIPOWER-II,20180827,31.8,34.15,31.7,33.85,3670,96580000
ADANIPOWER-III,20180827,32,32,32,32,1,60000
AJANTPHARM-I,20180827,1233.7,1248.3,1218.3,1233.05,1324,593000
AJANTPHARM-II,20180827,1240,1252.9,1226,1239.7,627,316000
AJANTPHARM-III,20180827,0,0,0,1266.45,0,500
ALBK-I,20180827,40.45,41,40.45,40.75,608,15103000
ALBK-II,20180827,40.8,41.25,40.7,41.1,389,9229000
ALBK-III,20180827,41.05,41.3,41.05,41.3,5,110000
AMARAJABAT-I,20180827,872,884.2,871.1,877.35,1182,1248100
AMARAJABAT-II,20180827,878.1,886.3,872.4,881,322,210000
AMARAJABAT-III,20180827,0,0,0,870.1,0,2100
AMBUJACEM-I,20180827,237.9,242.7,235.65,242.1,2549,13010000
AMBUJACEM-II,20180827,239.25,243.8,236.9,243.2,880,1837500
AMBUJACEM-III,20180827,0,0,0,241.2,0,7500
ANDHRABANK-I,20180827,32.65,33.15,32.65,32.85,672,11817000
ANDHRABANK-II,20180827,33.05,33.4,32.95,33.1,476,8294000
APOLLOHOSP-I,20180827,1203.05,1209,1183,1199.1,3571,1340500
APOLLOHOSP-II,20180827,1206.3,1209.85,1183.3,1200.6,628,308500
APOLLOHOSP-III,20180827,0,0,0,1157,0,1000
APOLLOTYRE-I,20180827,264.05,266.2,261.6,264.3,2252,10764000
APOLLOTYRE-II,20180827,264.4,267.25,263,265.5,667,1845000
APOLLOTYRE-III,20180827,264,267.7,264,266.85,6,27000
ARVIND-I,20180827,411.85,413.4,405.2,406.3,2607,6656000
ARVIND-II,20180827,413.65,415.5,407.5,408.35,1282,2862000
ARVIND-III,20180827,0,0,0,415,0,4000
ASHOKLEY-I,20180827,129.95,133.5,129.7,132.8,8754,48616000
ASHOKLEY-II,20180827,131.2,134.1,130.3,133.45,3424,16076000
ASHOKLEY-III,20180827,131.2,134.55,131.2,134.1,57,328000
ASIANPAINT-I,20180827,1401,1408.85,1398.5,1404.15,2390,5027400
ASIANPAINT-II,20180827,1409.8,1415,1405.4,1410.6,982,840000
ASIANPAINT-III,20180827,0,0,0,1415,0,2400
AUROPHARMA-I,20180827,696,699.6,681.6,690.25,14487,11033000
AUROPHARMA-II,20180827,700.4,703.5,685.4,693.7,8480,9972000
AUROPHARMA-III,20180827,706.7,706.7,688.45,694.8,23,35000
AXISBANK-I,20180827,642.2,652.2,641.95,650.85,22356,34353600
AXISBANK-II,20180827,645,655.5,645,654.3,8865,16634400
AXISBANK-III,20180827,650.55,658,650.55,657.7,63,140400
BAJAJ-AUTO-I,20180827,2695.35,2710,2682.2,2703.2,3925,2583250
BAJAJ-AUTO-II,20180827,2710,2723,2697.1,2716.85,1702,751250
BAJAJ-AUTO-III,20180827,2722.8,2731.9,2709.2,2731.15,73,20250
BAJAJFINSV-I,20180827,7109.75,7124,7031.3,7054.8,2410,632250
BAJAJFINSV-II,20180827,7143.4,7150,7070,7087.5,886,162125
BAJAJFINSV-III,20180827,7160.9,7160.9,7125,7125,2,2500
BAJFINANCE-I,20180827,2939.85,2959,2928.75,2953.05,8323,4863000
BAJFINANCE-II,20180827,2955.45,2973.65,2942.1,2968.05,2824,1586500
BAJFINANCE-III,20180827,2966.05,2983.5,2955,2978.4,23,24500
BALKRISIND-I,20180827,1346.8,1354.85,1327.2,1347.5,1547,1381600
BALKRISIND-II,20180827,1355.5,1360,1336.3,1355,311,252000
BALKRISIND-III,20180827,1354.4,1358.85,1354.4,1358.85,2,1600
BALRAMCHIN-I,20180827,75.3,76.3,73.7,74.1,947,9373000
BALRAMCHIN-II,20180827,76.05,76.75,73.95,74.55,761,6055000
BANKBARODA-I,20180827,148.55,152.95,148.55,150.35,8404,49172000
BANKBARODA-II,20180827,149.65,153.65,149.45,151.1,3259,20368000
BANKBARODA-III,20180827,151.15,153.65,150.95,152,10,112000
BANKINDIA-I,20180827,94.4,96.1,93.75,95.05,2765,17562000
BANKINDIA-II,20180827,95.3,96.7,94.25,95.55,1011,8178000
BANKINDIA-III,20180827,95.4,96.5,95.4,96.05,10,336000
BATAINDIA-I,20180827,1070.4,1077.45,1062.4,1067.95,2597,2043800
BATAINDIA-II,20180827,1063.8,1077.45,1062.6,1068.85,562,782100
BATAINDIA-III,20180827,1070,1070,1070,1070,1,14300
BEL-I,20180827,118.8,119.15,116.55,117.1,1892,20933550
BEL-II,20180827,119.25,119.7,117.25,117.7,1215,6910200
BEL-III,20180827,118.55,118.55,118.15,118.25,6,84150
BEML-I,20180827,815,836.2,813.45,831.65,2588,1214000
BEML-II,20180827,812,833.45,811.85,829.45,1508,820000
BEML-III,20180827,0,0,0,820,0,2000
BERGEPAINT-I,20180827,337.4,338.05,328.7,331.65,638,1009800
BERGEPAINT-II,20180827,338,339.5,330,332.95,386,506000
BERGEPAINT-III,20180827,0,0,0,328.6,0,2200
BHARATFIN-I,20180827,1191.7,1204.15,1185.15,1199.15,2445,3100000
BHARATFIN-II,20180827,1195.45,1210,1193.8,1204.85,1463,1325500
BHARATFIN-III,20180827,1208.5,1209.8,1207.3,1207.3,7,3000
BHARATFORG-I,20180827,654.45,659.4,648.35,650.75,5002,6057600
BHARATFORG-II,20180827,658.65,662.85,651.25,654,2690,2974800
BHARATFORG-III,20180827,651.05,651.05,651.05,651.05,1,2400
BHARTIARTL-I,20180827,369.8,384.35,368.45,380.45,9954,32055200
BHARTIARTL-II,20180827,371.6,386.15,371.6,382.4,5931,20680500
BHARTIARTL-III,20180827,378.75,381,378.75,379.75,5,8500
BHEL-I,20180827,81,81.2,79.1,80.15,3766,27982500
BHEL-II,20180827,79.5,80.6,78.6,79.5,1391,14977500
BHEL-III,20180827,80.55,80.55,78.95,80,20,390000
BIOCON-I,20180827,607.7,614.5,606.3,609.75,3000,5411700
BIOCON-II,20180827,614,617.95,609.8,612.75,1573,2118600
BIOCON-III,20180827,615,615,615,615,2,14400
BOSCHLTD-I,20180827,18874.65,18900,18512.65,18758.4,692,112860
BOSCHLTD-II,20180827,18869.85,19000.85,18800,18867.05,521,16080
BOSCHLTD-III,20180827,19026.1,19026.1,19026.1,19026.1,1,30
BPCL-I,20180827,359.3,362.95,357.7,362.05,3579,8681400
BPCL-II,20180827,354.1,357.6,352.7,356.9,1839,5176800
BPCL-III,20180827,356.55,358.7,354.35,358.15,13,63000
BRITANNIA-I,20180827,6784.2,6866.95,6780,6813.05,2032,998000
BRITANNIA-II,20180827,6826,6901.55,6813.8,6847.2,1208,279000
BRITANNIA-III,20180827,6891.1,6892,6891.05,6892,5,2200
CADILAHC-I,20180827,403.15,404.7,394.55,396.9,5098,9936000
CADILAHC-II,20180827,404.3,406.5,396.95,399,2239,4814400
CADILAHC-III,20180827,400,406.3,399.55,401,15,25600
CANBK-I,20180827,279.05,288.55,278.25,285.4,8165,8534000
CANBK-II,20180827,280.6,290,280,286.95,2102,3294000
CANBK-III,20180827,283.85,290.8,283.85,288.25,25,74000
CANFINHOME-I,20180827,317.9,326,317.1,321.15,1610,2501250
CANFINHOME-II,20180827,320,327.6,319.15,323,1079,2131250
CANFINHOME-III,20180827,323.55,324,323.55,324,3,7500
CAPF-I,20180827,632.25,645,630.9,636.5,3844,4405600
CAPF-II,20180827,635.9,648.1,635.2,640.1,2389,2793600
CAPF-III,20180827,0,0,0,630.15,0,800
CASTROLIND-I,20180827,157.35,160.2,157.35,159.3,1048,8598800
CASTROLIND-II,20180827,159.65,161.05,159.35,160.15,814,3253600
CASTROLIND-III,20180827,0,0,0,159.5,0,36400
CEATLTD-I,20180827,1404,1424,1394.5,1414.45,2761,1068900
CEATLTD-II,20180827,1407.95,1431.1,1402,1421.35,511,180950
CEATLTD-III,20180827,0,0,0,1403.7,0,2100
CENTURYTEX-I,20180827,926.6,937.15,923.45,932.55,4977,3688300
CENTURYTEX-II,20180827,933.9,941.75,928.95,936.85,3336,1898600
CENTURYTEX-III,20180827,0,0,0,936,0,550
CESC-I,20180827,996.9,1012.95,992.4,1002.75,4232,3615150
CESC-II,20180827,1006.25,1018.05,999,1007.2,1999,1684650
CESC-III,20180827,0,0,0,934.2,0,1100
CGPOWER-I,20180827,59.7,60.6,59.4,59.8,1780,23580000
CGPOWER-II,20180827,60.55,60.9,59.6,60.25,1391,19260000
CGPOWER-III,20180827,60,60,60,60,1,84000
CHENNPETRO-I,20180827,308,312.55,306.6,310.25,534,1165500
CHENNPETRO-II,20180827,312.2,313.7,308.5,311.85,307,418500
CHENNPETRO-III,20180827,0,0,0,302.15,0,10500
CHOLAFIN-I,20180827,1465.65,1477.95,1453.75,1459.35,926,775000
CHOLAFIN-II,20180827,1488,1488,1462,1467,365,184500
CHOLAFIN-III,20180827,0,0,0,1470,0,500
CIPLA-I,20180827,655.25,663.25,649.6,660.5,4257,8979000
CIPLA-II,20180827,660,666.3,653.2,664.35,1091,1241000
CIPLA-III,20180827,0,0,0,655,0,4000
COALINDIA-I,20180827,289.25,295.55,288.9,293.5,3049,18293000
COALINDIA-II,20180827,289,294.95,289,292.95,1311,3649800
COALINDIA-III,20180827,292,294.6,292,294.6,13,470800
COLPAL-I,20180827,1174,1181.95,1157.3,1161.2,928,1839600
COLPAL-II,20180827,1186.65,1186.65,1163.7,1166.5,350,331100
COLPAL-III,20180827,1163,1163,1163,1163,2,1400
CONCOR-I,20180827,643.45,651.85,638.75,647.15,1288,1603750
CONCOR-II,20180827,640.05,650.05,638,645.65,768,747500
CONCOR-III,20180827,0,0,0,659.5,0,0
CUMMINSIND-I,20180827,765.6,782.1,762.05,774.1,744,802900
CUMMINSIND-II,20180827,772.65,786,767.8,778.1,132,100800
CUMMINSIND-III,20180827,0,0,0,759.4,0,1400
DABUR-I,20180827,477.65,490.95,477.65,483.5,5659,12247500
DABUR-II,20180827,481.95,493,481.05,485.8,1371,3020000
DABUR-III,20180827,0,0,0,481.6,0,7500
DALMIABHA-I,20180827,2753.95,2764,2733.15,2751.5,618,420900
DALMIABHA-II,20180827,2757.1,2773,2748,2764.35,229,73500
DALMIABHA-III,20180827,0,0,0,2649.7,0,0
DCBBANK-I,20180827,171.15,175.3,170.9,173.75,594,2925000
DCBBANK-II,20180827,172.85,176.25,172.5,174.75,359,1750500
DCBBANK-III,20180827,173.5,173.5,173.5,173.5,1,4500
DHFL-I,20180827,658.55,664.95,654.8,656.65,6270,19717500
DHFL-II,20180827,666.45,668.45,659,660.3,4438,10195500
DHFL-III,20180827,664.7,668.6,660,660,7,16500
DISHTV-I,20180827,72.35,72.5,71.25,71.9,2444,32416000
DISHTV-II,20180827,72.6,72.7,71.65,72.3,1763,17488000
DISHTV-III,20180827,72.95,72.95,72.95,72.95,2,80000
DIVISLAB-I,20180827,1309.4,1321,1296,1301,3349,2306400
DIVISLAB-II,20180827,1314,1315,1291.15,1297.45,1054,1212000
DIVISLAB-III,20180827,1305,1305,1305,1305,2,1600
DLF-I,20180827,213.85,218.8,211.95,214.05,9282,22530000
DLF-II,20180827,215,219,212.25,214.45,2677,6482500
DLF-III,20180827,213.9,216.85,213.9,216.55,8,50000
DRREDDY-I,20180827,2459.95,2463.85,2429.45,2450.05,4756,3508000
DRREDDY-II,20180827,2461,2475,2442,2460.85,1762,927250
DRREDDY-III,20180827,2458.45,2484.7,2458.45,2467.85,5,5750
EICHERMOT-I,20180827,29021.05,29254.95,28548.25,28922.95,3045,215700
EICHERMOT-II,20180827,29330,29350,28700,29043.25,1680,43225
EICHERMOT-III,20180827,29088,29187.05,29088,29183.65,5,225
ENGINERSIN-I,20180827,124.3,125.8,122.8,123.7,1438,5467000
ENGINERSIN-II,20180827,123.5,124.7,122,122.85,1018,4413500
ENGINERSIN-III,20180827,0,0,0,120.3,0,7000
EQUITAS-I,20180827,144.7,146.7,144.25,145.45,881,14152000
EQUITAS-II,20180827,146,147.5,145.15,146.2,513,2500000
EQUITAS-III,20180827,147.55,147.95,147.55,147.95,3,64000
ESCORTS-I,20180827,894.65,897.4,886.8,891.1,2884,4525400
ESCORTS-II,20180827,901.05,902.25,891.6,896,752,746900
ESCORTS-III,20180827,903.55,904.35,896.6,900.8,7,9900
EXIDEIND-I,20180827,295.15,296.15,291.35,293.35,1645,7972000
EXIDEIND-II,20180827,295.5,297.5,293,294.7,617,1976000
EXIDEIND-III,20180827,0,0,0,298,0,4000
FEDERALBNK-I,20180827,82.35,82.5,79.45,80.05,5924,56408000
FEDERALBNK-II,20180827,82.8,82.9,79.8,80.45,3662,24761000
FEDERALBNK-III,20180827,82.95,83.1,80.65,80.9,96,583000
GAIL-I,20180827,380.85,384.95,378.4,383,2118,16799433
GAIL-II,20180827,382.05,386.8,380.65,384.85,844,2202942
GAIL-III,20180827,382.95,387.85,382.95,386.2,18,18669
GLENMARK-I,20180827,663.45,666.65,653.9,655.9,3137,3628000
GLENMARK-II,20180827,665,668.1,655,657.2,1505,1291000
GLENMARK-III,20180827,671,671,671,671,1,5000
GMRINFRA-I,20180827,19.15,19.45,18.95,19.3,1102,203895000
GMRINFRA-II,20180827,19.3,19.55,19.1,19.45,659,66015000
GMRINFRA-III,20180827,19.5,19.5,19.45,19.45,3,360000
GODFRYPHLP-I,20180827,845.55,865,845.55,858,240,346500
GODFRYPHLP-II,20180827,853.95,860.95,848,855.4,160,186900
GODFRYPHLP-III,20180827,0,0,0,792.55,0,0
GODREJCP-I,20180827,1412.15,1432.7,1402.55,1409.15,1058,1976800
GODREJCP-II,20180827,1423.85,1436.5,1410,1416.05,373,274400
GODREJCP-III,20180827,0,0,0,1360.25,0,0
GODREJIND-I,20180827,630.5,635.3,623,626.15,1102,1288500
GODREJIND-II,20180827,640.85,640.85,626.75,629.75,718,921000
GODREJIND-III,20180827,634,634,634,634,1,4500
GRANULES-I,20180827,114.7,115.8,113.25,114.85,1091,8680000
GRANULES-II,20180827,115.4,116.25,114,115.5,766,5255000
GRANULES-III,20180827,115,115,115,115,1,20000
GRASIM-I,20180827,1067.9,1092.9,1063.2,1079.15,6147,4950000
GRASIM-II,20180827,1067,1091.65,1067,1078.65,1900,1426500
GRASIM-III,20180827,1079.35,1101.55,1079.35,1101.55,2,1500
GSFC-I,20180827,113.1,118.3,113.1,117.8,2103,5805000
GSFC-II,20180827,112.15,116.8,112.1,116.35,1511,9490500
GSFC-III,20180827,113.5,117.9,113.5,117.9,7,67500
HAVELLS-I,20180827,702.75,723.7,702.75,721.45,4431,3305000
HAVELLS-II,20180827,708.6,727,708.6,725.3,1448,1090000
HAVELLS-III,20180827,717.4,728,717.4,726.2,31,32000
HCC-I,20180827,15.15,15.25,14.4,14.65,959,20970000
HCC-II,20180827,15.2,15.35,14.55,14.75,751,17046000
HCC-III,20180827,15,15,15,15,1,36000
HCLTECH-I,20180827,1023,1036.85,1020.95,1035.6,5765,7511000
HCLTECH-II,20180827,1024.2,1041,1024.2,1039.65,2576,2235800
HCLTECH-III,20180827,1027.1,1039.3,1027.1,1036.1,11,21000
HDFC-I,20180827,1922.2,1933,1916.4,1926.15,12505,14281500
HDFC-II,20180827,1929.7,1942.55,1926.95,1936.25,9520,12632000
HDFC-III,20180827,1945.5,1947.45,1940,1944.35,23,170000
HDFCBANK-I,20180827,2082.25,2093.4,2073.1,2082.85,12444,19448500
HDFCBANK-II,20180827,2096.05,2098,2078.05,2087.85,5329,4513500
HDFCBANK-III,20180827,2097.8,2102,2085.95,2090.75,49,86500
HEROMOTOCO-I,20180827,3240.95,3240.95,3216.9,3232.6,2578,1413200
HEROMOTOCO-II,20180827,3239.4,3258.05,3233.55,3248.5,910,235000
HEROMOTOCO-III,20180827,3250,3250,3250,3250,1,1600
HEXAWARE-I,20180827,431.4,434.35,422.35,425.75,2668,5133000
HEXAWARE-II,20180827,431.25,436,423.55,427.8,871,2607000
HEXAWARE-III,20180827,434.5,436.65,428.05,428.5,8,18000
HINDALCO-I,20180827,225.85,231.25,225.1,230.6,9808,37632000
HINDALCO-II,20180827,225.45,231.05,225.15,230.55,2361,6090000
HINDALCO-III,20180827,227,231.95,226.8,231.4,34,112000
HINDPETRO-I,20180827,261.65,263.8,260.25,262.8,3871,20281275
HINDPETRO-II,20180827,263,265.05,261.75,264.1,2329,6326775
HINDPETRO-III,20180827,264.9,265.5,263.5,265.35,68,234675
HINDUNILVR-I,20180827,1789.75,1798.45,1781,1794.6,3599,8240400
HINDUNILVR-II,20180827,1793.65,1806.3,1790,1802.7,1815,1608600
HINDUNILVR-III,20180827,1809,1809.95,1797.3,1803.95,13,9600
HINDZINC-I,20180827,293.35,298.85,293,297.45,1475,9177600
HINDZINC-II,20180827,290.5,294.55,290.5,293.75,549,1980800
HINDZINC-III,20180827,290,290,290,290,1,22400
IBULHSGFIN-I,20180827,1277.95,1288.9,1267.5,1285.85,8706,7783000
IBULHSGFIN-II,20180827,1281,1295.4,1274.75,1292.75,6853,8092500
IBULHSGFIN-III,20180827,1290,1290,1290,1290,1,6000
ICICIBANK-I,20180827,331.8,342,331.55,339.2,22274,81996750
ICICIBANK-II,20180827,333.6,343.7,333.6,341,8059,42209750
ICICIBANK-III,20180827,337.4,344.5,337.35,342.35,84,522500
ICICIPRULI-I,20180827,377.25,385.5,376.1,384.5,1364,3836300
ICICIPRULI-II,20180827,379.9,387.1,378,386.3,676,1462500
ICICIPRULI-III,20180827,0,0,0,382,0,3900
IDBI-I,20180827,61.1,62.25,61.1,61.45,2587,38850000
IDBI-II,20180827,62.1,62.5,61.4,61.8,1748,22310000
IDBI-III,20180827,62.05,62.5,61.8,61.8,7,150000
IDEA-I,20180827,52.55,52.85,51.25,51.6,5941,112511000
IDEA-II,20180827,52.6,53.1,51.5,51.85,4645,35749000
IDEA-III,20180827,53.1,53.2,52,52,25,350000
IDFC-I,20180827,51.5,51.95,50.9,51.4,2461,115618800
IDFC-II,20180827,52.2,52.25,51.2,51.7,1948,35204400
IDFC-III,20180827,52.05,52.15,51.95,52.05,5,145200
IDFCBANK-I,20180827,47,48.1,47,47.4,5693,96107000
IDFCBANK-II,20180827,47.5,48.3,47.35,47.65,4447,46123000
IDFCBANK-III,20180827,47.8,48.5,47.8,47.95,26,913000
IFCI-I,20180827,16.4,16.6,16.25,16.4,569,44950000
IFCI-II,20180827,16.65,16.7,16.4,16.55,515,30675000
IFCI-III,20180827,16.8,16.8,16.6,16.65,6,925000
IGL-I,20180827,280.5,289.3,278.7,285.85,2432,4452250
IGL-II,20180827,280.5,288.9,278.95,285.5,902,2079000
IGL-III,20180827,288,290.05,288,288.6,4,30250
INDIACEM-I,20180827,121.1,123.25,119.7,121.6,3045,13559000
INDIACEM-II,20180827,121,122.95,119.6,121.4,1403,6779500
INDIACEM-III,20180827,122.5,122.8,120.95,122,27,119000
INDIANB-I,20180827,330.05,334.9,328.1,330.85,2422,4314000
INDIANB-II,20180827,331.35,336.5,329.8,332.75,899,1646000
INDIANB-III,20180827,0,0,0,360.8,0,0
INDIGO-I,20180827,1053.25,1064,1046.55,1054,4321,3262800
INDIGO-II,20180827,1048.9,1057,1042.05,1046.75,2537,1227000
INDIGO-III,20180827,1046.45,1046.45,1046.45,1046.45,2,1200
INDUSINDBK-I,20180827,1939.55,1964.2,1934,1954.6,8155,4066200
INDUSINDBK-II,20180827,1934,1960,1932.05,1950.65,4755,2165700
INDUSINDBK-III,20180827,1959.3,1959.3,1951.7,1951.7,2,8400
INFIBEAM-I,20180827,224.7,229.45,223.05,228.3,4758,25524000
INFIBEAM-II,20180827,220.55,222.5,217.2,221.55,2607,27244000
INFIBEAM-III,20180827,216,217.8,215.9,216.25,12,32000
INFRATEL-I,20180827,284,290.4,282,289,1963,6400500
INFRATEL-II,20180827,286,291.9,283.85,290.3,926,1385500
INFRATEL-III,20180827,0,0,0,292.15,0,0
INFY-I,20180827,1380.2,1419.35,1380.2,1416.4,12870,19325400
INFY-II,20180827,1394.05,1426,1392,1423.45,5937,8108400
INFY-III,20180827,1395.85,1420.05,1395.85,1418,51,50400
IOC-I,20180827,155.1,156.8,155.05,156.5,2910,23466000
IOC-II,20180827,156.6,157.5,155.8,157.25,1717,9294000
IOC-III,20180827,157.2,157.75,157.2,157.75,5,84000
IRB-I,20180827,194.05,199.25,190.95,196.7,3567,9982500
IRB-II,20180827,194,200.3,192.1,197.75,1637,6005000
IRB-III,20180827,0,0,0,192.8,0,20000
ITC-I,20180827,311.35,314.7,310.3,313.85,7767,62426400
ITC-II,20180827,312.6,316.35,312.1,315.4,3458,18213600
ITC-III,20180827,315.7,317.4,315.7,317,20,132000
JETAIRWAYS-I,20180827,275.2,289.4,271.2,282.6,3928,4600800
JETAIRWAYS-II,20180827,275.75,290.6,272.55,283.2,1350,1504800
JETAIRWAYS-III,20180827,0,0,0,276.95,0,8400
JINDALSTEL-I,20180827,205.1,210.75,204.6,207.65,8383,25447500
JINDALSTEL-II,20180827,207,211.5,206.8,208.7,2690,6934500
JINDALSTEL-III,20180827,208.4,212.35,208.35,209.1,18,65250
JISLJALEQS-I,20180827,76.45,78.1,75.75,77.35,1569,27063000
JISLJALEQS-II,20180827,76.3,77.45,75.05,76.8,1217,16416000
JISLJALEQS-III,20180827,0,0,0,81.5,0,0
JPASSOCIAT-I,20180827,11.75,11.9,10.65,10.8,2556,115294000
JPASSOCIAT-II,20180827,11.8,12,10.75,10.9,1099,73372000
JPASSOCIAT-III,20180827,11.4,11.4,10.9,10.95,8,544000
JSWSTEEL-I,20180827,358.95,364.7,353.8,356.35,9347,36870000
JSWSTEEL-II,20180827,361,366.5,355.6,358.25,3757,26412000
JSWSTEEL-III,20180827,366.7,366.7,365.1,365.1,4,12000
JUBLFOOD-I,20180827,1535.9,1559.9,1522.7,1554,6966,2653500
JUBLFOOD-II,20180827,1541,1566.5,1529,1561.2,1476,562500
JUBLFOOD-III,20180827,1545,1566.45,1545,1566.3,29,10500
JUSTDIAL-I,20180827,559.85,559.85,548.7,554.3,1866,2055200
JUSTDIAL-II,20180827,557.95,569,538.05,554.85,1119,992600
JUSTDIAL-III,20180827,0,0,0,598.8,0,2800
KAJARIACER-I,20180827,481.05,497,477.4,486.3,2274,1760000
KAJARIACER-II,20180827,490,498.2,480,488.95,471,350000
KAJARIACER-III,20180827,493.45,493.45,493.45,493.45,1,1000
KOTAKBANK-I,20180827,1261,1284.6,1260.4,1273.65,9853,11499200
KOTAKBANK-II,20180827,1269.5,1289,1269.5,1278.25,4184,3494400
KOTAKBANK-III,20180827,1285,1290,1281.1,1283,15,29600
KPIT-I,20180827,288.55,293.5,288.2,291.2,1204,6286500
KPIT-II,20180827,292,295,291.4,292.85,516,2596500
KPIT-III,20180827,294,294.7,294,294,5,27000
KSCL-I,20180827,643.15,651.25,640,642.8,1067,964500
KSCL-II,20180827,638.9,648.8,638.85,642.55,356,285000
KSCL-III,20180827,0,0,0,606.8,0,0
KTKBANK-I,20180827,119.7,121.9,119.2,120.85,1657,13450500
KTKBANK-II,20180827,120.45,122.5,119.8,121.5,1152,6057000
KTKBANK-III,20180827,121.45,123.1,121.45,123.1,5,94500
L&TFH-I,20180827,181.9,183.7,180.4,181.2,3483,24408000
L&TFH-II,20180827,182.75,184.6,181.6,182.25,1757,10264500
L&TFH-III,20180827,183.15,185.1,182.5,182.5,13,130500
LICHSGFIN-I,20180827,550,550,522.35,527.55,19029,9931900
LICHSGFIN-II,20180827,550.1,553.5,524.95,529.7,7042,4703600
LICHSGFIN-III,20180827,550,550.05,528.75,532.6,84,48400
LT-I,20180827,1349,1364.7,1344.3,1356.8,9530,13164750
LT-II,20180827,1359.45,1370,1350.6,1362.45,3546,3396000
LT-III,20180827,1361,1372.5,1358.75,1368.45,48,52500
LUPIN-I,20180827,916.2,917.9,905,911.65,7846,9009700
LUPIN-II,20180827,917,922,910.05,915.7,2971,2851800
LUPIN-III,20180827,925.9,925.9,915.1,920,34,50400
M&M-I,20180827,972.95,983.3,968.3,979.5,3363,13041000
M&M-II,20180827,977.95,987.85,973.45,984,1529,2670000
M&M-III,20180827,982.45,987,982.45,987,2,12000
M&MFIN-I,20180827,468,473,467,471.4,1665,9618750
M&MFIN-II,20180827,469.7,475.1,468.85,473.65,684,1288750
M&MFIN-III,20180827,0,0,0,470.3,0,1250
MANAPPURAM-I,20180827,101.05,101.85,100.1,101.55,1059,13680000
MANAPPURAM-II,20180827,101.5,102.4,100.6,102.05,568,3492000
MANAPPURAM-III,20180827,102.7,102.75,102.6,102.6,3,42000
MARICO-I,20180827,379.05,386.7,375.5,378.25,1259,6372600
MARICO-II,20180827,384.35,388,378,380.1,392,982800
MARICO-III,20180827,0,0,0,391.15,0,5200
MARUTI-I,20180827,9198.55,9279,9198.55,9249.75,9635,2099850
MARUTI-II,20180827,9264.95,9324.8,9217,9293.3,4120,455250
MARUTI-III,20180827,9307.1,9359.95,9307.05,9330.75,27,6450
MCDOWELL-N-I,20180827,636.05,641,630.8,633.4,2925,6906250
MCDOWELL-N-II,20180827,638,644,634,636.95,1734,3398750
MCDOWELL-N-III,20180827,0,0,0,650,0,2500
MCX-I,20180827,836.85,856.45,836.85,846.15,2328,3263400
MCX-II,20180827,846,860.85,844.1,850.7,1507,1460200
MCX-III,20180827,0,0,0,848.9,0,30800
MFSL-I,20180827,469.05,482.9,466.75,479.5,1270,1587600
MFSL-II,20180827,471,485,470,482.15,750,880800
MFSL-III,20180827,0,0,0,480.2,0,0
MGL-I,20180827,848.1,849.4,840.6,842.45,2009,2906400
MGL-II,20180827,842.95,842.95,834.55,836.3,1272,2023200
MGL-III,20180827,842,842,837.45,837.45,4,15600
MINDTREE-I,20180827,1021.7,1053.1,1018.05,1050,4450,2971200
MINDTREE-II,20180827,1027.1,1058.85,1024.65,1055.5,1097,1069200
MINDTREE-III,20180827,0,0,0,1027.85,0,8400
MOTHERSUMI-I,20180827,302.6,309.6,302.5,305.05,2414,10921600
MOTHERSUMI-II,20180827,304.15,311,303.2,306.45,1474,2654400
MOTHERSUMI-III,20180827,0,0,0,300,0,17600
MRF-I,20180827,74318.65,74597.6,74024.05,74249.4,864,26550
MRF-II,20180827,74510,74897.35,74454,74624.05,534,10920
MRF-III,20180827,0,0,0,75500,0,20
MRPL-I,20180827,82.85,86.2,82.7,84.8,622,4252500
MRPL-II,20180827,83.2,86.5,83.15,85.25,390,1701000
MRPL-III,20180827,86,86,86,86,1,0
MUTHOOTFIN-I,20180827,408.65,414,405.1,410.55,1008,1650000
MUTHOOTFIN-II,20180827,409.3,416.2,408.3,412.7,384,516000
MUTHOOTFIN-III,20180827,415.4,418.95,415.4,418.95,2,6000
NATIONALUM-I,20180827,73.15,75.55,73,74.4,5417,46144000
NATIONALUM-II,20180827,73.2,75.85,73.2,74.8,1619,17184000
NATIONALUM-III,20180827,74.25,76,74.25,75.25,23,176000
NBCC-I,20180827,73.7,74.05,72.05,73.4,1510,14082000
NBCC-II,20180827,73,73.8,72,73.3,862,7914000
NBCC-III,20180827,0,0,0,73.15,0,114000
NCC-I,20180827,98.3,100.65,98.3,99.35,2307,39832000
NCC-II,20180827,99,101,99,99.9,924,9600000
NCC-III,20180827,100.05,101.05,100.05,100.7,9,328000
NESTLEIND-I,20180827,11365.1,11525,11315.3,11366.65,1094,228100
NESTLEIND-II,20180827,11527,11587.5,11375,11428.2,546,50700
NESTLEIND-III,20180827,0,0,0,11450,0,200
NHPC-I,20180827,25.35,25.6,25.3,25.4,133,13662000
NHPC-II,20180827,25.3,25.45,25.2,25.3,137,9153000
NHPC-III,20180827,0,0,0,25.6,0,27000
NIITTECH-I,20180827,1349.25,1356.45,1326.9,1345.25,2241,717750
NIITTECH-II,20180827,1342.15,1347.65,1320,1338.95,1078,577500
NIITTECH-III,20180827,1347.7,1350,1340,1340,5,4500
NMDC-I,20180827,105.85,108.85,104.35,107.85,2172,19950000
NMDC-II,20180827,105.5,109.4,105,108.4,1086,7788000
NMDC-III,20180827,107.4,109.45,107.25,109.2,9,246000
NTPC-I,20180827,163.6,167,163,166.65,1922,32724000
NTPC-II,20180827,163.2,165.2,162.9,164.8,1020,5012000
NTPC-III,20180827,164.75,164.75,164.5,164.5,6,28000
OFSS-I,20180827,4101.3,4113.85,4059,4101.1,195,132450
OFSS-II,20180827,4115.05,4135,4087.75,4124.6,148,29700
OFSS-III,20180827,0,0,0,3953.7,0,0
OIL-I,20180827,207.95,211.85,207.95,211,504,2613831
OIL-II,20180827,209.1,212,208.65,211.2,325,1135266
OIL-III,20180827,212.1,212.1,212.1,212.1,1,3399
ONGC-I,20180827,174.65,177,174.65,176.35,2452,37972500
ONGC-II,20180827,174.5,176.4,174.35,175.75,1273,6708750
ONGC-III,20180827,176.1,176.1,175.7,176.8,11,116250
ORIENTBANK-I,20180827,80.8,82.9,80.8,81.85,1583,9432000
ORIENTBANK-II,20180827,81.75,83.25,81.55,82.25,875,6420000
ORIENTBANK-III,20180827,82.65,82.7,82.45,82.45,4,54000
PAGEIND-I,20180827,34727,35940.05,34605.5,35719.05,2315,56175
PAGEIND-II,20180827,34199,35151,34021.25,35110.45,1001,24875
PAGEIND-III,20180827,34148.95,35137.45,34148.95,35137.45,12,325
PCJEWELLER-I,20180827,91.45,92.35,88.1,90,3336,6865500
PCJEWELLER-II,20180827,92,92.7,88.95,90.55,1231,2524500
PCJEWELLER-III,20180827,91.5,91.95,90.5,90.5,23,133500
PEL-I,20180827,2910,3083.4,2905.15,3068.8,11909,1653148
PEL-II,20180827,2930,3100,2924,3084.9,4644,1227026
PEL-III,20180827,2971,3111.7,2971,3099.65,8,1812
PETRONET-I,20180827,233.3,236.25,231.95,234.9,1900,14280000
PETRONET-II,20180827,230,233,229,231.6,1108,3807000
PETRONET-III,20180827,232.7,232.7,231.55,231.95,8,27000
PFC-I,20180827,80.2,86.05,80.2,85.15,7354,60102000
PFC-II,20180827,80.65,86.45,80.65,85.6,3338,27330000
PFC-III,20180827,82.35,86.35,82.35,86.35,11,108000
PIDILITIND-I,20180827,1146.75,1170.6,1146.75,1163.05,3613,2110000
PIDILITIND-II,20180827,1168,1175.65,1160.6,1164.85,2580,1946000
PIDILITIND-III,20180827,1175.7,1175.7,1175.7,1175.7,1,1000
PNB-I,20180827,86.5,87.4,85.2,85.5,9693,98637000
PNB-II,20180827,86.9,87.8,85.7,85.9,4695,41475500
PNB-III,20180827,87.6,88.25,86.5,86.65,42,473000
POWERGRID-I,20180827,190.45,198.45,190.45,198.1,7346,30400000
POWERGRID-II,20180827,190,195.55,189.95,195.25,5082,15588000
POWERGRID-III,20180827,192.35,192.35,192.35,192.35,1,24000
PTC-I,20180827,83.35,85.25,82.4,84.9,1111,15928000
PTC-II,20180827,83.15,85.6,82.7,85.3,500,6928000
PTC-III,20180827,85.4,85.4,85.4,85.4,1,24000
PVR-I,20180827,1322.95,1336.55,1317,1325.45,1288,726400
PVR-II,20180827,1330.8,1341.9,1324.95,1332.15,788,443600
PVR-III,20180827,0,0,0,1139.75,0,0
RAMCOCEM-I,20180827,681.3,687,675.85,678.15,442,991200
RAMCOCEM-II,20180827,686.1,688.05,677.35,679.75,343,292000
RAMCOCEM-III,20180827,687.45,687.5,687.45,687.5,2,1600
RAYMOND-I,20180827,808.6,824,804.35,818.95,1787,3457600
RAYMOND-II,20180827,817.1,826.5,810.5,822.85,1190,1252800
RAYMOND-III,20180827,0,0,0,805,0,800
RBLBANK-I,20180827,618.9,638.5,613.9,635.85,9694,3918000
RBLBANK-II,20180827,620,641.45,617.15,639.15,2524,1686000
RBLBANK-III,20180827,625,644.1,625,644.1,9,19200
RCOM-I,20180827,19.25,19.4,18.6,18.7,2661,89320000
RCOM-II,20180827,19.35,19.55,18.75,18.85,1259,44912000
RCOM-III,20180827,0,0,0,18.55,0,196000
RECLTD-I,20180827,111.85,120.4,111.85,119.85,7853,25620000
RECLTD-II,20180827,111.75,119.2,110.95,118.6,2597,20286000
RECLTD-III,20180827,112.45,119.65,112.2,119.6,55,198000
RELCAPITAL-I,20180827,442.6,448.6,440.05,443.7,5645,7746000
RELCAPITAL-II,20180827,433.3,440,431.15,435.95,2384,3645000
RELCAPITAL-III,20180827,440.7,440.7,436.1,438.7,7,94500
RELIANCE-I,20180827,1281.9,1294.2,1280.8,1292.3,18974,31673000
RELIANCE-II,20180827,1288.6,1300.85,1288.5,1298.75,7803,21465000
RELIANCE-III,20180827,1295.55,1305.9,1295,1305.1,82,368000
RELINFRA-I,20180827,413.55,425.65,412,421.9,6912,6671600
RELINFRA-II,20180827,408.2,418.35,405.3,414.6,2398,3729700
RELINFRA-III,20180827,409.35,419.7,409.35,417.35,11,104000
REPCOHOME-I,20180827,575,580.65,553.65,557.45,1087,619200
REPCOHOME-II,20180827,578.05,579,552.15,558.1,393,212400
REPCOHOME-III,20180827,0,0,0,638.25,0,0
RPOWER-I,20180827,33.7,34.25,33.55,33.9,1353,26858000
RPOWER-II,20180827,34,34.4,33.75,34.15,1020,25441000
RPOWER-III,20180827,34.4,34.55,34.35,34.35,11,1235000
SAIL-I,20180827,76.4,78.2,76.4,77.65,6044,58932000
SAIL-II,20180827,76.95,78.5,76.8,78,1954,20364000
SAIL-III,20180827,77.7,78.85,77.7,78.2,20,372000
SBIN-I,20180827,303.85,310.45,303.75,307.75,23371,64788000
SBIN-II,20180827,304.9,311.9,304.9,309.2,7136,23631000
SBIN-III,20180827,307.7,312.95,307.7,310.6,66,522000
SHREECEM-I,20180827,18347.6,18627.6,18250.2,18575.5,563,86400
SHREECEM-II,20180827,18422.7,18700,18399.75,18653.15,326,14050
SHREECEM-III,20180827,0,0,0,17800.8,0,0
SIEMENS-I,20180827,1040.3,1046.75,1027.45,1030.7,869,1075000
SIEMENS-II,20180827,1046.05,1052.5,1033.3,1036.1,544,456500
SIEMENS-III,20180827,1048,1056.4,1048,1056.4,3,4000
SOUTHBANK-I,20180827,17.7,17.7,17.5,17.65,987,109464723
SOUTHBANK-II,20180827,17.8,17.8,17.65,17.75,782,44674068
SOUTHBANK-III,20180827,17.8,17.9,17.8,17.85,7,1425063
SREINFRA-I,20180827,50.7,51.3,49.7,50.55,1186,11781000
SREINFRA-II,20180827,51.05,51.7,50,50.85,828,7252000
SREINFRA-III,20180827,0,0,0,50.2,0,119000
SRF-I,20180827,1971.6,1997.95,1961.95,1973.9,985,671500
SRF-II,20180827,1997.3,2008,1973,1984.3,505,342500
SRF-III,20180827,0,0,0,1675.05,0,0
SRTRANSFIN-I,20180827,1322.15,1366.45,1316.4,1362.15,6807,3331800
SRTRANSFIN-II,20180827,1325.8,1372.5,1322,1368.75,2548,1455600
SRTRANSFIN-III,20180827,1335,1374.7,1335,1374.7,6,4200
STAR-I,20180827,486,487,473.2,483.1,4387,3818400
STAR-II,20180827,487.65,487.95,474.65,483.7,1603,1260800
STAR-III,20180827,482,486.85,481.7,486.85,5,11200
SUNPHARMA-I,20180827,632.15,636,619.7,623.4,19184,24993100
SUNPHARMA-II,20180827,634,637.15,621.1,624.55,7885,14861000
SUNPHARMA-III,20180827,639.5,639.5,625,627.45,42,117700
SUNTV-I,20180827,770.55,776.45,765.05,771,5143,4967000
SUNTV-II,20180827,774,780,769,774.9,1489,2635000
SUNTV-III,20180827,775,777.35,774.4,774.4,5,15000
SUZLON-I,20180827,7.25,7.3,7.1,7.15,2355,213750000
SUZLON-II,20180827,7.3,7.3,7.15,7.2,2263,130320000
SUZLON-III,20180827,7.3,7.3,7.2,7.25,80,4725000
SYNDIBANK-I,20180827,39.55,40.15,39.5,39.75,1254,21042000
SYNDIBANK-II,20180827,40,40.4,39.8,40.05,819,13275000
SYNDIBANK-III,20180827,40.4,40.55,40.3,40.3,17,234000
TATACHEM-I,20180827,736.1,750.85,727.3,747.95,4786,2754750
TATACHEM-II,20180827,738.05,754.4,731,751.9,1791,1134750
TATACHEM-III,20180827,748.8,748.8,748.8,748.8,2,4500
TATACOMM-I,20180827,545.9,555.7,545.9,553.1,1673,2604800
TATACOMM-II,20180827,551.3,557.85,550.05,555.75,959,993600
TATACOMM-III,20180827,0,0,0,581.1,0,0
TATAELXSI-I,20180827,1421.95,1438,1418,1428.8,1976,2069600
TATAELXSI-II,20180827,1415.7,1444,1415.65,1436.15,452,373600
TATAELXSI-III,20180827,0,0,0,1474.35,0,4000
TATAGLOBAL-I,20180827,232.6,239.7,231.3,236.95,3471,11592000
TATAGLOBAL-II,20180827,233.45,240.75,232.75,238.15,1473,3692250
TATAGLOBAL-III,20180827,234.5,241.5,234.5,238.7,13,60750
TATAMOTORS-I,20180827,258.7,259.75,256.6,259.05,15580,56950500
TATAMOTORS-II,20180827,261.9,261.9,257.75,260.25,10231,30519000
TATAMOTORS-III,20180827,261,262.1,259.5,262,144,486000
TATAMTRDVR-I,20180827,140.15,142.1,139.5,140.7,2443,23284800
TATAMTRDVR-II,20180827,143.8,143.8,140.4,141.45,1746,10491600
TATAMTRDVR-III,20180827,142,143.25,142,142.8,5,39200
TATAPOWER-I,20180827,72.45,76.75,72.05,75.7,3116,49563000
TATAPOWER-II,20180827,72.9,77.05,72.45,76.1,1519,11412000
TATAPOWER-III,20180827,73,77.1,72.9,77.1,35,216000
TATASTEEL-I,20180827,581.9,588,580.35,582.45,20619,23889476
TATASTEEL-II,20180827,585.05,591.2,583.5,585.65,9538,20252368
TATASTEEL-III,20180827,590.4,593.6,586.2,586.8,63,118832
TCS-I,20180827,2049,2059,2033.35,2055.05,6065,8690500
TCS-II,20180827,2047.95,2065.5,2040,2061.7,3604,2662500
TCS-III,20180827,2056.75,2067.5,2056.75,2063.65,8,17500
TECHM-I,20180827,722.8,742.8,721,739.3,7661,13146000
TECHM-II,20180827,726.85,746.45,726,743.05,2743,4138800
TECHM-III,20180827,731.5,743.7,731.5,742.65,13,22800
TITAN-I,20180827,895,901.45,888.4,893.7,6609,9677250
TITAN-II,20180827,896,905,890.85,898.55,3021,5395500
TITAN-III,20180827,905,907.8,899,903,40,71250
TORNTPHARM-I,20180827,1783.95,1807,1777.05,1789.75,1680,503000
TORNTPHARM-II,20180827,1795,1816.55,1786.45,1797.8,569,194500
TORNTPHARM-III,20180827,1796.95,1816,1796.95,1816,6,4500
TORNTPOWER-I,20180827,250.3,261.6,250.3,258.5,1479,1554000
TORNTPOWER-II,20180827,253.75,262.8,253.75,259.8,552,999000
TORNTPOWER-III,20180827,257.75,262,257.75,261.5,5,15000
TV18BRDCST-I,20180827,48.6,48.7,47.75,48.25,1630,49665500
TV18BRDCST-II,20180827,48.7,49.2,48.15,48.6,1470,16252000
TV18BRDCST-III,20180827,48.95,49.05,48.9,48.95,10,161500
TVSMOTOR-I,20180827,553,568.7,551.65,563.2,5945,6324000
TVSMOTOR-II,20180827,552.95,564.95,550.3,560.25,2281,1596000
TVSMOTOR-III,20180827,550,563.45,550,559,20,21000
UBL-I,20180827,1404.95,1409.3,1382,1390,2292,1238300
UBL-II,20180827,1405.75,1415.95,1388.1,1396.05,1188,882700
UBL-III,20180827,0,0,0,1465,0,1400
UJJIVAN-I,20180827,358.5,363.95,357.65,359.5,1747,4912000
UJJIVAN-II,20180827,359.8,365.85,359.6,361.25,552,1086400
UJJIVAN-III,20180827,365.9,365.9,365.9,365.9,1,36800
ULTRACEMCO-I,20180827,4330,4385.95,4325.75,4378.9,5091,1661400
ULTRACEMCO-II,20180827,4342.7,4402.05,4342.7,4396.15,3191,636000
ULTRACEMCO-III,20180827,4389.95,4389.95,4389.95,4389.95,1,1200
UNIONBANK-I,20180827,87.15,91.1,86.7,90,5744,24294000
UNIONBANK-II,20180827,87.55,91.5,87.25,90.6,2538,13818000
UNIONBANK-III,20180827,88.7,90.95,88.7,90.95,3,396000
UPL-I,20180827,659.05,663.8,651.6,661.55,4217,12051600
UPL-II,20180827,665.35,667.1,655.1,664.7,2204,4459200
UPL-III,20180827,666.35,669.95,660.1,668.1,59,66000
VEDL-I,20180827,226.35,227.8,222.75,225.9,11157,34018250
VEDL-II,20180827,227.05,228.9,224,227.05,3116,16061500
VEDL-III,20180827,228.5,229.55,225.7,228.3,23,108500
VGUARD-I,20180827,213.65,215.35,211.05,213.9,512,2349000
VGUARD-II,20180827,213.95,215.75,213.5,214.95,251,894000
VGUARD-III,20180827,215.45,215.45,215.45,215.45,1,15000
VOLTAS-I,20180827,617.45,626.75,610.5,625.2,3815,4795000
VOLTAS-II,20180827,616.25,623.8,607.25,622,1332,1002000
VOLTAS-III,20180827,618.35,618.35,618.35,618.35,2,3000
WIPRO-I,20180827,293,297.45,291.1,296.3,5515,20457600
WIPRO-II,20180827,295.95,298.75,292.55,297.7,3258,7869600
WIPRO-III,20180827,294.95,296.25,294.95,296.25,3,28800
WOCKPHARMA-I,20180827,643.7,657.95,637.15,650.65,2403,2192400
WOCKPHARMA-II,20180827,649.8,661.75,640.3,654.15,1169,1275300
WOCKPHARMA-III,20180827,0,0,0,580.75,0,0
YESBANK-I,20180827,377.95,385.35,377.9,383.35,12742,34662250
YESBANK-II,20180827,379.85,386.9,379.85,385.15,4356,15401750
YESBANK-III,20180827,383.4,388.1,383.4,386.7,79,332500
ZEEL-I,20180827,513.95,515.9,507.25,512.55,2336,9045400
ZEEL-II,20180827,518,518.4,509.8,515.2,1062,1727700
ZEEL-III,20180827,518.3,518.3,514,516.75,31,18200
