BANKNIFTY-I,20180328,24300,24375,24226,24274.9,86559,534320
BANKNIFTY-II,20180328,24380.1,24438.7,24300,24339.3,46257,1477720
BANKNIFTY-III,20180328,24411,24465,24322.5,24371.35,515,143800
FTSE100-I,20180328,0,0,0,7832,0,0
FTSE100-II,20180328,0,0,0,7364,0,0
FTSE100-III,20180328,0,0,0,7982,0,0
FTSE100-IIII,20180328,0,0,0,7867,0,0
FTSE100-IIIII,20180328,0,0,0,7947,0,0
FTSE100-IIIIII,20180328,0,0,0,7674,0,0
NIFTY-I,20180328,10135.1,10159.7,10105.8,10120.25,185310,9538350
NIFTY-II,20180328,10194.9,10194.9,10140,10151.95,156579,19321050
NIFTY-III,20180328,10179.05,10207.35,10157.2,10175.3,7676,1648575
NIFTYCPSE-I,20180328,0,0,0,2729.2,0,0
NIFTYCPSE-II,20180328,0,0,0,2827.05,0,0
NIFTYCPSE-III,20180328,0,0,0,2627.4,0,0
NIFTYINFRA-I,20180328,0,0,0,3662.6,0,0
NIFTYINFRA-II,20180328,0,0,0,3716.6,0,0
NIFTYINFRA-III,20180328,0,0,0,3441.1,0,0
NIFTYIT-I,20180328,12422,12558,12421,12507,465,25350
NIFTYIT-II,20180328,12251,12794,12251,12737,498,22150
NIFTYIT-III,20180328,0,0,0,12344,0,50
NIFTYMID50-I,20180328,0,0,0,5080,0,0
NIFTYMID50-II,20180328,0,0,0,5007.45,0,591400
NIFTYMID50-III,20180328,0,0,0,5152,0,0
NIFTYPSE-I,20180328,0,0,0,4378.2,0,0
NIFTYPSE-II,20180328,0,0,0,4380.6,0,0
NIFTYPSE-III,20180328,0,0,0,4077.45,0,0
ACC-I,20180328,1508.5,1520,1503,1507.45,2875,634400
ACC-II,20180328,1513.5,1522,1506,1511.7,3113,1122400
ACC-III,20180328,1515,1515,1510,1512.55,10,6000
ADANIENT-I,20180328,158.35,161.65,154.7,156.4,6146,2620000
ADANIENT-II,20180328,159.15,162.4,155.4,157.4,4232,17704000
ADANIENT-III,20180328,158.7,161.15,156.7,157.4,30,1016000
ADANIPORTS-I,20180328,361.1,361.5,352.8,354.05,4891,2255000
ADANIPORTS-II,20180328,361.95,363.7,353.95,356.25,4586,13287500
ADANIPORTS-III,20180328,363.7,363.7,358,358.55,20,565000
ADANIPOWER-I,20180328,24.95,24.95,23.65,23.75,3309,9660000
ADANIPOWER-II,20180328,25.15,25.15,23.75,23.9,3961,93860000
ADANIPOWER-III,20180328,24.95,25,24,23.95,44,1660000
AJANTPHARM-I,20180328,1381.05,1410.2,1377,1389.8,1250,122500
AJANTPHARM-II,20180328,1399.05,1415.6,1380.2,1399.15,975,514000
AJANTPHARM-III,20180328,1395.85,1395.85,1395.85,1395.85,2,1000
ALBK-I,20180328,48.45,49.75,48.15,48.85,2187,4860000
ALBK-II,20180328,48.75,50,48.25,48.65,1778,13220000
ALBK-III,20180328,48.9,50.2,48.75,48.9,16,280000
AMARAJABAT-I,20180328,787.75,805.5,787.75,795.3,1735,280000
AMARAJABAT-II,20180328,790.65,808.3,790.65,798.35,1900,1136800
AMARAJABAT-III,20180328,800,800.05,800,800,4,9100
AMBUJACEM-I,20180328,228.95,234.4,228.05,232.9,4472,10040000
AMBUJACEM-II,20180328,227.3,234.9,227.3,232.7,6157,11155000
AMBUJACEM-III,20180328,230.4,235.15,229.55,233.4,26,62500
ANDHRABANK-I,20180328,41.45,42.95,41.35,41.65,1683,3350000
ANDHRABANK-II,20180328,41.95,43.2,41.6,41.85,1849,20220000
ANDHRABANK-III,20180328,42.55,42.7,42,42,9,160000
APOLLOHOSP-I,20180328,1029.8,1069.5,1020.2,1065.35,2194,167000
APOLLOHOSP-II,20180328,1034.1,1072,1025.4,1066.5,1763,719000
APOLLOHOSP-III,20180328,1061.7,1064.65,1061.7,1064.65,4,3000
APOLLOTYRE-I,20180328,273.35,277.65,271.25,275.7,3587,2853000
APOLLOTYRE-II,20180328,276.8,277,271.8,273.8,3661,10266000
APOLLOTYRE-III,20180328,275.35,277,274.65,275.2,11,189000
ARVIND-I,20180328,388,391.95,382.15,383.9,2409,786000
ARVIND-II,20180328,391.3,393.6,384.05,385.45,2633,5274000
ARVIND-III,20180328,393.7,393.7,386.25,387.9,26,116000
ASHOKLEY-I,20180328,144.6,146.6,143.95,145.5,7104,5432000
ASHOKLEY-II,20180328,145.5,147.25,144.4,145.8,6167,50421000
ASHOKLEY-III,20180328,146.15,147.55,145.3,146.5,68,826000
ASIANPAINT-I,20180328,1124.1,1126,1114,1120.35,2619,574200
ASIANPAINT-II,20180328,1129.5,1129.5,1119.3,1125.65,3189,4121400
ASIANPAINT-III,20180328,1122.2,1122.2,1122.2,1122.2,1,115800
AUROPHARMA-I,20180328,558.95,564.5,553.45,557.05,15133,3250400
AUROPHARMA-II,20180328,561.85,567.3,556.1,560.85,17526,22304800
AUROPHARMA-III,20180328,561.3,570,554.15,566.45,278,155200
AXISBANK-I,20180328,511.5,511.5,501.1,510.2,12521,9464400
AXISBANK-II,20180328,514.15,514.15,503.45,511.3,12980,38558400
AXISBANK-III,20180328,513.95,516,507.2,514.5,70,187200
BAJAJ-AUTO-I,20180328,2786.85,2793.4,2740.85,2745.35,4354,382500
BAJAJ-AUTO-II,20180328,2800,2810,2753.35,2760.75,5135,2067500
BAJAJ-AUTO-III,20180328,2805,2809.05,2780,2780.15,16,5750
BAJAJFINSV-I,20180328,5238.85,5301,5100,5174.2,5825,555750
BAJAJFINSV-II,20180328,5260,5315,5055.05,5179.7,4654,611125
BAJAJFINSV-III,20180328,5280,5280,5095.1,5186.15,9,1250
BAJFINANCE-I,20180328,1774,1794.35,1764,1767.7,6785,550500
BAJFINANCE-II,20180328,1776.95,1802.3,1773,1778.45,6542,4752500
BAJFINANCE-III,20180328,1806.85,1807.85,1799,1800,11,10500
BALKRISIND-I,20180328,1085.05,1103.95,1054.95,1069.5,1810,372800
BALKRISIND-II,20180328,1098.75,1108.45,1060.05,1069.7,1302,834400
BALKRISIND-III,20180328,1071.5,1075.55,1070.45,1074.45,9,6400
BALRAMCHIN-I,20180328,79.35,80.05,74.85,75.7,3742,3888500
BALRAMCHIN-II,20180328,79.95,80.55,75.5,76.25,2953,13835500
BALRAMCHIN-III,20180328,0,0,0,82.35,0,616000
BANKBARODA-I,20180328,142.05,146.5,141.1,142.4,9208,8376000
BANKBARODA-II,20180328,143.15,147.1,141.75,142.65,10609,50344000
BANKBARODA-III,20180328,142.9,147.5,142.9,143.35,70,1148000
BANKINDIA-I,20180328,103.8,107.4,103,103.6,4669,3342000
BANKINDIA-II,20180328,104.05,108,103.55,104.2,4028,22866000
BANKINDIA-III,20180328,105.3,107.75,104.5,105.2,35,1674000
BATAINDIA-I,20180328,736.1,754.35,728.85,730.5,3459,251900
BATAINDIA-II,20180328,740.05,759,732.3,734.35,5675,2278100
BATAINDIA-III,20180328,0,0,0,690,0,2200
BEL-I,20180328,142.2,145.7,141.25,141.75,3569,5266800
BEL-II,20180328,142.95,146.2,141.5,142.15,4380,24982650
BEL-III,20180328,143.6,147,142.5,142.5,51,608850
BEML-I,20180328,1048.85,1057.95,1036.2,1044.25,4599,236400
BEML-II,20180328,1045.75,1062.15,1043.7,1049.3,5293,2147100
BEML-III,20180328,1062.7,1066.05,1050,1053.75,619,230700
BERGEPAINT-I,20180328,250.95,259.7,250.95,256.35,1353,409200
BERGEPAINT-II,20180328,250.45,259,249.65,253.5,1001,1084600
BERGEPAINT-III,20180328,252.2,254.1,250.8,254.1,4,8800
BHARATFIN-I,20180328,1090.2,1106.95,1090.05,1096.95,2903,685000
BHARATFIN-II,20180328,1097.1,1112.6,1096,1102.7,2644,4268000
BHARATFIN-III,20180328,1105,1113,1105,1105.6,9,12000
BHARATFORG-I,20180328,695.25,705,695.2,699.25,2169,555600
BHARATFORG-II,20180328,704,708.85,699,703.25,2448,6906000
BHARATFORG-III,20180328,708.4,710.5,708.4,710.5,7,9600
BHARTIARTL-I,20180328,410.3,411.6,398.15,399,11530,3469700
BHARTIARTL-II,20180328,412.55,413.8,398.05,400.05,12373,54184100
BHARTIARTL-III,20180328,414,414,401.5,402,43,229500
BHEL-I,20180328,82.15,82.7,81.2,81.45,3992,7117500
BHEL-II,20180328,82.55,83.1,81.45,81.8,4513,47842500
BHEL-III,20180328,82.95,83.5,82,82.4,50,667500
BIOCON-I,20180328,603.8,617.85,591.25,593.65,6339,1047600
BIOCON-II,20180328,600,618.1,593.5,596.45,4630,7011000
BIOCON-III,20180328,606,618.2,595,597.3,38,95400
BOSCHLTD-I,20180328,17380.15,18153.65,17379.9,18004.85,4927,93100
BOSCHLTD-II,20180328,17524.7,18388.3,17453.05,18121.35,6481,160625
BOSCHLTD-III,20180328,18000,18399.95,18000,18399.95,2,125
BPCL-I,20180328,417.6,428.45,415.45,426.8,4474,2700000
BPCL-II,20180328,418.45,431.75,418,429.6,4409,10389600
BPCL-III,20180328,426.4,432.05,424.25,431.4,21,55800
BRITANNIA-I,20180328,4960.25,4992.45,4943.15,4974.9,2378,121600
BRITANNIA-II,20180328,4986.95,5020.8,4935.4,4969.95,2658,850200
BRITANNIA-III,20180328,0,0,0,4951.05,0,0
CADILAHC-I,20180328,379.9,382.95,372.25,377.35,2864,755200
CADILAHC-II,20180328,381.85,384.8,374.5,379.5,2992,5281600
CADILAHC-III,20180328,380.75,384.7,377,381.95,33,54400
CANBK-I,20180328,265.05,273.9,262.65,264.5,9919,1582400
CANBK-II,20180328,269.05,274.65,263.9,265.55,8606,10822400
CANBK-III,20180328,266.95,275.1,265.6,266.6,240,1201600
CANFINHOME-I,20180328,505.6,506.3,480,484.85,5970,1148750
CANFINHOME-II,20180328,505.3,509,482.8,487.95,5283,5630000
CANFINHOME-III,20180328,497.05,497.05,487.8,490.1,252,396250
CAPF-I,20180328,626.45,638.8,615,616.25,3806,547200
CAPF-II,20180328,634.25,642,618.15,620.35,4454,7386400
CAPF-III,20180328,643.3,646.15,623.65,625,37,227200
CASTROLIND-I,20180328,202.4,205.4,202,204.55,1326,674800
CASTROLIND-II,20180328,201.05,203,200.6,201.5,1466,10880800
CASTROLIND-III,20180328,202.95,203,202.95,203,3,8400
CEATLTD-I,20180328,1498.65,1515.8,1478.85,1504.35,4240,152600
CEATLTD-II,20180328,1519.95,1522,1492.6,1510.55,3407,1038100
CEATLTD-III,20180328,1519.75,1519.75,1505.1,1505.1,3,1400
CENTURYTEX-I,20180328,1140.05,1154,1126.05,1143.9,3678,408650
CENTURYTEX-II,20180328,1147.9,1157.45,1133.35,1146.35,4095,5865200
CENTURYTEX-III,20180328,1163.05,1163.05,1145.5,1150.05,7,7150
CESC-I,20180328,963.8,999.1,961.8,966.3,8342,938850
CESC-II,20180328,973.05,1002.9,963.25,969.65,7356,5467000
CESC-III,20180328,979.5,1000,969.6,982.85,526,261250
CGPOWER-I,20180328,75.3,77.85,75.15,77.55,1683,2352000
CGPOWER-II,20180328,76.3,78.3,75.7,77.75,1521,21240000
CGPOWER-III,20180328,78,78.5,77.5,78.15,5,144000
CHENNPETRO-I,20180328,324.8,333.85,322.7,328.05,1296,324000
CHENNPETRO-II,20180328,325.4,335.45,323.55,329.25,1126,2512500
CHENNPETRO-III,20180328,0,0,0,330.3,0,3000
CHOLAFIN-I,20180328,1451.3,1467.5,1428.5,1444.75,1296,308500
CHOLAFIN-II,20180328,1457.9,1476,1438.3,1456.95,1028,317500
CHOLAFIN-III,20180328,0,0,0,1406.05,0,0
CIPLA-I,20180328,542.1,547.85,534,545.5,4567,1198000
CIPLA-II,20180328,545,548.3,536.1,544.55,5090,8296000
CIPLA-III,20180328,541,549.5,539.5,549.5,13,478000
COALINDIA-I,20180328,273.3,284.75,272.55,282.9,4954,7581200
COALINDIA-II,20180328,274.2,284,273.05,281.8,5768,16143600
COALINDIA-III,20180328,274.25,284.7,274.25,282.4,29,655600
COLPAL-I,20180328,1040.95,1062.5,1040.95,1057.95,1273,370300
COLPAL-II,20180328,1046.8,1064.8,1045,1054.25,1637,1351000
COLPAL-III,20180328,0,0,0,1062.6,0,0
CONCOR-I,20180328,1223.6,1249.45,1223.05,1244.65,1276,179375
CONCOR-II,20180328,1227,1255,1227,1237.4,1262,903125
CONCOR-III,20180328,1245,1249,1245,1247.05,4,2500
CUMMINSIND-I,20180328,717.3,725.5,683.55,700.2,2209,256200
CUMMINSIND-II,20180328,703,718,645,682.45,4435,2137800
CUMMINSIND-III,20180328,700.05,700.05,645,686.05,45,18600
DABUR-I,20180328,322.7,334.5,322.7,328.6,3807,1435000
DABUR-II,20180328,324.55,335.5,324.5,328.5,3574,13705000
DABUR-III,20180328,333.95,333.95,333.95,333.95,1,0
DALMIABHA-I,20180328,2850,2888.35,2804.9,2859.7,1921,109500
DALMIABHA-II,20180328,2858.8,2897.95,2808.85,2862,1600,570000
DALMIABHA-III,20180328,0,0,0,2899.05,0,1500
DCBBANK-I,20180328,163.1,163.75,161.25,161.55,961,855000
DCBBANK-II,20180328,164,164.7,161.2,162.2,947,4144500
DCBBANK-III,20180328,163.15,163.8,162,163.55,15,72000
DHFL-I,20180328,518.6,524,507.15,509.15,8672,2245500
DHFL-II,20180328,526.65,527.7,510,513.25,8113,26923500
DHFL-III,20180328,522,529.05,513.05,517.15,53,75000
DISHTV-I,20180328,71.2,72.35,70.3,71.15,3136,4767000
DISHTV-II,20180328,72,72.7,70.6,71.6,3151,43750000
DISHTV-III,20180328,71.7,72.1,71.4,71.7,144,3451000
DIVISLAB-I,20180328,1077.35,1124.25,1077.35,1090.4,2948,467200
DIVISLAB-II,20180328,1085.55,1125.65,1085.55,1096.9,2965,2113600
DIVISLAB-III,20180328,1095.05,1127,1095.05,1100,13,171200
DLF-I,20180328,205.2,207.7,200.45,201.3,8720,4600000
DLF-II,20180328,206.5,208.95,201.6,202.45,7210,45855000
DLF-III,20180328,206.55,209.5,202.9,203.7,44,530000
DRREDDY-I,20180328,2099.65,2111.05,2071.05,2080.45,8042,369750
DRREDDY-II,20180328,2115.65,2121.95,2084.05,2093,7908,3980250
DRREDDY-III,20180328,2114.5,2114.5,2097.05,2101.35,30,13250
EICHERMOT-I,20180328,28279,28470,28049.05,28329.85,5171,54200
EICHERMOT-II,20180328,28417.05,28749,28200.4,28493.55,5774,187650
EICHERMOT-III,20180328,28500,28660,28405.2,28500.05,27,750
ENGINERSIN-I,20180328,155.95,161.15,155.95,157.95,1848,1330000
ENGINERSIN-II,20180328,156.85,159.7,155.6,157.85,1735,6800500
ENGINERSIN-III,20180328,159.7,159.85,158.65,159.1,10,66500
EQUITAS-I,20180328,145.8,146.35,142.25,143.9,2888,940800
EQUITAS-II,20180328,145.65,147,143.4,144.6,2726,17692800
EQUITAS-III,20180328,145.05,147.65,145.05,145.55,16,38400
ESCORTS-I,20180328,819.4,824.45,815.55,817.45,2577,422400
ESCORTS-II,20180328,827.35,828.45,820,823.55,2380,3104200
ESCORTS-III,20180328,827.7,827.7,827.1,827.1,2,2200
EXIDEIND-I,20180328,220.1,223.55,217.15,223,1364,756000
EXIDEIND-II,20180328,220,224,218.3,223.05,1492,8584000
EXIDEIND-III,20180328,221,221,221,221,1,4000
FEDERALBNK-I,20180328,90.5,91,89.1,89.25,6278,6732000
FEDERALBNK-II,20180328,90.75,91.4,89.5,89.8,7097,52833000
FEDERALBNK-III,20180328,91.8,91.8,90.2,90.4,74,632500
FORTIS-I,20180328,134.5,136.65,120.8,122.85,24599,10580500
FORTIS-II,20180328,136.1,136.1,120.95,122.75,6255,4994500
FORTIS-III,20180328,130.75,130.75,123.3,125.95,14,56000
GAIL-I,20180328,320.25,331,316.6,328.6,4083,2821686
GAIL-II,20180328,321.05,331.95,318,330.4,4892,13993749
GAIL-III,20180328,317,332.4,317,331.8,21,69342
GLENMARK-I,20180328,538.85,541.75,525.65,527.5,3070,423900
GLENMARK-II,20180328,537.4,543.25,527.1,528.75,3190,5101200
GLENMARK-III,20180328,543,543,530.25,531.4,18,24300
GMRINFRA-I,20180328,17.3,17.6,16.85,16.95,5561,26235000
GMRINFRA-II,20180328,17.5,17.75,16.9,17.05,5679,284445000
GMRINFRA-III,20180328,17.6,17.8,17.6,17.8,4,2700000
GODFRYPHLP-I,20180328,818.8,849,814.3,822.15,1453,62000
GODFRYPHLP-II,20180328,825.45,853.3,819.5,825.9,866,586000
GODFRYPHLP-III,20180328,0,0,0,815.2,0,1000
GODREJCP-I,20180328,1075.15,1096,1075.15,1093,1415,292800
GODREJCP-II,20180328,1083.8,1104.5,1082.45,1099.45,1545,2411200
GODREJCP-III,20180328,0,0,0,1065,0,1600
GODREJIND-I,20180328,542.8,554.45,541.85,549.7,824,220500
GODREJIND-II,20180328,545.75,557.1,545,552.25,814,1842000
GODREJIND-III,20180328,0,0,0,525.15,0,4500
GRANULES-I,20180328,104.35,105.95,102.65,103.3,2165,2580000
GRANULES-II,20180328,105,106.5,103.5,104.05,2252,14440000
GRANULES-III,20180328,106,106.5,104.4,104.75,8,80000
GRASIM-I,20180328,1082,1100.15,1049,1053.7,4004,1969500
GRASIM-II,20180328,1080.3,1103.85,1047.3,1055.95,5711,5376750
GRASIM-III,20180328,1104,1104,1064,1063.1,6,6000
GSFC-I,20180328,116.85,116.95,113.7,114.15,2260,3231000
GSFC-II,20180328,117.5,117.6,114.2,114.85,2727,18081000
GSFC-III,20180328,118,118,114.2,115,4,49500
HAVELLS-I,20180328,492.5,495.8,487,488.1,2042,756000
HAVELLS-II,20180328,496.45,498.2,489.2,490.7,2036,4506000
HAVELLS-III,20180328,497.15,497.15,491.35,491.95,11,20000
HCC-I,20180328,22.85,23.2,22.15,22.25,2363,8070000
HCC-II,20180328,23,23.35,22.15,22.4,2299,40470000
HCC-III,20180328,23.1,23.4,22.55,22.55,17,735000
HCLTECH-I,20180328,959,978.25,953.7,969.85,8604,1391600
HCLTECH-II,20180328,960,979.1,957.6,970.9,9094,9596300
HCLTECH-III,20180328,949.65,978.6,949.65,972.65,5,213500
HDFC-I,20180328,1817.55,1827.5,1812.25,1824.5,9432,3024000
HDFC-II,20180328,1828.95,1839,1821.05,1834.55,11592,15412000
HDFC-III,20180328,1836,1842.1,1826.2,1841.1,26,81500
HDFCBANK-I,20180328,1879.25,1898.15,1876.8,1887.05,16250,4658000
HDFCBANK-II,20180328,1883.65,1895.9,1879.65,1890.4,15765,15021000
HDFCBANK-III,20180328,1885.75,1900.9,1885,1896.8,43,47500
HDIL-I,20180328,39,40.1,38.35,38.6,3042,6615000
HDIL-II,20180328,39.25,40.35,38.5,38.8,3210,26406000
HEROMOTOCO-I,20180328,3446.4,3570,3431.45,3547.8,5674,492600
HEROMOTOCO-II,20180328,3440.5,3556,3440.5,3528.95,6305,1307800
HEROMOTOCO-III,20180328,3535,3563.85,3535,3553.95,6,3000
HEXAWARE-I,20180328,363.7,380,363.7,377.1,2280,1089000
HEXAWARE-II,20180328,365.25,374.85,363.4,372,1871,3240000
HEXAWARE-III,20180328,370.95,370.95,365.6,370.05,9,156000
HINDALCO-I,20180328,215.55,216.25,212.1,214.7,8520,7294000
HINDALCO-II,20180328,216.3,216.95,213.2,214.65,7159,40407500
HINDALCO-III,20180328,216.4,217.15,214.55,215.15,47,721000
HINDPETRO-I,20180328,343.55,347.9,339.25,345.7,8009,4747050
HINDPETRO-II,20180328,346,349.45,341.5,345.7,11047,24864525
HINDPETRO-III,20180328,343,349.9,343,346.25,14,80325
HINDUNILVR-I,20180328,1328.25,1339,1322,1334.4,4644,702600
HINDUNILVR-II,20180328,1334.45,1343.25,1327,1339.5,5218,8124000
HINDUNILVR-III,20180328,1345,1345,1337.95,1337.95,8,4800
HINDZINC-I,20180328,306.45,306.45,298.65,301.65,3194,1776000
HINDZINC-II,20180328,305.7,307.5,300.35,302.85,3587,14774400
HINDZINC-III,20180328,0,0,0,307,0,3200
IBULHSGFIN-I,20180328,1245.95,1265.4,1189.5,1237.2,14187,2257600
IBULHSGFIN-II,20180328,1247.55,1271.5,1236.65,1243,14153,15460400
IBULHSGFIN-III,20180328,1255.55,1265,1249,1249,33,15600
ICICIBANK-I,20180328,282.65,283,277.7,278.45,14694,16692500
ICICIBANK-II,20180328,284.25,284.25,278.65,279.75,14541,91509000
ICICIBANK-III,20180328,284,284,280,280.35,51,841500
ICICIPRULI-I,20180328,386.25,396.5,386.25,390.35,2323,991900
ICICIPRULI-II,20180328,389.1,397.9,384.9,390.25,2335,4150900
ICICIPRULI-III,20180328,394,397.5,390,390,9,13000
IDBI-I,20180328,75,75.7,71.3,72.35,5045,13620000
IDBI-II,20180328,75.4,76.1,71.9,72.6,4965,37970000
IDBI-III,20180328,74.75,75.8,73.05,73.05,16,210000
IDEA-I,20180328,80.15,80.4,75.5,75.85,8698,11438000
IDEA-II,20180328,80.85,80.85,75.85,76.4,9618,102746000
IDEA-III,20180328,80.75,80.75,76.35,76.9,58,777000
IDFC-I,20180328,48.1,50,48.05,48.65,8185,11761200
IDFC-II,20180328,48.35,50.3,48.3,48.9,9341,163508400
IDFC-III,20180328,49.75,50.5,48.95,49.2,55,897600
IDFCBANK-I,20180328,48.75,49.15,47.3,47.4,11888,12357000
IDFCBANK-II,20180328,48.85,49.45,47.5,47.7,14024,181881000
IDFCBANK-III,20180328,49,49.65,47.9,48.05,67,1170000
IFCI-I,20180328,19.85,20.25,19.5,19.6,3011,11550000
IFCI-II,20180328,20,20.4,19.55,19.7,2899,68640000
IFCI-III,20180328,20.25,20.25,20.25,20.25,1,1430000
IGL-I,20180328,277.5,281.1,275.6,279.3,1523,913000
IGL-II,20180328,279.3,282.7,277.1,281.05,1625,5392750
IGL-III,20180328,280.05,283.8,280,283.8,24,66000
INDIACEM-I,20180328,141.95,145.25,140.4,141.75,3747,2453500
INDIACEM-II,20180328,143,146,141.35,142.45,4308,22585500
INDIACEM-III,20180328,143.75,146.75,142.2,144,12,224000
INDIANB-I,20180328,308.75,308.75,298.5,299.8,1913,406000
INDIANB-II,20180328,302.6,308,299.95,301.5,1519,3286000
INDIANB-III,20180328,302,303.9,302,303.1,4,16000
INDIGO-I,20180328,1298.75,1312.1,1271.65,1288.55,3700,1132200
INDIGO-II,20180328,1283,1304.5,1277,1283.05,4013,3025200
INDIGO-III,20180328,1275.05,1293.25,1275,1275,7,5400
INDUSINDBK-I,20180328,1777.3,1806.05,1776.05,1795.2,9355,1363500
INDUSINDBK-II,20180328,1778.05,1798.9,1775,1784.65,9997,5215500
INDUSINDBK-III,20180328,1789.4,1789.4,1782,1784.85,16,131100
INFIBEAM-I,20180328,151.65,151.7,145.35,147.4,2332,3080000
INFIBEAM-II,20180328,150.3,150.35,145,146.9,2607,37356000
INFIBEAM-III,20180328,149.85,150.1,145.65,146.7,325,2220000
INFRATEL-I,20180328,335.1,339.45,331.6,336,3479,1575900
INFRATEL-II,20180328,329.2,335.9,325.85,334.6,2938,5028600
INFRATEL-III,20180328,332.2,335.7,329.5,335.35,7,321300
INFY-I,20180328,1148.7,1148.7,1130.15,1133.25,14129,4716000
INFY-II,20180328,1151.95,1151.95,1132.7,1136.85,18370,34887000
INFY-III,20180328,1150.55,1150.75,1133.15,1138.2,60,60600
IOC-I,20180328,173.2,178.2,172,176.8,6877,5190000
IOC-II,20180328,174.1,177.6,172.2,176.7,6942,38220000
IOC-III,20180328,175.05,177.9,173.75,177.15,47,1368000
IRB-I,20180328,218.65,223.5,215.35,222.25,4391,2032500
IRB-II,20180328,218.7,228,216.65,224.15,3698,14627500
IRB-III,20180328,221.75,221.75,219,219.45,14,200000
ITC-I,20180328,258.65,258.75,255.25,255.95,11524,9609600
ITC-II,20180328,259.95,260,256,256.9,13269,85449600
ITC-III,20180328,261.25,261.25,257.1,257.95,140,590400
JETAIRWAYS-I,20180328,632,633.9,606.8,609.3,7386,726000
JETAIRWAYS-II,20180328,631.9,637.45,609.1,612.45,5818,5781600
JETAIRWAYS-III,20180328,630,632,616.5,616.35,197,158400
JINDALSTEL-I,20180328,226.9,227.2,218.6,219.55,7042,5274000
JINDALSTEL-II,20180328,228.75,228.75,218.9,220.15,5977,30978000
JINDALSTEL-III,20180328,228.85,228.85,220,220.9,24,292500
JISLJALEQS-I,20180328,108.3,109,106.25,106.55,2528,6327000
JISLJALEQS-II,20180328,109,109.7,106.65,107.1,2780,34137000
JISLJALEQS-III,20180328,109.45,109.95,107.55,107.55,15,612000
JPASSOCIAT-I,20180328,18.8,19.95,18.25,18.95,3858,26350000
JPASSOCIAT-II,20180328,18.7,20.1,18.4,19.05,3961,193120000
JPASSOCIAT-III,20180328,0,0,0,19.1,3,748000
JSWSTEEL-I,20180328,298.7,298.7,287.8,288.7,7728,3426000
JSWSTEEL-II,20180328,300.35,300.35,287.5,289.6,8544,65301000
JSWSTEEL-III,20180328,295.8,297.7,289.5,290.65,30,726000
JUBLFOOD-I,20180328,2337.1,2363.4,2311.2,2328.6,7217,495500
JUBLFOOD-II,20180328,2348.05,2375.05,2324,2334.95,5548,1646500
JUBLFOOD-III,20180328,2347,2379.4,2339.95,2343.5,75,98500
JUSTDIAL-I,20180328,458.3,459.85,442,443.75,2876,925400
JUSTDIAL-II,20180328,460.25,460.25,443.45,445.65,2391,3386600
JUSTDIAL-III,20180328,453.8,453.8,453.8,453.8,1,317800
KAJARIACER-I,20180328,573.05,576.7,564.9,570,1219,323200
KAJARIACER-II,20180328,579,582.5,569,571.25,956,1180000
KAJARIACER-III,20180328,576,576,576,576,1,1600
KOTAKBANK-I,20180328,1037.9,1057,1037.9,1048.45,5850,2235200
KOTAKBANK-II,20180328,1047.6,1063.05,1045.95,1053.6,7577,9532000
KOTAKBANK-III,20180328,1063.8,1063.8,1055.65,1056.5,12,212800
KPIT-I,20180328,222.1,223.15,215.5,216.8,2162,2137500
KPIT-II,20180328,223.35,224.3,216.25,217.75,2007,8320500
KPIT-III,20180328,217.1,220.4,216.1,219.25,5,36000
KSCL-I,20180328,482.85,490.5,464.2,483.3,1607,331500
KSCL-II,20180328,484.95,493,469.05,486.1,1383,2092500
KSCL-III,20180328,490.7,490.7,486.5,486.5,2,0
KTKBANK-I,20180328,117.85,117.85,114.65,115.1,2859,2447200
KTKBANK-II,20180328,118.65,118.65,115.05,115.6,3335,23639800
KTKBANK-III,20180328,118.4,118.5,116.05,116.2,41,596600
L&TFH-I,20180328,158,158.8,155.85,156.9,4009,2956500
L&TFH-II,20180328,158.25,159.6,156.6,157.8,3933,29893500
L&TFH-III,20180328,159.15,159.6,158,158.15,11,778500
LICHSGFIN-I,20180328,551.45,551.45,533,534.4,7445,1027400
LICHSGFIN-II,20180328,553,553,535.3,537.55,7644,12371700
LICHSGFIN-III,20180328,549.05,551.15,538.1,539.2,37,71500
LT-I,20180328,1299.9,1321,1292.35,1312.35,8509,4512750
LT-II,20180328,1303.75,1327,1299.25,1318.35,8450,11069250
LT-III,20180328,1313.5,1331,1306.5,1324,127,141000
LUPIN-I,20180328,749,756,734.15,736.25,11525,1376400
LUPIN-II,20180328,752.1,759.75,737.2,740,12033,13687800
LUPIN-III,20180328,758,763.15,740.9,743.85,171,388200
M&M-I,20180328,744,744,734.25,738.85,5695,3248000
M&M-II,20180328,745,746.85,737.45,742.6,8236,13627000
M&M-III,20180328,743.85,745,742,743,19,28000
M&MFIN-I,20180328,457.9,464.3,452.3,462.8,4270,686250
M&MFIN-II,20180328,456.15,466.45,454.65,463.8,3900,7190000
M&MFIN-III,20180328,459.65,465.45,459.65,465.15,23,220000
MANAPPURAM-I,20180328,109.6,111.4,108.6,109.15,2392,2010000
MANAPPURAM-II,20180328,110,112,109.1,109.75,2307,17868000
MANAPPURAM-III,20180328,110.4,112.15,109.3,110.4,29,108000
MARICO-I,20180328,326.7,330.45,324.55,325.95,1064,603200
MARICO-II,20180328,324.3,331.75,324.3,327.9,1154,4196400
MARICO-III,20180328,0,0,0,308.85,0,650000
MARUTI-I,20180328,8802.6,9082.85,8794.6,8871.8,27748,366975
MARUTI-II,20180328,8839.95,9112.65,8838.75,8905.2,21917,2128125
MARUTI-III,20180328,8895.1,9149.7,8894.6,8941.3,302,45150
MCDOWELL-N-I,20180328,3184.95,3184.95,3122.4,3128.2,4412,135750
MCDOWELL-N-II,20180328,3190,3201.1,3137.85,3145,4247,2144000
MCDOWELL-N-III,20180328,3198,3198,3198,3198,3,8750
MCX-I,20180328,683.9,683.9,664.7,667.7,3781,218500
MCX-II,20180328,688,688,668,672.05,3573,3415000
MCX-III,20180328,680,684,672.25,675.15,37,13500
MFSL-I,20180328,461.5,464,450.15,453.25,1525,417000
MFSL-II,20180328,464.3,466.85,450.95,454.25,1791,2716000
MFSL-III,20180328,460.15,460.15,456,456.05,4,6000
MGL-I,20180328,971.25,977.75,957.15,959.3,1219,166200
MGL-II,20180328,981.55,981.95,958.5,963.75,1150,889800
MGL-III,20180328,0,0,0,1005.35,0,0
MINDTREE-I,20180328,773.5,780.55,767.7,772.15,2648,627600
MINDTREE-II,20180328,772,784.2,770.95,775.65,2265,1653600
MINDTREE-III,20180328,781.55,784,777.75,778.85,6,10800
MOTHERSUMI-I,20180328,313.7,320.4,309.4,311.35,5995,3020800
MOTHERSUMI-II,20180328,314.45,321.45,310.8,312.3,5639,13865600
MOTHERSUMI-III,20180328,317,321.95,312.95,313.35,61,432000
MRF-I,20180328,72288.5,73691.25,71778.75,72615.3,1529,4440
MRF-II,20180328,72400.05,73847.6,72114.95,72694.35,1458,34815
MRF-III,20180328,73955.65,73955.65,73955.65,73955.65,1,45
MRPL-I,20180328,111.45,111.45,108.2,109.75,993,814500
MRPL-II,20180328,111.15,111.6,109.65,110.45,839,4360500
MRPL-III,20180328,111.9,111.9,111.9,111.9,1,4500
MUTHOOTFIN-I,20180328,400.05,412,399.1,408,1360,235500
MUTHOOTFIN-II,20180328,401.8,413.3,401,407.35,1144,1704000
MUTHOOTFIN-III,20180328,404.85,404.85,404.85,404.85,2,4500
NATIONALUM-I,20180328,66.95,67.9,65.7,66.5,4037,8184000
NATIONALUM-II,20180328,67.4,68.3,66.05,66.75,3903,36608000
NATIONALUM-III,20180328,67.35,68.05,66.6,67.3,17,232000
NBCC-I,20180328,192.4,193.95,190,190.3,2314,1596000
NBCC-II,20180328,193.5,195,191,191.45,2588,10467000
NBCC-III,20180328,195.3,195.8,191.45,192.3,36,615000
NCC-I,20180328,121.2,121.25,117.05,117.5,2485,4944000
NCC-II,20180328,121.6,121.7,117.3,118,2621,24728000
NCC-III,20180328,120.75,121.05,118,118.1,13,296000
NESTLEIND-I,20180328,8151.35,8240,8119.95,8202.85,1500,16300
NESTLEIND-II,20180328,8184.95,8275,8161.15,8240.55,1495,215300
NESTLEIND-III,20180328,0,0,0,7691.2,0,0
NHPC-I,20180328,27.25,28.05,27.15,27.75,1165,14472000
NHPC-II,20180328,27.55,28.2,27.25,27.85,1026,29781000
NHPC-III,20180328,27.6,28.2,27.55,27.9,25,756000
NIITTECH-I,20180328,886.05,887.2,863.7,865.8,2757,340500
NIITTECH-II,20180328,883.95,885.6,868.1,870.95,1824,1389000
NIITTECH-III,20180328,873,873,873,873,2,184500
NMDC-I,20180328,120.45,120.6,118.15,118.55,2791,3942000
NMDC-II,20180328,121.55,121.55,118.9,119.25,3045,28374000
NMDC-III,20180328,120.65,121.3,119.55,119.7,32,276000
NTPC-I,20180328,170,170,166.4,169.45,3081,5280000
NTPC-II,20180328,170.45,170.45,166.75,168.5,4079,29564000
NTPC-III,20180328,168.3,170.2,168.3,170.2,5,32000
OFSS-I,20180328,3759.6,3792.95,3723.15,3743.7,573,64950
OFSS-II,20180328,3770.95,3807.7,3732,3751.45,489,55050
OFSS-III,20180328,0,0,0,4170.8,0,0
OIL-I,20180328,217,218.2,214.45,215.95,1140,958518
OIL-II,20180328,218,218.5,215.3,216.25,1280,3093090
OIL-III,20180328,0,0,0,336.05,0,6798
ONGC-I,20180328,178.75,178.9,176.1,177.75,3643,6270000
ONGC-II,20180328,179.4,179.7,177,178.6,3762,29898750
ONGC-III,20180328,180.6,180.6,178.05,179.9,40,371250
ORIENTBANK-I,20180328,93.1,95.95,91.45,91.65,2048,2622000
ORIENTBANK-II,20180328,93.6,96.4,91.7,92.1,2392,12966000
ORIENTBANK-III,20180328,95.55,96,92,92,11,540000
PAGEIND-I,20180328,22093.6,22731.9,21889.95,22664.6,568,8750
PAGEIND-II,20180328,22108,22680.3,22000,22468.9,545,25000
PAGEIND-III,20180328,0,0,0,22693.55,0,0
PCJEWELLER-I,20180328,324,324.95,314.65,319.9,5286,1422000
PCJEWELLER-II,20180328,322.5,325.9,317.1,322.1,3639,6043500
PCJEWELLER-III,20180328,323.25,324.35,318.5,323.7,213,672000
PEL-I,20180328,2457.7,2470,2426.65,2432.6,1985,126236
PEL-II,20180328,2470,2481.4,2440.55,2447.25,1924,1739822
PEL-III,20180328,2480,2480,2480,2480,1,302
PETRONET-I,20180328,225.6,232.3,224.8,230.9,3635,942000
PETRONET-II,20180328,226.9,232.7,225.75,231.25,3608,16014000
PETRONET-III,20180328,226.85,231.85,226.85,231.8,17,117000
PFC-I,20180328,87.5,87.5,85.45,85.75,4906,12390000
PFC-II,20180328,88,88.05,85.65,86.1,6954,68112000
PFC-III,20180328,87.3,88.25,86.3,86.9,62,2298000
PIDILITIND-I,20180328,922.15,934.35,916.85,920.55,1643,408000
PIDILITIND-II,20180328,925.9,940.1,917,922.5,1663,1438000
PIDILITIND-III,20180328,938,938,938,938,4,3000
PNB-I,20180328,98,99.15,95.2,95.5,13880,10072000
PNB-II,20180328,98.5,99.65,95.35,95.9,12903,69532000
PNB-III,20180328,99.6,100,96,96.35,208,3448000
POWERGRID-I,20180328,194.7,195.1,193.15,193.35,3341,4020000
POWERGRID-II,20180328,196.05,196.05,193.65,194.3,3710,21192000
POWERGRID-III,20180328,195.9,196.2,195.5,195.5,6,48000
PTC-I,20180328,87.1,88.95,86.05,87.75,1851,2336000
PTC-II,20180328,87.15,89.4,86.55,87.8,1824,21144000
PTC-III,20180328,88.65,88.65,88.65,88.65,2,840000
PVR-I,20180328,1229.55,1244.05,1213.75,1216.05,1226,92800
PVR-II,20180328,1235.3,1248.45,1217.45,1222.75,1197,616400
PVR-III,20180328,1250.75,1250.75,1235,1235.05,3,2800
RAMCOCEM-I,20180328,744.05,744.05,718.5,722.95,1058,502400
RAMCOCEM-II,20180328,738.55,739.65,723.35,727.95,1148,902400
RAMCOCEM-III,20180328,0,0,0,728.1,0,0
RAYMOND-I,20180328,911.75,926.35,894,897.3,2695,369600
RAYMOND-II,20180328,918.7,931,901.1,903.3,2614,4598400
RAYMOND-III,20180328,918.05,918.05,909.05,909.05,6,23200
RBLBANK-I,20180328,477.05,487.35,469.65,480.05,3442,674000
RBLBANK-II,20180328,478.95,482.1,470.9,477.45,2931,4230000
RBLBANK-III,20180328,475.8,480.9,475,475.8,22,31000
RCOM-I,20180328,23.4,23.4,21.5,21.75,3339,14756000
RCOM-II,20180328,23.35,23.35,21.55,21.9,3232,86520000
RCOM-III,20180328,23,23.2,21.8,22,71,1120000
RECLTD-I,20180328,125.25,126.6,124.25,124.7,3854,4716000
RECLTD-II,20180328,126,127.3,124.8,125.35,3941,33948000
RECLTD-III,20180328,126.5,127.7,125.7,125.9,92,2328000
RELCAPITAL-I,20180328,424.7,432.85,419.7,422.75,13675,1366500
RELCAPITAL-II,20180328,426.05,434.55,422.5,425.85,12440,12473250
RELCAPITAL-III,20180328,427.4,436.2,425.35,427.75,25,506250
RELIANCE-I,20180328,896.65,896.65,882.15,883.75,20591,5485000
RELIANCE-II,20180328,900.95,901.8,885,887.15,23328,53806000
RELIANCE-III,20180328,902,902.55,888.2,891.05,431,567000
RELINFRA-I,20180328,426.2,432.9,423,427.05,6843,877500
RELINFRA-II,20180328,430.1,435.25,425.25,427.75,6162,8920600
RELINFRA-III,20180328,431.3,434.5,428,428.5,72,618800
REPCOHOME-I,20180328,531.5,563.15,531.5,558.75,2111,344700
REPCOHOME-II,20180328,542.5,561,542.5,552.55,582,921600
REPCOHOME-III,20180328,0,0,0,551.45,0,0
RNAVAL-I,20180328,28.6,28.8,27,27.35,2740,7389000
RNAVAL-II,20180328,29.25,29.25,27.25,27.55,3038,39213000
RNAVAL-III,20180328,29,29,27.55,27.85,22,261000
RPOWER-I,20180328,37.5,37.85,36.1,36.2,3856,10296000
RPOWER-II,20180328,37.7,38.05,36,36.3,4543,60840000
RPOWER-III,20180328,37.55,38.2,36.4,36.35,41,1781000
SAIL-I,20180328,71.85,72.4,69.95,70.3,5256,18876000
SAIL-II,20180328,72.15,72.8,70.15,70.65,6197,88128000
SAIL-III,20180328,72.75,73,70.7,71.3,120,3276000
SBIN-I,20180328,251.95,256,249.5,250.2,22646,13842000
SBIN-II,20180328,253.1,257.2,250.35,251.2,17741,74271000
SBIN-III,20180328,252.4,256.4,250.05,250.9,346,2547000
SHREECEM-I,20180328,16146.9,16325,16060,16193.9,812,20650
SHREECEM-II,20180328,16150,16400,16140,16301.6,787,55150
SHREECEM-III,20180328,0,0,0,17057.5,0,0
SIEMENS-I,20180328,1060,1102.95,1060,1072.55,1341,112500
SIEMENS-II,20180328,1082.95,1108.1,1072.5,1079.55,1464,744500
SIEMENS-III,20180328,1105,1105,1100,1100,3,2500
SOUTHBANK-I,20180328,23.25,23.4,22.75,22.9,3333,16570500
SOUTHBANK-II,20180328,23.4,23.55,22.85,23,3867,150128730
SOUTHBANK-III,20180328,23.4,23.6,23.1,23.2,16,1657050
SREINFRA-I,20180328,74.65,75.55,72.85,73.4,1782,3340000
SREINFRA-II,20180328,76,76,73.2,73.8,1484,13520000
SREINFRA-III,20180328,75.45,76,74,74,4,65000
SRF-I,20180328,2009.5,2013.45,1941.05,1950.45,1871,157500
SRF-II,20180328,2019.95,2025.45,1949.15,1958.85,1579,558000
SRF-III,20180328,1996.95,1996.95,1975,1975,6,77500
SRTRANSFIN-I,20180328,1443.5,1468.3,1433.2,1438.15,3553,158400
SRTRANSFIN-II,20180328,1454,1474.75,1438,1444.8,3451,2419200
SRTRANSFIN-III,20180328,1457,1470,1457,1460,7,17400
STAR-I,20180328,683.55,693,666.3,669.6,3258,322800
STAR-II,20180328,686.85,695,670.25,673.85,3209,3057000
STAR-III,20180328,694.1,694.1,672.65,674.8,14,204000
SUNPHARMA-I,20180328,503,504.8,493.15,495,18738,4700300
SUNPHARMA-II,20180328,506,509.65,495.05,497.45,19198,55479600
SUNPHARMA-III,20180328,509.9,510.25,497.05,499.7,203,621500
SUNTV-I,20180328,850.6,860,836,846.65,4794,711000
SUNTV-II,20180328,864.5,864.5,842.45,852.15,3567,4178000
SUNTV-III,20180328,856.9,859.65,846,857.1,62,54000
SUZLON-I,20180328,11.2,11.25,10.65,10.75,10145,42035000
SUZLON-II,20180328,11.3,11.35,10.7,10.8,10726,330225000
SUZLON-III,20180328,11.4,11.4,10.8,10.95,159,14595000
SYNDIBANK-I,20180328,56.15,57.9,55.35,55.5,1842,3402000
SYNDIBANK-II,20180328,56.5,58.1,55.7,55.85,2432,30834000
SYNDIBANK-III,20180328,57.05,57.7,56.65,56.95,15,81000
TATACHEM-I,20180328,687.8,691.2,675.1,676.85,2771,615000
TATACHEM-II,20180328,688.25,694,679,681,3135,5107500
TATACHEM-III,20180328,695.1,695.1,683.2,685,17,103500
TATACOMM-I,20180328,622,625.55,618.25,619.9,2738,472000
TATACOMM-II,20180328,625.4,628.9,621,623.75,3321,5735200
TATACOMM-III,20180328,630,630,630,630,1,800
TATAELXSI-I,20180328,996.5,1017.85,981.3,985.5,2923,324000
TATAELXSI-II,20180328,1005.55,1022,985.3,990.15,2388,1589600
TATAELXSI-III,20180328,1010.35,1010.35,993,994.05,10,7200
TATAGLOBAL-I,20180328,261.6,263.8,258.05,258.75,4085,2947500
TATAGLOBAL-II,20180328,263.8,265.25,259,260.05,3781,22149000
TATAGLOBAL-III,20180328,265,265.55,260.5,261.65,33,144000
TATAMOTORS-I,20180328,331.25,333.4,325.6,326.7,22923,10473000
TATAMOTORS-II,20180328,332.5,334.95,326.6,328.2,25596,64728000
TATAMOTORS-III,20180328,334.6,337.4,328.6,330.35,518,1284000
TATAMTRDVR-I,20180328,185.15,186.85,182.7,183.4,4187,3122500
TATAMTRDVR-II,20180328,186.3,187.8,183.3,184.15,4987,28407500
TATAMTRDVR-III,20180328,188.4,188.4,184.7,185.35,78,217500
TATAPOWER-I,20180328,79.5,80.3,78.75,79.15,3754,10899000
TATAPOWER-II,20180328,79.85,80.65,78.8,79.25,4516,53361000
TATAPOWER-III,20180328,80.9,81.25,80,80.35,23,225000
TATASTEEL-I,20180328,581.6,583.15,565.6,570.8,21122,9153247
TATASTEEL-II,20180328,587.5,587.5,567.3,573.45,17131,20606742
TATASTEEL-III,20180328,582,582.25,570,575.75,394,1125721
TCS-I,20180328,2831.95,2872.75,2827.1,2847.95,18227,2019750
TCS-II,20180328,2842.05,2885,2841.45,2864.65,16195,8417500
TCS-III,20180328,2854.4,2890,2854.4,2872.65,39,109500
TECHM-I,20180328,619.4,640.3,615.3,638.95,6750,2164800
TECHM-II,20180328,621.95,639.8,621.1,636.85,6548,11271600
TECHM-III,20180328,634.7,641,634.7,641,18,168000
TITAN-I,20180328,940,963.7,935.8,942.45,13613,5445000
TITAN-II,20180328,942.5,968,924.95,942.95,10152,9615000
TITAN-III,20180328,943.4,970.35,930,936.75,28,43500
TORNTPHARM-I,20180328,1249.85,1266.5,1236,1249.4,956,96000
TORNTPHARM-II,20180328,1254,1272.9,1243.5,1254.25,638,640500
TORNTPHARM-III,20180328,1261.5,1261.5,1261.5,1261.5,2,500
TORNTPOWER-I,20180328,230.05,231.9,226,229.5,1782,1044000
TORNTPOWER-II,20180328,231.1,232.6,227.25,229.8,1319,3996000
TORNTPOWER-III,20180328,229,229,229,229,1,24000
TV18BRDCST-I,20180328,68.1,70.05,66.9,67.15,4137,10693000
TV18BRDCST-II,20180328,68.2,70.5,67.2,67.55,4704,80427000
TV18BRDCST-III,20180328,68.35,70.5,67.9,68,127,2788000
TVSMOTOR-I,20180328,613.5,620.55,608,618.45,3871,693000
TVSMOTOR-II,20180328,617.8,622.9,611.25,618.9,3351,3191000
TVSMOTOR-III,20180328,619.6,622.3,617,617.7,13,8000
UBL-I,20180328,958.95,961.1,940,945.8,1124,163800
UBL-II,20180328,965.15,966.9,946.5,952.45,1149,1026900
UBL-III,20180328,951.25,959.2,951.25,959.2,2,107800
UJJIVAN-I,20180328,350.9,352.8,344.4,345.3,1843,451200
UJJIVAN-II,20180328,352.75,354.7,346.05,347.55,1616,4449600
UJJIVAN-III,20180328,352.35,354.95,350.5,350.5,7,212800
ULTRACEMCO-I,20180328,3962.15,3962.2,3921.45,3949.95,2424,240600
ULTRACEMCO-II,20180328,3968.8,3980,3936.2,3960.2,3247,1737400
ULTRACEMCO-III,20180328,3935.65,3935.65,3935.65,3935.65,1,51000
UNIONBANK-I,20180328,92.45,97.3,91.6,94.1,6656,4736000
UNIONBANK-II,20180328,92.95,97.8,92.1,94.5,6475,29724000
UNIONBANK-III,20180328,93.5,97.3,93.5,95.25,85,800000
UPL-I,20180328,737.4,746.3,728.2,730.45,7246,1107600
UPL-II,20180328,738,749.8,730.2,732.95,7261,10844400
UPL-III,20180328,749.9,750.6,738.4,738.4,32,33600
VEDL-I,20180328,284.1,285.7,276.7,278,15596,6952750
VEDL-II,20180328,284.7,287.25,278.25,279.3,13137,32511500
VEDL-III,20180328,286.05,287.95,280,280.9,162,1277500
VGUARD-I,20180328,224.35,226.25,222,222.55,756,363000
VGUARD-II,20180328,223,225.45,222,222.75,567,2022000
VGUARD-III,20180328,0,0,0,229.95,0,0
VOLTAS-I,20180328,621.05,625.65,618.15,620.4,3016,475000
VOLTAS-II,20180328,624.95,628.6,621,623.95,2370,2425000
VOLTAS-III,20180328,624.8,629.5,624.3,624.3,8,96000
WIPRO-I,20180328,273.5,281.7,273,280.75,3333,4598400
WIPRO-II,20180328,275.5,283.95,272.05,282.6,4317,29292000
WIPRO-III,20180328,277.9,283.25,277.9,283.25,24,16800
WOCKPHARMA-I,20180328,731.1,741.6,723.65,726.65,2659,301500
WOCKPHARMA-II,20180328,739,745,727.6,730.2,3070,3285900
WOCKPHARMA-III,20180328,738.35,738.35,738.35,738.35,1,100800
YESBANK-I,20180328,305,305.05,299.25,303.8,14443,9646000
YESBANK-II,20180328,303.45,308.55,300.8,306.8,14313,46065250
YESBANK-III,20180328,301.1,308.5,301.1,307.4,151,869750
ZEEL-I,20180328,584.1,588.2,574.5,575.75,3867,1134900
ZEEL-II,20180328,588.6,589.5,576.5,578.5,3591,7059000
ZEEL-III,20180328,586.1,587,586.1,587,12,24700
