BANKNIFTY-I,20170124,18970.15,19102,18936.45,19052.4,74195,1641240
BANKNIFTY-II,20170124,19031.95,19184.7,19018.9,19144.1,27570,1205240
BANKNIFTY-III,20170124,19071.1,19200,19066.8,19180.8,439,56920
DJIA-I,20170124,19727.5,19777.5,19727.5,19772.5,91,17790
DJIA-II,20170124,0,0,0,19640,0,30
DJIA-III,20170124,0,0,0,20055,0,0
DJIA-IIII,20170124,0,0,0,19047.5,0,0
DJIA-IIIII,20170124,0,0,0,19507.5,0,0
DJIA-IIIIII,20170124,0,0,0,21150,0,0
FTSE100-I,20170124,0,0,0,6902,0,0
FTSE100-II,20170124,0,0,0,6728,0,0
FTSE100-III,20170124,0,0,0,7326,0,0
FTSE100-IIII,20170124,0,0,0,6411,0,0
FTSE100-IIIII,20170124,0,0,0,7152,0,0
FTSE100-IIIIII,20170124,0,0,0,7457,0,0
NIFTY-I,20170124,8421.4,8488,8416,8480.5,178727,10783050
NIFTY-II,20170124,8444.7,8518.95,8441.15,8509.6,118150,12670725
NIFTY-III,20170124,8472.1,8540,8466.9,8531.8,4778,768225
NIFTYCPSE-I,20170124,2509.45,2519.95,2496.05,2518.15,71,31500
NIFTYCPSE-II,20170124,2475,2488.95,2471.8,2486,188,74000
NIFTYCPSE-III,20170124,2455.05,2455.05,2455.05,2455.05,1,0
NIFTYINFRA-I,20170124,0,0,0,2912.4,0,0
NIFTYINFRA-II,20170124,0,0,0,2713.7,0,0
NIFTYINFRA-III,20170124,0,0,0,2732.1,0,0
NIFTYIT-I,20170124,10174,10209,10143,10196,729,26250
NIFTYIT-II,20170124,10205,10261,10158,10211,657,24700
NIFTYIT-III,20170124,0,0,0,10459,0,0
NIFTYMID50-I,20170124,0,0,0,4122.35,0,0
NIFTYMID50-II,20170124,0,0,0,3622.15,0,0
NIFTYMID50-III,20170124,0,0,0,3701.15,0,0
NIFTYPSE-I,20170124,0,0,0,3763.2,0,0
NIFTYPSE-II,20170124,0,0,0,3669.65,0,0
NIFTYPSE-III,20170124,0,0,0,3725.85,0,0
S&P500-I,20170124,2263.5,2264,2260,2263,138,376250
S&P500-II,20170124,0,0,0,2213.75,0,0
S&P500-III,20170124,0,0,0,2300.75,0,0
S&P500-IIII,20170124,0,0,0,2232,0,0
S&P500-IIIII,20170124,0,0,0,2300,0,0
S&P500-IIIIII,20170124,0,0,0,2410,0,0
ABIRLANUVO-I,20170124,1318.1,1342.7,1306,1339.55,6683,750800
ABIRLANUVO-II,20170124,1322.65,1349.5,1311.75,1346.2,5301,2616000
ABIRLANUVO-III,20170124,0,0,0,1305.85,0,400
ACC-I,20170124,1340.85,1365,1340,1361.5,3188,588400
ACC-II,20170124,1344.95,1368,1342.7,1363.45,2540,1041600
ACC-III,20170124,1361,1370,1352.55,1370,12,6400
ADANIENT-I,20170124,79.05,80.35,78.6,79.85,1823,6872000
ADANIENT-II,20170124,79.1,80.7,78.9,80.25,1517,9896000
ADANIENT-III,20170124,80.15,80.15,80.15,80.15,1,16000
ADANIPORTS-I,20170124,288.45,295,286.8,293.8,4441,4945000
ADANIPORTS-II,20170124,290.55,296.45,288,295.35,3024,11707500
ADANIPORTS-III,20170124,294,294.5,293.9,294.5,7,17500
ADANIPOWER-I,20170124,34.8,35.4,34.7,35.25,4636,51020000
ADANIPOWER-II,20170124,34.85,35.6,34.85,35.4,4099,100000000
ADANIPOWER-III,20170124,35.2,35.35,35.1,35.1,6,440000
AJANTPHARM-I,20170124,1800.95,1805,1523,1757.05,19144,405600
AJANTPHARM-II,20170124,1808.65,1810,1528.3,1763.3,5529,321600
AJANTPHARM-III,20170124,1744.35,1744.35,1744.35,1762.9,4,2000
ALBK-I,20170124,63.75,64.85,63.7,64.65,1075,5080000
ALBK-II,20170124,63.55,64.85,63.55,64.65,818,9430000
ALBK-III,20170124,64.1,64.1,63.9,63.9,2,300000
AMARAJABAT-I,20170124,869.25,878.4,856.85,860.15,848,443400
AMARAJABAT-II,20170124,875.85,881,861.05,864.5,657,334800
AMARAJABAT-III,20170124,0,0,0,887.95,0,0
AMBUJACEM-I,20170124,220.4,224.55,220.4,224.1,3717,6172500
AMBUJACEM-II,20170124,219.1,224.5,219.1,223.8,2951,11555000
AMBUJACEM-III,20170124,221,223.7,221,223.3,65,162500
ANDHRABANK-I,20170124,49.45,49.45,49,49.4,1039,12220000
ANDHRABANK-II,20170124,49.6,49.65,49.2,49.6,943,10080000
ANDHRABANK-III,20170124,49.8,49.8,49.8,49.8,1,200000
APOLLOHOSP-I,20170124,1142.5,1177,1142.5,1174.3,1560,273200
APOLLOHOSP-II,20170124,1174.05,1181.7,1152.7,1179.45,1284,527200
APOLLOHOSP-III,20170124,0,0,0,1179,0,0
APOLLOTYRE-I,20170124,185.85,186.75,184.1,185.65,2231,4890000
APOLLOTYRE-II,20170124,186.6,187.45,184.9,186.45,1487,6639000
APOLLOTYRE-III,20170124,187.4,187.55,186.35,187.35,17,45000
ARVIND-I,20170124,361.6,368.25,361.6,366.8,3160,3972000
ARVIND-II,20170124,363.05,369.7,363.05,368.4,1754,2964000
ARVIND-III,20170124,367,369.5,367,369.3,3,8000
ASHOKLEY-I,20170124,86.75,88.85,86.7,88.55,7195,19509000
ASHOKLEY-II,20170124,86.95,89.2,86.95,88.95,5510,45248000
ASHOKLEY-III,20170124,88,89.05,87.6,88.9,16,203000
ASIANPAINT-I,20170124,961.7,976.95,954.4,974.25,9613,1953000
ASIANPAINT-II,20170124,969.2,982,959,978.5,6219,3953400
ASIANPAINT-III,20170124,969,971,969,971,3,1800
AUROPHARMA-I,20170124,693.75,712.9,687.6,711.5,7396,4505200
AUROPHARMA-II,20170124,694.2,714.9,690,713.45,5423,5817700
AUROPHARMA-III,20170124,700.55,717.05,699,716.6,27,22400
AXISBANK-I,20170124,447.5,452.5,445.4,451.5,15676,10576800
AXISBANK-II,20170124,449.95,454.5,447.35,453.55,10136,18512400
AXISBANK-III,20170124,451,456,450,455.6,52,109200
BAJAJ-AUTO-I,20170124,2724.9,2801.9,2710.75,2792.85,4069,468000
BAJAJ-AUTO-II,20170124,2732.1,2815,2720.55,2803.7,3131,1004250
BAJAJ-AUTO-III,20170124,2745.6,2745.6,2712.5,2712.5,2,1500
BAJFINANCE-I,20170124,932.95,933,921.5,929.7,8915,3062500
BAJFINANCE-II,20170124,933.5,936,925,931.35,7242,4607000
BAJFINANCE-III,20170124,931.65,931.65,931.65,931.65,1,1500
BANKBARODA-I,20170124,155.6,156.8,154.85,156.3,6219,17685500
BANKBARODA-II,20170124,155.7,157.1,155.25,156.85,4633,25039000
BANKBARODA-III,20170124,156.45,157.25,156,156.4,25,185500
BANKINDIA-I,20170124,114.5,115.8,114.3,115,2743,8748000
BANKINDIA-II,20170124,113.55,115.15,113.55,114.4,2167,18504000
BANKINDIA-III,20170124,114.2,114.35,113.8,114.25,18,624000
BATAINDIA-I,20170124,469,470.65,463.8,465.35,1860,1387100
BATAINDIA-II,20170124,469.55,469.55,462.45,464,1826,1980000
BATAINDIA-III,20170124,0,0,0,455.75,0,0
BEL-I,20170124,1528.6,1535,1512.5,1521.6,2321,1124550
BEL-II,20170124,1534.05,1538,1516.9,1525.2,1561,1461600
BEL-III,20170124,0,0,0,1500,0,450
BEML-I,20170124,1249.6,1264,1226,1236.85,5003,891000
BEML-II,20170124,1246.5,1265,1230,1240.35,1978,960000
BEML-III,20170124,1258.1,1258.1,1236.6,1250,4,9000
BHARATFIN-I,20170124,676.15,683.4,672.95,677.3,7024,4446000
BHARATFIN-II,20170124,678.2,686,675.35,679.8,3489,6054000
BHARATFIN-III,20170124,680,680,680,680,1,5000
BHARATFORG-I,20170124,941.95,946.4,934,942.65,4185,2509800
BHARATFORG-II,20170124,940.35,946.5,935,942.85,3035,2479800
BHARATFORG-III,20170124,946.7,946.7,946.7,946.7,1,2400
BHARTIARTL-I,20170124,318.85,318.9,314.75,316.2,8277,20199400
BHARTIARTL-II,20170124,316,317.95,313.8,316,6857,25182100
BHARTIARTL-III,20170124,313.9,317.1,313.9,317.1,8,214200
BHEL-I,20170124,129.15,132.5,129,131.85,5781,19105000
BHEL-II,20170124,129.5,132.95,129.35,132.35,3890,19175000
BHEL-III,20170124,130.15,133.05,130.15,132.6,19,370000
BIOCON-I,20170124,1003.95,1008,990.9,1001,4951,1359000
BIOCON-II,20170124,1004.1,1011.25,995.1,1004.1,2856,1659000
BIOCON-III,20170124,0,0,0,1003.8,0,5400
BOSCHLTD-I,20170124,21469.95,21939.95,21331.25,21856.45,1722,35075
BOSCHLTD-II,20170124,21442.85,22042.15,21442.85,21940.7,1373,52350
BOSCHLTD-III,20170124,0,0,0,20984.75,0,0
BPCL-I,20170124,673.1,686.45,673.05,682.45,8360,6232800
BPCL-II,20170124,672.35,676.95,664,670.45,6016,7585200
BPCL-III,20170124,665.9,669.3,665.9,668.9,700,1652400
BRITANNIA-I,20170124,3172,3172,3088.5,3143.2,2198,498000
BRITANNIA-II,20170124,3115,3163.9,3103,3157.85,1710,961400
BRITANNIA-III,20170124,3135.1,3148.85,3135.1,3148.85,3,4000
CADILAHC-I,20170124,354,360.45,353.5,359.25,1027,1336000
CADILAHC-II,20170124,358.7,362,355,360.65,735,2078400
CADILAHC-III,20170124,0,0,0,355,0,1600
CAIRN-I,20170124,271.15,276.85,270,276,3033,5873000
CAIRN-II,20170124,272.35,278,271.2,277.15,2202,18252500
CAIRN-III,20170124,0,0,0,260,0,7000
CANBK-I,20170124,275.2,278.85,274.2,277.25,6868,6543000
CANBK-II,20170124,271.5,274,269.4,271.8,3917,10983000
CANBK-III,20170124,269.5,271.35,269,269,3,144000
CASTROLIND-I,20170124,396.9,403.85,396.4,401.05,3245,2301600
CASTROLIND-II,20170124,398.5,405.5,398.1,402.65,2766,7838600
CASTROLIND-III,20170124,0,0,0,383.75,0,0
CEATLTD-I,20170124,1182.7,1188.3,1165.3,1171.4,3104,976500
CEATLTD-II,20170124,1184.85,1188.65,1167.2,1174.5,1662,1086400
CEATLTD-III,20170124,0,0,0,1190,0,0
CENTURYTEX-I,20170124,818.65,842.9,818.6,840.15,5987,2411200
CENTURYTEX-II,20170124,822.55,847,822.55,844.15,3292,5244800
CENTURYTEX-III,20170124,843.7,843.7,843.7,843.7,1,1100
CESC-I,20170124,698.95,743.35,694,737.6,5271,924000
CESC-II,20170124,701.55,746.5,697,740.7,3801,2907300
CESC-III,20170124,0,0,0,706,0,0
CIPLA-I,20170124,577.85,581.45,575.4,580.25,3079,2482000
CIPLA-II,20170124,578.45,583.45,577.6,582.5,2834,3666000
CIPLA-III,20170124,580.3,580.3,580.3,580.3,1,3000
COALINDIA-I,20170124,305.55,311.2,302.05,309.4,5115,6811900
COALINDIA-II,20170124,301.9,305.9,301.65,305.6,3624,9616900
COALINDIA-III,20170124,294.9,297,294,295.4,332,1433100
COLPAL-I,20170124,905.95,906.3,896.35,901.25,545,444500
COLPAL-II,20170124,909.1,909.65,901,904.5,450,300300
COLPAL-III,20170124,0,0,0,906.5,0,0
CONCOR-I,20170124,1178.95,1195.4,1172,1191,1284,540000
CONCOR-II,20170124,1173.95,1187.8,1163.05,1183.1,1086,741000
CONCOR-III,20170124,0,0,0,1179.5,0,500
CROMPGREAV-I,20170124,64.6,64.6,63.5,64.15,1110,8292000
CROMPGREAV-II,20170124,64.45,64.6,63.75,64.3,913,13020000
CROMPGREAV-III,20170124,0,0,0,64.2,0,12000
CUMMINSIND-I,20170124,838.35,846.6,833.2,839.25,597,304200
CUMMINSIND-II,20170124,845,845,833.15,837.45,583,282000
CUMMINSIND-III,20170124,0,0,0,821.9,0,0
DABUR-I,20170124,278.05,279.3,276.25,278.3,1441,2960000
DABUR-II,20170124,279.05,279.55,276.55,279,1329,9517500
DABUR-III,20170124,0,0,0,278.85,0,0
DCBBANK-I,20170124,119.1,120,118.75,118.95,566,2331000
DCBBANK-II,20170124,119.7,120.5,119.25,119.45,436,2115000
DCBBANK-III,20170124,0,0,0,109.8,0,0
DHFL-I,20170124,276.7,279.35,275.65,278.15,4101,6747000
DHFL-II,20170124,278.55,280.5,276.75,279.45,2972,13389000
DHFL-III,20170124,280,281.05,280,281.05,4,21000
DISHTV-I,20170124,85.35,86.25,85.3,86.05,2503,15057000
DISHTV-II,20170124,86,86.65,85.55,86.45,2316,23408000
DISHTV-III,20170124,0,0,0,86,0,7000
DIVISLAB-I,20170124,689.05,693.6,677.75,685.05,8403,3309000
DIVISLAB-II,20170124,692,696.3,680.5,687.9,5913,4114200
DIVISLAB-III,20170124,692,692.05,684,690.4,16,13200
DLF-I,20170124,131.15,132.05,130.15,131.55,5108,20360000
DLF-II,20170124,131.65,132.15,130.25,131.85,3285,20155000
DLF-III,20170124,130.8,130.8,130.8,130.8,1,40000
DRREDDY-I,20170124,2942,2980,2938.6,2973.7,5223,915000
DRREDDY-II,20170124,2955,2991.5,2949.3,2984.8,4154,1044200
DRREDDY-III,20170124,0,0,0,3116,0,0
EICHERMOT-I,20170124,22994.25,23095,22793.5,23030.35,4500,76900
EICHERMOT-II,20170124,22897.35,23184.85,22890.1,23138.4,3745,172025
EICHERMOT-III,20170124,23032,23249.95,23032,23249.95,8,225
ENGINERSIN-I,20170124,149.45,150.8,148.1,149.85,1564,10703000
ENGINERSIN-II,20170124,149.85,151.25,148.4,150.2,1222,9058000
ENGINERSIN-III,20170124,151.75,151.75,151.75,151.75,1,98000
EXIDEIND-I,20170124,194.25,197.3,192.2,196.5,2193,3932000
EXIDEIND-II,20170124,195.05,198.15,193.05,197.35,1540,6808000
EXIDEIND-III,20170124,0,0,0,181.85,0,0
FEDERALBNK-I,20170124,78.05,79.95,78,78.75,3923,34991000
FEDERALBNK-II,20170124,78.65,80.35,78.3,79.1,2513,34012000
FEDERALBNK-III,20170124,79.65,79.65,79.15,79.45,4,110000
GAIL-I,20170124,471.95,473.9,468.3,472.75,3303,3661500
GAIL-II,20170124,471.4,471.4,466.1,469.45,2578,7152000
GAIL-III,20170124,461.85,465.5,461.85,465.25,4,181500
GLENMARK-I,20170124,878.55,882.7,870.55,876.25,2150,991900
GLENMARK-II,20170124,883.35,886,876.15,879.4,1738,1576400
GLENMARK-III,20170124,0,0,0,902.15,0,0
GMRINFRA-I,20170124,12.65,12.95,12.65,12.85,2250,119610000
GMRINFRA-II,20170124,12.75,13,12.7,12.95,2409,127260000
GMRINFRA-III,20170124,13,13,12.85,12.85,4,1170000
GODREJCP-I,20170124,1530.35,1539.35,1514.45,1533.3,538,516400
GODREJCP-II,20170124,1530.45,1545,1517.6,1540.3,369,103200
GODREJCP-III,20170124,0,0,0,1510.55,0,0
GODREJIND-I,20170124,435.85,439.5,430,430.75,948,693000
GODREJIND-II,20170124,438.2,440.3,431.35,432.05,802,672000
GODREJIND-III,20170124,0,0,0,433.4,0,0
GRANULES-I,20170124,112.35,114.2,111.95,113.1,1037,4105000
GRANULES-II,20170124,112.65,114.6,112.35,113.6,869,5860000
GRANULES-III,20170124,0,0,0,112.7,0,15000
GRASIM-I,20170124,889.95,910.55,885.1,906.85,7510,3629250
GRASIM-II,20170124,893,914.5,889.2,911,5792,7319250
GRASIM-III,20170124,892.15,892.15,892.15,892.15,2,2250
HAVELLS-I,20170124,411.85,414.25,406.7,412.25,2970,2882000
HAVELLS-II,20170124,410.75,413.2,407.05,411.65,1495,2890000
HAVELLS-III,20170124,0,0,0,380.8,0,2000
HCLTECH-I,20170124,845.3,852.7,828.25,847.4,10178,2563400
HCLTECH-II,20170124,846.35,850,825.95,845.1,5059,4816700
HCLTECH-III,20170124,842.5,845.8,842.5,843.45,4,4200
HDFC-I,20170124,1261.65,1281.8,1261.2,1280.25,7880,4572000
HDFC-II,20170124,1265.25,1288.7,1265.25,1286.85,6350,9289500
HDFC-III,20170124,1292.05,1292.05,1292,1292.05,3,2000
HDFCBANK-I,20170124,1250.2,1272,1250,1269.1,44142,12934500
HDFCBANK-II,20170124,1256.1,1280.9,1256.1,1277.2,36759,28959500
HDFCBANK-III,20170124,1266,1285.3,1265.05,1283.65,72,80500
HDIL-I,20170124,61.7,62.85,61.15,62.75,2346,14304000
HDIL-II,20170124,61.85,63.2,61.5,63.05,1712,14496000
HDIL-III,20170124,62.35,63,62.35,63,3,56000
HEROMOTOCO-I,20170124,3117.9,3149,3093.45,3141.1,5697,517400
HEROMOTOCO-II,20170124,3130.8,3165,3105.1,3155.55,4851,1440400
HEROMOTOCO-III,20170124,3115.65,3149.6,3115.65,3149.6,2,6000
HEXAWARE-I,20170124,196.45,198,194.2,197.45,1500,3093000
HEXAWARE-II,20170124,197.55,198.45,194.55,197.95,900,2412000
HEXAWARE-III,20170124,0,0,0,208.6,0,0
HINDALCO-I,20170124,182.7,187.7,181.2,186.95,15352,13818000
HINDALCO-II,20170124,183.5,188.5,182,187.75,7712,32515000
HINDALCO-III,20170124,183.1,189,183.1,188.45,41,182000
HINDPETRO-I,20170124,511.5,518.2,509.7,516.65,6887,13889400
HINDPETRO-II,20170124,498.45,503.8,496.45,501.85,4285,13074600
HINDPETRO-III,20170124,495.8,498.9,495.5,498.9,5,25200
HINDUNILVR-I,20170124,861.8,861.8,843.95,859.3,7374,1722600
HINDUNILVR-II,20170124,855,864.7,847.5,863.05,4708,4507800
HINDUNILVR-III,20170124,852.3,865.3,852.3,865.3,3,1200
HINDZINC-I,20170124,296.75,304.4,296.55,303.5,3080,5100800
HINDZINC-II,20170124,296.35,305.1,296.35,304.2,2277,4640000
HINDZINC-III,20170124,298.85,302,296.85,301.3,6,38400
IBREALEST-I,20170124,81,81.05,79.9,80.7,1252,13430000
IBREALEST-II,20170124,81.4,81.45,80.4,81.1,998,26260000
IBREALEST-III,20170124,0,0,0,81.4,0,30000
IBULHSGFIN-I,20170124,754.1,758.2,742,752.65,10305,3802400
IBULHSGFIN-II,20170124,750.8,753,737.1,747.8,9286,10872000
IBULHSGFIN-III,20170124,0,0,0,752.1,0,1600
ICICIBANK-I,20170124,259,259,255.8,257.6,17659,30397500
ICICIBANK-II,20170124,259.2,260,257,258.95,11336,41492500
ICICIBANK-III,20170124,260.45,260.8,258.6,260.05,22,187500
ICIL-I,20170124,174.75,176.7,173.9,175.35,498,1610000
ICIL-II,20170124,175.15,177.55,174.8,175.7,482,1722000
ICIL-III,20170124,0,0,0,165.8,0,0
IDBI-I,20170124,75.8,77,74.25,76.5,2709,10056000
IDBI-II,20170124,75.45,77.15,73.65,76.7,2257,13936000
IDBI-III,20170124,75.4,77.05,75.4,76.6,25,624000
IDEA-I,20170124,73.45,76,73.25,75.45,8494,34573000
IDEA-II,20170124,72.15,75.2,71.75,74.7,6942,89950000
IDEA-III,20170124,71.55,74.45,71.4,74.15,126,1659000
IDFC-I,20170124,57.9,59.15,57.65,58.85,4514,19390800
IDFC-II,20170124,58.15,59.4,57.9,59.15,4293,50925600
IDFC-III,20170124,58.8,58.8,58.8,58.8,1,26400
IDFCBANK-I,20170124,63.65,63.95,63.4,63.8,2862,24304000
IDFCBANK-II,20170124,63.9,64.25,63.7,64.1,2758,29352000
IDFCBANK-III,20170124,64.4,64.5,64,64.5,19,376000
IFCI-I,20170124,27.35,27.9,27.35,27.75,1384,41008000
IFCI-II,20170124,27.45,28,27.4,27.9,1142,35310000
IFCI-III,20170124,27.5,27.8,27.5,27.7,23,1210000
IGL-I,20170124,927.95,933.7,927.55,930.5,1219,896500
IGL-II,20170124,930,937.35,930,934.6,896,844800
IGL-III,20170124,0,0,0,910.9,0,0
INDIACEM-I,20170124,139.9,143.6,138.35,142.9,6261,7973000
INDIACEM-II,20170124,140.5,144.25,139,143.6,4287,15508500
INDIACEM-III,20170124,142.1,142.1,142.1,142.1,2,21000
INDUSINDBK-I,20170124,1238.7,1258.8,1238.7,1252.8,7143,3270600
INDUSINDBK-II,20170124,1248.3,1264,1248.15,1259.4,5031,3207600
INDUSINDBK-III,20170124,1265.45,1265.45,1265.45,1265.45,1,1200
INFRATEL-I,20170124,350,353,345.2,351.65,3763,2251200
INFRATEL-II,20170124,351.95,354.65,347.2,353.25,3198,4536000
INFRATEL-III,20170124,0,0,0,347.45,0,0
INFY-I,20170124,947.35,948.3,940.1,944.8,17504,6909500
INFY-II,20170124,954.35,954.35,944.05,949.2,14745,13381500
INFY-III,20170124,953.7,954.15,949,952.85,58,46500
IOC-I,20170124,359.9,368.15,359.15,366.9,4891,8961000
IOC-II,20170124,358,360.25,352,358.75,3117,12252000
IOC-III,20170124,357.7,358.45,354.75,356.5,10,93000
IRB-I,20170124,214,217.95,211.95,216.95,2065,3107500
IRB-II,20170124,213,217.45,211.05,216.6,1605,5667500
IRB-III,20170124,213.5,215.35,213.5,215.35,2,55000
ITC-I,20170124,260.1,261.2,257.75,260.05,6007,14354400
ITC-II,20170124,261.65,262.05,259,261.5,5060,32964000
ITC-III,20170124,261.15,262.55,260,262.55,13,74400
JETAIRWAYS-I,20170124,405.3,407.85,400.75,404,3411,2634000
JETAIRWAYS-II,20170124,406.5,408.45,402.1,405.15,2553,2871000
JETAIRWAYS-III,20170124,405.5,406.25,403.85,406.25,3,6000
JINDALSTEL-I,20170124,79.55,81.7,79.55,81.2,1935,20691000
JINDALSTEL-II,20170124,80.15,82,79.8,81.55,1627,31257000
JINDALSTEL-III,20170124,0,0,0,82.4,0,9000
JISLJALEQS-I,20170124,89.7,91.7,89.7,90.8,1405,18126000
JISLJALEQS-II,20170124,90.1,92.35,90.1,91.3,1047,20637000
JISLJALEQS-III,20170124,0,0,0,95,0,36000
JPASSOCIAT-I,20170124,10.15,10.45,10.1,10.4,1153,47124000
JPASSOCIAT-II,20170124,10.2,10.5,10.15,10.45,993,77316000
JPASSOCIAT-III,20170124,10.45,10.45,10.45,10.45,4,544000
JSWENERGY-I,20170124,58.95,61.5,58.95,61.3,3316,17264000
JSWENERGY-II,20170124,59.3,61.8,59.3,61.6,2819,26424000
JSWENERGY-III,20170124,0,0,0,61,0,32000
JSWSTEEL-I,20170124,194.95,195.75,192.35,194.1,8591,13749000
JSWSTEEL-II,20170124,195.2,196.7,193.5,195.15,6719,42897000
JSWSTEEL-III,20170124,194,198.2,194,196.5,11,30000
JUBLFOOD-I,20170124,844.65,848.9,833.45,840,4976,1043000
JUBLFOOD-II,20170124,843.05,843.85,831.4,837.25,3874,1530000
JUBLFOOD-III,20170124,839.4,840,835.75,840,3,2000
JUSTDIAL-I,20170124,358.4,363.95,352.7,359.6,4241,1557600
JUSTDIAL-II,20170124,355,357.85,347.55,354.4,2753,2630400
JUSTDIAL-III,20170124,351.55,353.4,351.55,353.4,4,6000
KOTAKBANK-I,20170124,740.4,746,736.7,744.65,6265,4532800
KOTAKBANK-II,20170124,742.55,749.9,740,748.25,4885,6096000
KOTAKBANK-III,20170124,750,750,750,750,3,4800
KPIT-I,20170124,137.8,137.8,135.1,136.1,715,1744000
KPIT-II,20170124,137.8,138.3,135.95,136.7,474,1916000
KPIT-III,20170124,137,137,137,137,1,4000
KSCL-I,20170124,488.75,493,482.95,490.2,1695,1167000
KSCL-II,20170124,488.55,495,484.8,492.55,1061,1441500
KSCL-III,20170124,0,0,0,454.35,0,1500
KTKBANK-I,20170124,112.1,116.15,111.55,114.2,3169,7470875
KTKBANK-II,20170124,112.3,116.7,112.25,114.75,2172,12544875
KTKBANK-III,20170124,115.05,115.05,114.45,115,15,66375
L&TFH-I,20170124,95.35,99.35,94.65,98.4,4595,10287000
L&TFH-II,20170124,95.5,99.75,95.1,98.8,2630,14247000
L&TFH-III,20170124,0,0,0,95.05,0,117000
LICHSGFIN-I,20170124,527.6,529.15,523.7,527.65,5161,5733200
LICHSGFIN-II,20170124,531.35,531.35,526,530,3991,6736400
LICHSGFIN-III,20170124,529,532.8,528.9,532.8,5,30800
LT-I,20170124,1401.3,1425.8,1400.2,1421.9,12370,4674500
LT-II,20170124,1407.7,1431,1406.35,1427.5,10366,6316000
LT-III,20170124,1419.1,1435.1,1419.1,1433,19,13000
LUPIN-I,20170124,1482,1506.5,1480,1503.3,5708,2375600
LUPIN-II,20170124,1487.55,1512.8,1484.55,1509.65,4619,3856400
LUPIN-III,20170124,1491.1,1514.7,1491.1,1514.25,4,4000
M&M-I,20170124,1190.7,1224,1190.7,1220.8,6009,2366000
M&M-II,20170124,1198.5,1229.5,1198.5,1226.35,5070,3965500
M&M-III,20170124,0,0,0,1210,0,500
M&MFIN-I,20170124,276.1,283.15,262.7,278.75,11037,6720000
M&MFIN-II,20170124,277.65,283.5,263.9,279.35,6608,9292500
M&MFIN-III,20170124,270,276.8,270,276.8,3,7500
MARICO-I,20170124,256,258.7,254.15,257.85,887,4823000
MARICO-II,20170124,254.55,258.7,254,257.65,633,2074800
MARICO-III,20170124,0,0,0,257.6,0,2600
MARUTI-I,20170124,5721.2,5752.75,5698.15,5744.15,7193,1044600
MARUTI-II,20170124,5731.5,5775,5720.1,5770.7,4500,1392450
MARUTI-III,20170124,5742,5791.75,5742,5787.25,30,9900
MCDOWELL-N-I,20170124,2238,2242.5,2182.65,2208.75,6403,932500
MCDOWELL-N-II,20170124,2248.25,2248.25,2192.45,2217.35,4138,1633500
MCDOWELL-N-III,20170124,2210,2210,2210,2210,1,2750
MCLEODRUSS-I,20170124,153.5,155.75,153,154.45,1057,2256000
MCLEODRUSS-II,20170124,154.25,156.45,153.65,155.1,790,2238000
MINDTREE-I,20170124,472.7,474.45,468,470.35,1110,938400
MINDTREE-II,20170124,472.95,472.95,468.1,470.75,988,1988400
MINDTREE-III,20170124,470,470,469,469,3,4800
MOTHERSUMI-I,20170124,327.3,332,324.45,331.1,3075,3770000
MOTHERSUMI-II,20170124,326.65,333.25,326,332.6,2282,8387500
MOTHERSUMI-III,20170124,0,0,0,327,0,7500
MRF-I,20170124,52660.1,52876.95,52220.5,52547.95,1126,14280
MRF-II,20170124,52654.05,52915.4,52316.05,52630.75,784,17940
MRF-III,20170124,53235,53235,53235,53235,1,15
NCC-I,20170124,79.2,81,79.1,80.15,1841,12080000
NCC-II,20170124,79.55,81.2,79.45,80.5,1601,13664000
NCC-III,20170124,0,0,0,81.35,0,0
NHPC-I,20170124,27.8,27.85,27.45,27.8,791,21816000
NHPC-II,20170124,27.95,28,27.65,27.95,764,17874000
NHPC-III,20170124,27.8,27.8,27.8,27.8,1,324000
NIITTECH-I,20170124,442.35,448.35,430.2,436,493,325500
NIITTECH-II,20170124,447,447,433.15,437.6,390,316500
NIITTECH-III,20170124,0,0,0,431.05,0,0
NMDC-I,20170124,145,147.55,144.15,147,2712,11364000
NMDC-II,20170124,145.5,147.5,144.05,147.1,1898,13422000
NMDC-III,20170124,146.8,147,146.8,146.9,3,48000
NTPC-I,20170124,171.15,174.2,170.75,172.4,3695,10616000
NTPC-II,20170124,170.25,174.25,170.25,172.5,2967,13104000
NTPC-III,20170124,175.35,175.35,175.35,175.35,1,16000
OFSS-I,20170124,3306.05,3324,3275.25,3317.05,679,96750
OFSS-II,20170124,3319.7,3340,3286.6,3329.15,597,130950
OFSS-III,20170124,0,0,0,3159.55,0,0
OIL-I,20170124,337.45,340.7,336.1,337.95,963,1375462
OIL-II,20170124,336.5,339.75,335.65,337.7,609,1318812
OIL-III,20170124,335.8,337.9,334,337.9,3,13596
ONGC-I,20170124,201.6,202.2,200.2,201.75,4975,17216250
ONGC-II,20170124,198.95,201.65,198.8,201.25,4102,22875000
ONGC-III,20170124,199.6,201.8,199.55,201.7,33,307500
ORIENTBANK-I,20170124,114.05,114.9,113.15,114.3,1724,7050000
ORIENTBANK-II,20170124,114.05,114.85,113.5,114.65,1127,9078000
ORIENTBANK-III,20170124,113.9,114.7,113.9,114.7,9,366000
PAGEIND-I,20170124,14000,14430,13840.2,14351.75,577,19100
PAGEIND-II,20170124,14100.1,14436.6,13928.45,14334.55,399,24750
PAGEIND-III,20170124,0,0,0,14024.65,0,0
PCJEWELLER-I,20170124,396.45,403.9,388.85,396.5,2100,588000
PCJEWELLER-II,20170124,390.5,403,388.75,392.05,717,739500
PCJEWELLER-III,20170124,0,0,0,402.45,0,0
PETRONET-I,20170124,365.85,372.15,365.65,371.5,2862,2241000
PETRONET-II,20170124,367.3,374.1,367.25,373.35,2067,3504000
PETRONET-III,20170124,374,374,374,374,5,7500
PFC-I,20170124,132.95,135.5,130.25,134.5,2681,12636000
PFC-II,20170124,130.05,132.45,129.5,132.2,1931,9192000
PFC-III,20170124,130,130,130,130,1,18000
PIDILITIND-I,20170124,632.65,659,632,656.85,2117,671000
PIDILITIND-II,20170124,635.6,661.3,634.95,658.5,1209,753000
PIDILITIND-III,20170124,0,0,0,598.75,0,0
PNB-I,20170124,131.7,131.7,129.7,131.25,6950,24017000
PNB-II,20170124,128.6,129.95,128.5,129.55,4727,32998000
PNB-III,20170124,129.3,129.3,128.15,129.1,37,686000
POWERGRID-I,20170124,201.45,204.45,200.85,203.1,3298,7756000
POWERGRID-II,20170124,201.8,205.15,201.15,203.65,2378,8656000
POWERGRID-III,20170124,203.85,203.85,203.85,203.85,1,12000
PTC-I,20170124,83.5,84.9,82.85,84.7,1733,7544000
PTC-II,20170124,83.45,85.3,83.2,85.1,1374,10952000
PTC-III,20170124,0,0,0,74.55,0,0
RCOM-I,20170124,30.95,31.85,30.95,31.35,4583,41820000
RCOM-II,20170124,30.8,31.9,30.8,31.25,4163,73044000
RCOM-III,20170124,31.25,31.8,31.2,31.45,16,1584000
RECLTD-I,20170124,141.45,142.55,139.6,141.65,3222,15504000
RECLTD-II,20170124,138,138.65,135.6,138.25,2342,16428000
RECLTD-III,20170124,0,0,0,136,0,30000
RELCAPITAL-I,20170124,458,459.75,453,457.6,4801,4971000
RELCAPITAL-II,20170124,459.85,461.45,455.1,459.6,3287,7222500
RELCAPITAL-III,20170124,458,458,458,458,1,4500
RELIANCE-I,20170124,1020.5,1030.65,1020.45,1029.4,18743,6281000
RELIANCE-II,20170124,1025,1035.65,1025,1034.35,17169,15759000
RELIANCE-III,20170124,1032.85,1039.65,1030,1039,77,101000
RELINFRA-I,20170124,515.8,517.5,509.7,516.2,4717,2542800
RELINFRA-II,20170124,518,519.5,512.25,518.6,2682,3763500
RELINFRA-III,20170124,521,521,517.5,519.15,7,11700
RPOWER-I,20170124,44.1,44.2,43.85,44.1,2462,18564000
RPOWER-II,20170124,44.2,44.45,44,44.4,2386,37524000
RPOWER-III,20170124,44.45,44.5,44.35,44.35,12,432000
SAIL-I,20170124,61.85,62.05,61.05,61.95,4239,18048000
SAIL-II,20170124,61.05,61.65,60.5,61.5,2923,32412000
SAIL-III,20170124,60.5,61.2,60.1,61.2,20,588000
SBIN-I,20170124,255.35,257.35,254.05,255.3,15150,34872000
SBIN-II,20170124,254.7,257.25,254.5,256.05,11083,54327000
SBIN-III,20170124,257.2,257.4,255.7,256.5,78,756000
SIEMENS-I,20170124,1166.7,1172.55,1151.5,1166.75,1774,263000
SIEMENS-II,20170124,1164.55,1171.65,1152.1,1165.6,1244,657000
SIEMENS-III,20170124,0,0,0,1103.15,0,0
SINTEX-I,20170124,85.3,85.9,84.55,85.45,1828,12661125
SINTEX-II,20170124,85.75,86.2,85,85.8,1440,16195125
SINTEX-III,20170124,85.1,85.1,85.1,85.1,1,42750
SOUTHBANK-I,20170124,21.4,21.45,21.1,21.3,810,28980000
SOUTHBANK-II,20170124,21.4,21.5,21.25,21.45,780,29640000
SOUTHBANK-III,20170124,0,0,0,21.65,0,60000
SRF-I,20170124,1658.95,1678.15,1653.35,1668.85,1077,325500
SRF-II,20170124,1676.25,1680,1662,1672.85,637,205000
SRF-III,20170124,0,0,0,1553.25,0,0
SRTRANSFIN-I,20170124,925.9,948,925.45,945.4,2581,1075200
SRTRANSFIN-II,20170124,929.55,952.5,929.55,949.7,1562,2526600
SRTRANSFIN-III,20170124,0,0,0,845.55,0,0
STAR-I,20170124,1110.15,1138.4,1109.5,1127.05,2643,537000
STAR-II,20170124,1113.95,1140,1112.85,1130.75,2081,1405000
STAR-III,20170124,0,0,0,1170,0,1000
SUNPHARMA-I,20170124,638.65,644,636,642.6,16713,12905900
SUNPHARMA-II,20170124,640.15,646.75,638.5,645.15,14784,20713700
SUNPHARMA-III,20170124,644.95,649.25,644.1,648.75,80,99400
SUNTV-I,20170124,522.5,526.8,521.3,525.55,4536,4558000
SUNTV-II,20170124,523.9,528.9,523,527.6,3194,6464000
SUNTV-III,20170124,528,528,528,528,1,2000
SYNDIBANK-I,20170124,64.95,65.85,64.85,65.7,1124,7236000
SYNDIBANK-II,20170124,65.35,66.15,65,66,1027,8532000
SYNDIBANK-III,20170124,0,0,0,65.55,0,72000
TATACHEM-I,20170124,513.6,524.4,512.2,522.45,2162,2053500
TATACHEM-II,20170124,515.85,526.9,514.35,524.7,2014,3163500
TATACHEM-III,20170124,520,520,520,520,1,1500
TATACOMM-I,20170124,675.45,714.4,672.2,710.05,9288,2574600
TATACOMM-II,20170124,677.5,717.5,670,713.15,3760,3495800
TATACOMM-III,20170124,0,0,0,636.1,0,0
TATAELXSI-I,20170124,1498,1520.1,1485.25,1506.7,2038,678000
TATAELXSI-II,20170124,1506.55,1527,1492.3,1513.6,1490,593600
TATAELXSI-III,20170124,0,0,0,1548.95,0,400
TATAGLOBAL-I,20170124,128.05,128.9,127.25,128.75,2458,8100000
TATAGLOBAL-II,20170124,128.05,129.5,127.85,129.4,2316,20938500
TATAGLOBAL-III,20170124,128.5,129.5,128.5,129.5,3,27000
TATAMOTORS-I,20170124,533.6,542.65,532.95,541.25,13184,20842500
TATAMOTORS-II,20170124,535,544.7,535,543.35,8996,21958500
TATAMOTORS-III,20170124,541.1,545.9,540.5,545.55,46,84000
TATAMTRDVR-I,20170124,332.5,339.7,332.5,339.1,3089,4208400
TATAMTRDVR-II,20170124,337.4,341.25,336.45,340.6,2474,12558000
TATAMTRDVR-III,20170124,341.5,341.5,341.5,341.5,1,4200
TATAPOWER-I,20170124,77.65,79.95,77.65,79.65,1709,10872000
TATAPOWER-II,20170124,78.55,80.35,78.1,80,1340,18729000
TATAPOWER-III,20170124,0,0,0,76.4,0,0
TATASTEEL-I,20170124,464.1,466.8,458.7,464.95,12433,10916000
TATASTEEL-II,20170124,466.05,468.6,460.8,467.2,7050,15064000
TATASTEEL-III,20170124,467.7,469.5,463.75,468.8,22,142000
TCS-I,20170124,2301,2320.95,2292.05,2316.8,8191,2466500
TCS-II,20170124,2304.7,2331,2301,2325.9,5803,3262750
TCS-III,20170124,0,0,0,2314.25,0,3500
TECHM-I,20170124,471.8,474.4,469.3,471.1,5727,3107500
TECHM-II,20170124,473.6,476.3,471,473.05,4664,7982700
TECHM-III,20170124,475,475,475,475,1,7700
TITAN-I,20170124,368.3,368.5,362.25,364.3,3343,3373500
TITAN-II,20170124,369.4,369.45,363.2,365.5,2800,5986500
TITAN-III,20170124,0,0,0,360.3,0,1500
TORNTPHARM-I,20170124,1276.05,1301,1276.05,1297.35,242,122800
TORNTPHARM-II,20170124,1279.5,1299.25,1278.2,1297.9,276,113200
TORNTPHARM-III,20170124,0,0,0,1304.5,0,0
TORNTPOWER-I,20170124,194.9,198.55,194.15,196.8,914,1509000
TORNTPOWER-II,20170124,195.3,199.6,195.25,198,466,2130000
TORNTPOWER-III,20170124,199.25,199.25,199.25,197.75,3,9000
TV18BRDCST-I,20170124,36.55,36.75,36,36.6,2520,42313000
TV18BRDCST-II,20170124,36.7,36.95,36.15,36.8,2471,58939000
TV18BRDCST-III,20170124,36.8,36.8,36.75,36.75,2,51000
TVSMOTOR-I,20170124,379.7,403.3,377.2,401.25,11522,3890000
TVSMOTOR-II,20170124,374.3,400,372.25,398.4,4308,5380000
TVSMOTOR-III,20170124,386,394.45,386,393.45,4,30000
UBL-I,20170124,810.95,823.8,810.95,818.6,1065,389900
UBL-II,20170124,815.45,828.85,814.5,822.25,951,747600
UBL-III,20170124,0,0,0,798,0,0
ULTRACEMCO-I,20170124,3536,3666.75,3530.95,3649.15,7976,1184600
ULTRACEMCO-II,20170124,3529.7,3670,3529.7,3653.8,6826,2376200
ULTRACEMCO-III,20170124,3577.95,3657.75,3577.95,3657.75,5,3400
UNIONBANK-I,20170124,138.95,139.4,137.25,138.95,5825,6996000
UNIONBANK-II,20170124,135.35,135.7,132.55,133.6,4778,13444000
UNIONBANK-III,20170124,133.5,133.5,130.45,131.5,87,964000
UPL-I,20170124,731,735.5,722.6,731.9,3766,1513200
UPL-II,20170124,733.95,738.6,725.7,734.95,2379,4116000
UPL-III,20170124,0,0,0,685,0,1200
VEDL-I,20170124,246.45,252.2,245.55,251.5,16526,19971000
VEDL-II,20170124,247.05,253.1,246.3,252.3,9199,31783500
VEDL-III,20170124,245.65,252,245.65,252,26,91000
VOLTAS-I,20170124,339.45,339.45,324.35,325.3,3173,2050000
VOLTAS-II,20170124,334,334,322.65,323.75,1912,3192000
VOLTAS-III,20170124,0,0,0,345,0,2000
WIPRO-I,20170124,480,482.85,475.65,480.85,2455,3122400
WIPRO-II,20170124,480.9,481.1,474.2,478.7,2013,1981200
WIPRO-III,20170124,0,0,0,480.05,0,0
WOCKPHARMA-I,20170124,674.15,688.9,673,683.95,3276,1457400
WOCKPHARMA-II,20170124,676.3,691.75,675.9,686.9,2562,1813800
WOCKPHARMA-III,20170124,0,0,0,678,0,2400
YESBANK-I,20170124,1394.1,1411.7,1348.8,1363.9,24297,3784900
YESBANK-II,20170124,1398.85,1417,1356,1370.5,9574,5478900
YESBANK-III,20170124,1411.85,1422.35,1360.4,1373.2,101,72100
ZEEL-I,20170124,483.8,490,474.6,479.5,10066,4971200
ZEEL-II,20170124,487.75,491.6,476.65,481.35,4002,6636500
ZEEL-III,20170124,489.75,489.75,482,482.15,13,6500
