BANKNIFTY-I,20171229,25538,25598.2,25484.45,25570.05,44269,1249560
BANKNIFTY-II,20171229,25578,25647.25,25541.35,25635.75,323,32200
BANKNIFTY-III,20171229,25630,25690,25630,25690,16,480
FTSE100-I,20171229,0,0,0,7652,0,0
FTSE100-II,20171229,0,0,0,7503,0,0
FTSE100-III,20171229,0,0,0,7912,0,0
FTSE100-IIII,20171229,0,0,0,7982,0,0
FTSE100-IIIII,20171229,0,0,0,7867,0,0
FTSE100-IIIIII,20171229,0,0,0,7947,0,0
NIFTY-I,20171229,10501.65,10568,10469,10556.9,107073,23265150
NIFTY-II,20171229,10525.85,10587,10485.25,10577.4,2451,650175
NIFTY-III,20171229,10580,10612.2,10574.05,10602.05,638,28275
NIFTYCPSE-I,20171229,0,0,0,2752.3,0,0
NIFTYCPSE-II,20171229,0,0,0,2661.05,0,0
NIFTYCPSE-III,20171229,0,0,0,2729.2,0,0
NIFTYINFRA-I,20171229,0,0,0,3636.75,0,0
NIFTYINFRA-II,20171229,0,0,0,3569.3,0,0
NIFTYINFRA-III,20171229,0,0,0,3662.6,0,0
NIFTYIT-I,20171229,11498,11656,11444,11629,401,33900
NIFTYIT-II,20171229,0,0,0,11280,0,0
NIFTYIT-III,20171229,0,0,0,11682,0,0
NIFTYMID50-I,20171229,5837.3,5837.3,5788.15,5788.15,2,514000
NIFTYMID50-II,20171229,0,0,0,5289.3,0,0
NIFTYMID50-III,20171229,0,0,0,5588,0,0
NIFTYPSE-I,20171229,0,0,0,4478.55,0,0
NIFTYPSE-II,20171229,0,0,0,4297,0,0
NIFTYPSE-III,20171229,0,0,0,4378.2,0,0
ACC-I,20171229,1760.7,1776.5,1755.05,1764.45,1813,1162800
ACC-II,20171229,1772,1779,1767.7,1768.65,7,6800
ACC-III,20171229,0,0,0,1776.85,0,0
ADANIENT-I,20171229,165.4,169.1,164.25,167.55,3365,23464000
ADANIENT-II,20171229,166.15,168.95,165.35,168.95,18,128000
ADANIENT-III,20171229,0,0,0,167.95,0,0
ADANIPORTS-I,20171229,406.45,408.15,401.55,407.05,2650,10705000
ADANIPORTS-II,20171229,406.9,406.9,405.05,406.7,5,57500
ADANIPORTS-III,20171229,0,0,0,405.15,0,0
ADANIPOWER-I,20171229,41.3,42.35,40.85,42,2159,113420000
ADANIPOWER-II,20171229,41.6,42.1,41.35,42.2,20,620000
ADANIPOWER-III,20171229,0,0,0,41.4,0,0
AJANTPHARM-I,20171229,1492.3,1503.8,1478.2,1496.25,1009,704500
AJANTPHARM-II,20171229,1500.65,1501.3,1498.9,1499.15,12,5000
AJANTPHARM-III,20171229,0,0,0,1494.3,0,0
ALBK-I,20171229,74.45,75.35,73.35,73.85,867,15960000
ALBK-II,20171229,75.35,75.4,74,74,14,470000
ALBK-III,20171229,0,0,0,75.3,0,0
AMARAJABAT-I,20171229,854.7,856,843.8,846,1480,1675800
AMARAJABAT-II,20171229,857,857,848.05,849.4,18,15400
AMARAJABAT-III,20171229,0,0,0,859.6,0,0
AMBUJACEM-I,20171229,272.2,274.5,271.35,272.45,1780,10335000
AMBUJACEM-II,20171229,274.1,274.25,272.85,272.85,20,60000
AMBUJACEM-III,20171229,0,0,0,276,0,0
ANDHRABANK-I,20171229,58.95,59.45,58,58.45,1348,22810000
ANDHRABANK-II,20171229,59.55,59.7,58.55,58.55,13,160000
ANDHRABANK-III,20171229,0,0,0,59.85,0,0
APOLLOHOSP-I,20171229,1233.4,1233.4,1208.15,1212.1,1075,874000
APOLLOHOSP-II,20171229,0,0,0,1201.2,0,3000
APOLLOHOSP-III,20171229,0,0,0,1252.1,0,0
APOLLOTYRE-I,20171229,267.95,271.7,267,270.35,2086,9522000
APOLLOTYRE-II,20171229,269.95,272.5,269.05,271.25,20,102000
APOLLOTYRE-III,20171229,0,0,0,273.15,0,0
ARVIND-I,20171229,452.35,456,450.9,453.45,1998,7008000
ARVIND-II,20171229,455.05,455.1,454,454,7,34000
ARVIND-III,20171229,0,0,0,454.85,0,0
ASHOKLEY-I,20171229,118.5,120.4,118.1,119.85,3245,63952000
ASHOKLEY-II,20171229,119.6,120.95,118.85,120.2,39,889000
ASHOKLEY-III,20171229,0,0,0,119.6,0,0
ASIANPAINT-I,20171229,1148.6,1175,1144.7,1164.85,3311,3388200
ASIANPAINT-II,20171229,1162.15,1180,1162.15,1169.8,43,17400
ASIANPAINT-III,20171229,0,0,0,1162.85,0,0
AUROPHARMA-I,20171229,691.55,694.95,688.5,692.4,5645,22348800
AUROPHARMA-II,20171229,693.45,701.9,692,695.55,100,87200
AUROPHARMA-III,20171229,705.95,706,705.95,706,27,21600
AXISBANK-I,20171229,551.5,568.65,549.6,565.25,15083,46800000
AXISBANK-II,20171229,553.25,571,553.15,568.05,222,346800
AXISBANK-III,20171229,568,568,568,568,1,1200
BAJAJ-AUTO-I,20171229,3313.8,3347.3,3307.15,3339.2,1976,1862750
BAJAJ-AUTO-II,20171229,3331.5,3353.85,3324.25,3353.85,21,4250
BAJAJ-AUTO-III,20171229,0,0,0,3348.25,0,0
BAJAJFINSV-I,20171229,5294.65,5350.55,5210.15,5262.05,1013,637375
BAJAJFINSV-II,20171229,5333.4,5333.45,5289.6,5320.2,6,3875
BAJAJFINSV-III,20171229,0,0,0,5391.25,0,0
BAJFINANCE-I,20171229,1763.25,1772.7,1753.35,1764.65,2262,5322000
BAJFINANCE-II,20171229,1764.6,1777,1763.05,1770.6,60,24000
BAJFINANCE-III,20171229,0,0,0,1783.45,0,0
BALKRISIND-I,20171229,1210.7,1214,1190.15,1197.65,1560,1166400
BALKRISIND-II,20171229,0,0,0,2408.2,0,4000
BALKRISIND-III,20171229,0,0,0,1213.7,0,0
BALRAMCHIN-I,20171229,132.75,135.6,132,133.5,2023,16737000
BALRAMCHIN-II,20171229,134.8,136,133.45,133.45,21,115500
BALRAMCHIN-III,20171229,0,0,0,132.9,0,0
BANKBARODA-I,20171229,164.3,164.75,161.1,161.85,5757,60696000
BANKBARODA-II,20171229,164.9,165.4,162.05,162.75,64,428000
BANKBARODA-III,20171229,0,0,0,165.4,0,0
BANKINDIA-I,20171229,171.55,173.35,170.1,170.65,1709,17808000
BANKINDIA-II,20171229,172.4,172.4,172.05,172.05,6,144000
BANKINDIA-III,20171229,0,0,0,172.5,0,0
BATAINDIA-I,20171229,751.25,755.8,748.5,752.7,1462,1719300
BATAINDIA-II,20171229,0,0,0,757.75,0,5500
BATAINDIA-III,20171229,0,0,0,754.45,0,0
BEL-I,20171229,183.55,186.1,183.05,183.45,1817,19691100
BEL-II,20171229,184.2,185.7,183.7,183.7,20,188100
BEL-III,20171229,0,0,0,184.5,0,0
BEML-I,20171229,1606.65,1651.8,1602,1628.45,4033,2226000
BEML-II,20171229,1614.3,1655.4,1612.5,1636.6,48,9900
BEML-III,20171229,0,0,0,1613.85,0,0
BERGEPAINT-I,20171229,264,275.85,263.75,270.35,1188,1876600
BERGEPAINT-II,20171229,268.7,270.55,268.7,270.55,4,6600
BERGEPAINT-III,20171229,0,0,0,264.75,0,0
BHARATFIN-I,20171229,999.3,1004.1,997.45,1002.1,1166,9059000
BHARATFIN-II,20171229,1005.95,1005.95,1003.05,1003.9,8,12000
BHARATFIN-III,20171229,0,0,0,1010.65,0,0
BHARATFORG-I,20171229,737.9,742.05,730,734.7,1911,5691600
BHARATFORG-II,20171229,740.55,740.7,733.6,738.05,12,22800
BHARATFORG-III,20171229,0,0,0,743.8,0,0
BHARTIARTL-I,20171229,529.85,541.5,529.6,533.1,4803,33671900
BHARTIARTL-II,20171229,536.7,542.45,534.95,535.8,84,2655400
BHARTIARTL-III,20171229,0,0,0,539.95,0,0
BHEL-I,20171229,92.95,94.1,92.65,92.85,2166,57675000
BHEL-II,20171229,93,94.35,92.75,93,41,997500
BHEL-III,20171229,94,94,94,94,1,7500
BIOCON-I,20171229,542,545.5,535.55,540.4,2969,8287200
BIOCON-II,20171229,540.4,545,537.15,541.3,43,84600
BIOCON-III,20171229,0,0,0,548.95,0,0
BOSCHLTD-I,20171229,20171.6,20345.85,20060,20189.1,905,125275
BOSCHLTD-II,20171229,20249.6,20434.8,20124.55,20291.8,13,300
BOSCHLTD-III,20171229,0,0,0,20395.9,0,0
BPCL-I,20171229,523.9,526.2,512,515.25,2192,8348400
BPCL-II,20171229,519.9,522.35,509.2,510,21,104400
BPCL-III,20171229,0,0,0,534.7,0,0
BRITANNIA-I,20171229,4718.85,4747.85,4700.05,4733.95,1034,1084000
BRITANNIA-II,20171229,4825.95,4825.95,4754.4,4757.2,4,1600
BRITANNIA-III,20171229,0,0,0,4741.2,0,0
CADILAHC-I,20171229,429.55,437.5,428.15,436.2,1889,6708800
CADILAHC-II,20171229,433.5,439.5,432.45,439.5,19,30400
CADILAHC-III,20171229,0,0,0,430.7,0,0
CANBK-I,20171229,362.85,367.4,361,362.35,3690,11536000
CANBK-II,20171229,366,367.9,363.45,363.9,30,59200
CANBK-III,20171229,0,0,0,366.55,0,0
CANFINHOME-I,20171229,477.65,478.5,470.05,475.05,1186,5702500
CANFINHOME-II,20171229,477.05,479.75,477.05,477.5,6,18750
CANFINHOME-III,20171229,0,0,0,482.45,0,0
CAPF-I,20171229,695,702.55,690.5,697.35,774,4356800
CAPF-II,20171229,703.95,704,700.3,700.3,12,13600
CAPF-III,20171229,0,0,0,700.45,0,0
CASTROLIND-I,20171229,193.95,196.4,193.95,194.55,512,17214400
CASTROLIND-II,20171229,196.6,196.6,195.5,195.45,10,50400
CASTROLIND-III,20171229,0,0,0,196.25,0,0
CEATLTD-I,20171229,1965.7,1976.4,1952.6,1964.4,2519,1060500
CEATLTD-II,20171229,1974.8,1977,1964.35,1968,15,12600
CEATLTD-III,20171229,0,0,0,1977.8,0,0
CENTURYTEX-I,20171229,1435.1,1457.2,1434.3,1445.25,3165,7152750
CENTURYTEX-II,20171229,1457.1,1460.85,1448.55,1453.9,8,5500
CENTURYTEX-III,20171229,0,0,0,1445.9,0,0
CESC-I,20171229,1050.75,1059.5,1046.15,1055.75,1900,4739350
CESC-II,20171229,1061.9,1061.9,1053.5,1056,9,89650
CESC-III,20171229,0,0,0,1060.9,0,0
CGPOWER-I,20171229,93.65,94.5,92.2,93.2,1359,31464000
CGPOWER-II,20171229,94.2,94.8,92.85,93.65,12,264000
CGPOWER-III,20171229,0,0,0,93.95,0,0
CHENNPETRO-I,20171229,428,434.3,427.45,432.05,337,2320500
CHENNPETRO-II,20171229,0,0,0,439.7,0,3000
CHENNPETRO-III,20171229,0,0,0,434.6,0,0
CHOLAFIN-I,20171229,1295,1308.4,1288.7,1303.15,483,509000
CHOLAFIN-II,20171229,0,0,0,1300.45,0,500
CHOLAFIN-III,20171229,0,0,0,1308.2,0,0
CIPLA-I,20171229,609.95,612.95,606.5,610.2,1182,7459000
CIPLA-II,20171229,614.5,614.5,612.15,612.6,15,27000
CIPLA-III,20171229,0,0,0,615.85,0,0
COALINDIA-I,20171229,264.1,265.1,263,264.05,2337,20790000
COALINDIA-II,20171229,262.8,263.55,261.25,262.4,142,913000
COALINDIA-III,20171229,259.6,259.6,254.8,256.7,61,125400
COLPAL-I,20171229,1082.2,1103,1082.2,1100.65,837,1059800
COLPAL-II,20171229,0,0,0,1105,0,0
COLPAL-III,20171229,0,0,0,1103.2,0,0
CONCOR-I,20171229,1384.2,1399.05,1373,1381,712,996250
CONCOR-II,20171229,0,0,0,1422.7,1,1250
CONCOR-III,20171229,0,0,0,1397.8,0,0
CUMMINSIND-I,20171229,923.15,929.05,906.1,908.6,427,631800
CUMMINSIND-II,20171229,0,0,0,857,0,600
CUMMINSIND-III,20171229,0,0,0,927.8,0,0
DABUR-I,20171229,348.65,352.3,347.25,351.25,741,10887500
DABUR-II,20171229,350.2,353,350.2,353,14,20000
DABUR-III,20171229,0,0,0,350.35,0,0
DALMIABHA-I,20171229,3233.05,3250.05,3215,3221.25,250,577800
DALMIABHA-II,20171229,0,0,0,3270,0,300
DALMIABHA-III,20171229,0,0,0,3275.25,0,0
DCBBANK-I,20171229,195.45,198.45,194.2,197.05,864,6394500
DCBBANK-II,20171229,196.05,196.05,196.05,196.05,3,13500
DCBBANK-III,20171229,0,0,0,196.75,0,0
DHFL-I,20171229,593.05,594.6,583.5,586.35,3711,27916500
DHFL-II,20171229,596,596,589,589.5,20,34500
DHFL-III,20171229,0,0,0,595.15,0,0
DISHTV-I,20171229,82.35,83.6,82.15,82.35,1731,38808000
DISHTV-II,20171229,82.95,83.55,82.8,82.8,13,133000
DISHTV-III,20171229,0,0,0,82.9,0,0
DIVISLAB-I,20171229,1124.4,1134.9,1096.1,1102.4,2228,2743200
DIVISLAB-II,20171229,1135,1135,1102,1105.75,39,42400
DIVISLAB-III,20171229,0,0,0,1132.2,0,0
DLF-I,20171229,267.55,267.85,258.6,261.15,9887,42860000
DLF-II,20171229,266.45,267.1,260.25,262.65,77,245000
DLF-III,20171229,263.85,266,263.85,266,3,15000
DRREDDY-I,20171229,2454.9,2457.85,2418,2422.7,3530,4168250
DRREDDY-II,20171229,2462.35,2462.35,2432.25,2433.1,44,19500
DRREDDY-III,20171229,2450,2450,2450,2450,1,250
EICHERMOT-I,20171229,30139.75,30573.95,30109.95,30486.85,2193,166425
EICHERMOT-II,20171229,30414.1,30650,30414.1,30624.6,7,325
EICHERMOT-III,20171229,0,0,0,30312.95,0,0
ENGINERSIN-I,20171229,201.5,201.95,198.1,200.75,1206,11693500
ENGINERSIN-II,20171229,201.85,201.85,199,201.15,7,38500
ENGINERSIN-III,20171229,0,0,0,202.25,0,0
EQUITAS-I,20171229,150.55,151.5,148.1,149,1188,19110400
EQUITAS-II,20171229,151.15,151.55,149.55,149.6,7,76800
EQUITAS-III,20171229,0,0,0,151.05,0,0
ESCORTS-I,20171229,779.55,800.7,768.3,790.15,6731,3768600
ESCORTS-II,20171229,779,801.45,773,792.4,32,30800
ESCORTS-III,20171229,0,0,0,784.6,0,0
EXIDEIND-I,20171229,221,225.55,219.95,224.05,1652,13308000
EXIDEIND-II,20171229,222.95,226.55,222.75,226.55,5,48000
EXIDEIND-III,20171229,0,0,0,222.55,0,0
FEDERALBNK-I,20171229,109.5,110.5,109,109.25,2020,72066500
FEDERALBNK-II,20171229,110.1,111.1,109.7,109.85,54,572000
FEDERALBNK-III,20171229,0,0,0,110.8,0,0
FORTIS-I,20171229,164.4,167,159.25,161.5,3542,50197000
FORTIS-II,20171229,167.5,167.5,160.4,162.25,42,84000
FORTIS-III,20171229,0,0,0,164.6,0,0
GAIL-I,20171229,506.8,508.95,497.65,499.2,3316,13186000
GAIL-II,20171229,500.15,501.8,495.4,495.85,37,124000
GAIL-III,20171229,0,0,0,519.45,0,0
GLENMARK-I,20171229,593.85,604.5,593.85,598.15,2344,7592400
GLENMARK-II,20171229,602.4,607.6,599.9,600.65,33,61200
GLENMARK-III,20171229,0,0,0,601.3,0,0
GMRINFRA-I,20171229,21.1,23,20.85,22.6,7403,337455000
GMRINFRA-II,20171229,21.35,22.8,21.1,22.7,103,3060000
GMRINFRA-III,20171229,22.45,22.95,22.45,22.8,5,225000
GODFRYPHLP-I,20171229,1001.1,1006,990.1,993.15,191,681000
GODFRYPHLP-II,20171229,0,0,0,1006,0,2000
GODFRYPHLP-III,20171229,0,0,0,1003.6,0,0
GODREJCP-I,20171229,996.4,1011.85,996.4,1002.75,986,1936800
GODREJCP-II,20171229,0,0,0,1002.35,0,1600
GODREJCP-III,20171229,0,0,0,1000.35,0,0
GODREJIND-I,20171229,606,611.2,600,608.65,615,2187000
GODREJIND-II,20171229,0,0,0,586.35,0,0
GODREJIND-III,20171229,0,0,0,612.35,0,0
GRANULES-I,20171229,138.45,139.8,137.65,138.5,633,17075000
GRANULES-II,20171229,140.3,140.3,136.8,139.7,4,70000
GRANULES-III,20171229,0,0,0,138.95,0,0
GRASIM-I,20171229,1137.65,1174,1136.7,1168.5,2592,4051500
GRASIM-II,20171229,1150.1,1176.85,1150.1,1175.2,13,12000
GRASIM-III,20171229,0,0,0,1147.4,0,0
GSFC-I,20171229,153.1,158.5,152.2,157.15,3166,21262500
GSFC-II,20171229,159.1,160,157.7,158.3,9,40500
GSFC-III,20171229,0,0,0,154.35,0,0
HAVELLS-I,20171229,556.4,572.8,554.35,565.95,4281,3570000
HAVELLS-II,20171229,556.5,574,556.5,570,31,34000
HAVELLS-III,20171229,0,0,0,559.4,0,0
HCC-I,20171229,41.4,42.15,41.05,41.3,1615,53175000
HCC-II,20171229,41.6,41.6,41.4,41.55,4,300000
HCC-III,20171229,0,0,0,41.3,0,0
HCLTECH-I,20171229,879.55,901.85,877.55,895.8,3535,9054500
HCLTECH-II,20171229,892,896.55,892,896.55,4,6300
HCLTECH-III,20171229,0,0,0,892.45,0,0
HDFC-I,20171229,1708.9,1716.65,1705.95,1714.05,4483,11879500
HDFC-II,20171229,1716.8,1722.75,1713.55,1720.65,97,76000
HDFC-III,20171229,0,0,0,1723.5,0,0
HDFCBANK-I,20171229,1871.15,1875,1864.75,1869.4,7694,20171500
HDFCBANK-II,20171229,1873.85,1874.6,1867.8,1870.9,137,90500
HDFCBANK-III,20171229,0,0,0,1908.3,0,0
HDIL-I,20171229,60.85,67.2,60.5,66,12442,47970000
HDIL-II,20171229,62.05,67.3,61.85,66.1,169,1080000
HDIL-III,20171229,0,0,0,60.05,0,0
HEROMOTOCO-I,20171229,3747.65,3808,3734,3796.9,3122,1515600
HEROMOTOCO-II,20171229,3777.85,3804,3777.85,3804,45,8800
HEROMOTOCO-III,20171229,3798.95,3798.95,3750.45,3755,28,5400
HEXAWARE-I,20171229,336.1,342.3,335.2,340.9,1591,4062000
HEXAWARE-II,20171229,336.05,339.3,336.05,339.3,3,33000
HEXAWARE-III,20171229,0,0,0,344.2,0,0
HINDALCO-I,20171229,277.95,278.45,272.5,275.45,5613,36298500
HINDALCO-II,20171229,277.9,277.9,273.8,276.55,62,234500
HINDALCO-III,20171229,0,0,0,279.7,0,0
HINDPETRO-I,20171229,422.45,425.85,416.25,419.7,2902,24822000
HINDPETRO-II,20171229,421,421.1,416,416.6,31,132300
HINDPETRO-III,20171229,0,0,0,429.5,0,0
HINDUNILVR-I,20171229,1360.35,1378.9,1356.65,1372.2,2146,8987400
HINDUNILVR-II,20171229,1373.4,1383.1,1373,1377.3,50,31200
HINDUNILVR-III,20171229,0,0,0,1376.35,0,0
HINDZINC-I,20171229,314.8,315.3,310.25,311.1,1128,6748800
HINDZINC-II,20171229,316.3,316.3,310,310.05,55,150400
HINDZINC-III,20171229,0,0,0,316.5,0,0
IBULHSGFIN-I,20171229,1211.95,1215,1199.15,1202.6,5439,10664000
IBULHSGFIN-II,20171229,1210.05,1212.5,1200,1202.1,1894,1973200
IBULHSGFIN-III,20171229,0,0,0,1217.2,0,0
ICICIBANK-I,20171229,314.85,316.5,313.35,314.7,5691,56080750
ICICIBANK-II,20171229,317.05,317.45,315,315.95,83,371250
ICICIBANK-III,20171229,0,0,0,320.4,0,0
ICICIPRULI-I,20171229,393,396.25,383.6,386.05,826,5084300
ICICIPRULI-II,20171229,398.5,398.5,388.45,387.65,17,15600
ICICIPRULI-III,20171229,393.65,393.65,393.65,393.65,29,37700
ICIL-I,20171229,127.4,129.05,118,124.95,1900,11140000
IDBI-I,20171229,61.25,62.3,60.05,60.3,1362,23920000
IDBI-II,20171229,62.05,62.4,60.5,60.5,14,480000
IDBI-III,20171229,0,0,0,61.35,0,0
IDEA-I,20171229,103.35,109.2,102.8,108.75,8079,44590000
IDEA-II,20171229,103.95,109.95,103.85,109.2,102,546000
IDEA-III,20171229,107.5,108.5,107.5,108.5,3,21000
IDFC-I,20171229,63.15,64.75,62.15,63.15,3060,149938800
IDFC-II,20171229,63.55,64,62.55,63.55,21,369600
IDFC-III,20171229,0,0,0,63.85,0,0
IDFCBANK-I,20171229,54.75,55.2,54.35,54.65,1176,136503000
IDFCBANK-II,20171229,55.15,55.25,54.9,55,33,1035000
IDFCBANK-III,20171229,0,0,0,55,0,0
IFCI-I,20171229,30.1,33.6,30,31,5117,88110000
IFCI-II,20171229,31.65,33.4,30.8,31.1,88,1474000
IFCI-III,20171229,31.85,31.85,31.15,31.15,3,66000
IGL-I,20171229,331.75,337.95,330.1,337.25,1881,5302000
IGL-II,20171229,332,339,332,338.8,8,93500
IGL-III,20171229,0,0,0,333.65,0,0
INDIACEM-I,20171229,181.1,185.35,180.85,183.6,2621,24696000
INDIACEM-II,20171229,183.8,185.2,182.4,184.4,30,105000
INDIACEM-III,20171229,0,0,0,182.45,0,0
INDIANB-I,20171229,382.75,387.45,377.45,378.95,1748,4464000
INDIANB-II,20171229,0,0,0,388.5,0,12000
INDIANB-III,20171229,0,0,0,386.4,0,0
INDIGO-I,20171229,1218.25,1226.7,1208,1210.3,1010,2458800
INDIGO-II,20171229,1216.05,1219.5,1216,1219.5,4,1800
INDIGO-III,20171229,0,0,0,1226.75,0,0
INDUSINDBK-I,20171229,1650.05,1659.15,1641.6,1645.75,3207,5652300
INDUSINDBK-II,20171229,1650.65,1653.95,1647,1647,10,76500
INDUSINDBK-III,20171229,0,0,0,1677.05,0,0
INFIBEAM-I,20171229,163,165.4,98.95,141.05,33176,34120000
INFIBEAM-II,20171229,115.15,144.7,98.7,140.9,342,204000
INFIBEAM-III,20171229,0,0,0,166.45,0,0
INFRATEL-I,20171229,369.15,381.55,367.95,380,3232,8333400
INFRATEL-II,20171229,378.1,383,378.1,382.4,20,22100
INFRATEL-III,20171229,0,0,0,374.1,0,0
INFY-I,20171229,1035.5,1052,1033.4,1046.45,7659,27921000
INFY-II,20171229,1038.6,1055,1038.6,1049.95,140,116400
INFY-III,20171229,1047,1049,1047,1049,2,1200
IOC-I,20171229,395.05,396.15,389,390.65,3691,10254000
IOC-II,20171229,390.65,393.5,387,388.75,163,270000
IOC-III,20171229,387,387,386,386,2,3000
IRB-I,20171229,234.8,241.05,233.8,239.65,2037,14695000
IRB-II,20171229,240.5,241.25,239,240.25,6,17500
IRB-III,20171229,0,0,0,237.15,0,0
ITC-I,20171229,264.2,265.3,263.35,264.35,3750,84768000
ITC-II,20171229,264.8,266.5,264.8,265.55,100,715200
ITC-III,20171229,267.4,267.4,267.4,267.4,1,2400
JETAIRWAYS-I,20171229,827.75,841.35,826,837.35,5986,6117600
JETAIRWAYS-II,20171229,840,842.6,833.5,841.5,29,26400
JETAIRWAYS-III,20171229,0,0,0,830.1,0,0
JINDALSTEL-I,20171229,204.4,208.3,202,206.25,5430,36171000
JINDALSTEL-II,20171229,204.4,208.9,203.7,207.25,43,135000
JINDALSTEL-III,20171229,0,0,0,205.75,0,0
JISLJALEQS-I,20171229,130.05,133.7,123.45,126.35,4562,47331000
JISLJALEQS-II,20171229,131.3,133.8,124.3,127.55,48,153000
JISLJALEQS-III,20171229,0,0,0,130.15,0,0
JPASSOCIAT-I,20171229,23.45,27.5,23.45,26.15,7984,243984000
JPASSOCIAT-II,20171229,24.25,27.45,24.25,26.4,78,1938000
JPASSOCIAT-III,20171229,26.8,26.8,26.8,26.8,1,34000
JSWENERGY-I,20171229,90.15,93.5,88.5,93.1,3881,59092000
JSWSTEEL-I,20171229,273.95,274.8,267.7,271.25,3057,54528000
JSWSTEEL-II,20171229,275.2,275.2,269.95,272.1,40,93000
JSWSTEEL-III,20171229,0,0,0,275.7,0,0
JUBLFOOD-I,20171229,1739.3,1779.75,1728.05,1772.7,4705,2522000
JUBLFOOD-II,20171229,1758,1781,1758,1781,18,9500
JUBLFOOD-III,20171229,0,0,0,1737.3,0,0
JUSTDIAL-I,20171229,531.25,532.4,521.55,525.85,1468,3588200
JUSTDIAL-II,20171229,532.65,532.65,525.2,525.65,15,22400
JUSTDIAL-III,20171229,0,0,0,531.95,0,0
KAJARIACER-I,20171229,718.05,732.25,714.05,730.8,1006,1436800
KAJARIACER-II,20171229,719,731.35,719,727.45,3,1600
KAJARIACER-III,20171229,0,0,0,722.1,0,0
KOTAKBANK-I,20171229,1012,1013.75,1006.75,1011.9,2824,8300800
KOTAKBANK-II,20171229,1013.45,1016.15,1012.05,1015.35,59,39200
KOTAKBANK-III,20171229,0,0,0,1020.95,0,0
KPIT-I,20171229,174,182.9,173.5,181.8,2619,10966500
KPIT-II,20171229,0,0,0,176.2,0,13500
KPIT-III,20171229,0,0,0,176.25,0,0
KSCL-I,20171229,550.15,554.4,542.4,551.3,1089,4060500
KSCL-II,20171229,0,0,0,551.3,0,0
KSCL-III,20171229,0,0,0,554.3,0,0
KTKBANK-I,20171229,150.65,153.5,150.25,152.65,1673,23096400
KTKBANK-II,20171229,152.7,153.35,152.7,153.35,2,83600
KTKBANK-III,20171229,0,0,0,151.85,0,0
L&TFH-I,20171229,173.2,176,173,174.75,2629,46003500
L&TFH-II,20171229,175.3,176.75,174.35,175.6,45,612000
L&TFH-III,20171229,0,0,0,176.25,0,0
LICHSGFIN-I,20171229,564.2,569.8,562.75,567.25,2699,15412100
LICHSGFIN-II,20171229,567.25,571.5,566.5,569.65,23,66000
LICHSGFIN-III,20171229,0,0,0,570.1,0,0
LT-I,20171229,1265.75,1274.9,1255.25,1264.9,3540,12155250
LT-II,20171229,1275.2,1275.9,1263,1270.9,72,83250
LT-III,20171229,0,0,0,1272.95,0,0
LUPIN-I,20171229,899.9,904.35,885.2,889.8,9690,15026400
LUPIN-II,20171229,895.05,906.05,890.8,894.8,138,149400
LUPIN-III,20171229,895,895,894.75,894.75,3,1800
M&M-I,20171229,755,756.6,748.65,755.15,2535,15511000
M&M-II,20171229,757,759.35,751.85,758.5,66,54000
M&M-III,20171229,0,0,0,762.05,0,0
M&MFIN-I,20171229,471.2,478.6,470.6,475.6,1746,4760000
M&MFIN-II,20171229,475.45,475.45,475.45,475.45,1,8750
M&MFIN-III,20171229,0,0,0,476.15,0,0
MANAPPURAM-I,20171229,123.3,126.4,122.1,124.15,4902,40452000
MANAPPURAM-II,20171229,123.8,126.65,122.6,124.35,69,414000
MANAPPURAM-III,20171229,124.5,124.5,124.5,124.5,1,6000
MARICO-I,20171229,319.5,326.1,319.5,324.55,694,4945200
MARICO-II,20171229,327.8,327.8,327.8,327.8,1,5200
MARICO-III,20171229,0,0,0,322.6,0,0
MARUTI-I,20171229,9655,9834.95,9655,9791.1,10986,2256300
MARUTI-II,20171229,9762.3,9869.9,9760,9830.95,147,26325
MARUTI-III,20171229,9790,9895,9790,9893.5,21,1200
MCDOWELL-N-I,20171229,3676.85,3700.6,3650,3688.4,2530,1797000
MCDOWELL-N-II,20171229,3692.6,3697.9,3683.3,3695.25,9,5500
MCDOWELL-N-III,20171229,0,0,0,3682.7,0,0
MCX-I,20171229,949.85,952.25,914.55,918.8,3772,3819000
MCX-II,20171229,957.1,970.7,920.2,923.4,61,22000
MCX-III,20171229,0,0,0,953.8,0,0
MFSL-I,20171229,606.2,608.85,588.15,595.4,864,2555000
MFSL-II,20171229,0,0,0,556.05,0,0
MFSL-III,20171229,0,0,0,609.6,0,0
MGL-I,20171229,1100,1109.1,1095.5,1101.95,593,1119600
MGL-II,20171229,1100.05,1109.9,1100,1109.9,5,23400
MGL-III,20171229,0,0,0,1105.25,0,0
MINDTREE-I,20171229,617.25,621.7,599,614.55,1333,1735200
MINDTREE-II,20171229,601.55,601.55,601.55,601.55,1,2400
MINDTREE-III,20171229,0,0,0,622.9,0,0
MOTHERSUMI-I,20171229,380.25,382.8,377.6,380.9,4982,14262400
MOTHERSUMI-II,20171229,386.95,386.95,379.5,382.2,37,54400
MOTHERSUMI-III,20171229,0,0,0,377.35,0,0
MRF-I,20171229,73853.5,74250,72600,72736.05,1447,59730
MRF-II,20171229,74086.9,74337.3,72549,72997.3,15,300
MRF-III,20171229,0,0,0,74681.75,0,0
MRPL-I,20171229,130,130.5,128.6,129.45,390,9279000
MRPL-II,20171229,0,0,0,129.35,0,13500
MRPL-III,20171229,0,0,0,131.3,0,0
MUTHOOTFIN-I,20171229,478.95,484.85,474,477.35,680,1563000
MUTHOOTFIN-II,20171229,485,485,485,485,1,7500
MUTHOOTFIN-III,20171229,0,0,0,481.5,0,0
NATIONALUM-I,20171229,88.05,88.25,86.1,86.45,2372,42696000
NATIONALUM-II,20171229,87.4,88,86.5,86.5,11,352000
NATIONALUM-III,20171229,87.8,87.8,86.85,87,6,40000
NBCC-I,20171229,250.4,252.75,246.85,248.35,1355,11688000
NBCC-II,20171229,252.65,252.65,249,249.15,21,111000
NBCC-III,20171229,0,0,0,251.4,0,0
NCC-I,20171229,134.95,135.75,132.25,134.65,1972,26328000
NCC-II,20171229,135,135.85,134.15,135.05,14,112000
NCC-III,20171229,0,0,0,135.85,0,0
NESTLEIND-I,20171229,7788.95,7899,7762.35,7879.65,221,118100
NESTLEIND-II,20171229,0,0,0,7801,0,300
NESTLEIND-III,20171229,0,0,0,7857.55,0,0
NHPC-I,20171229,32.5,33.5,32.2,32.9,1896,48762000
NHPC-II,20171229,31.9,33,31.9,32.4,26,1755000
NHPC-III,20171229,0,0,0,32.35,0,0
NIITTECH-I,20171229,654,660,647,649.85,623,907500
NIITTECH-II,20171229,0,0,0,648.45,0,0
NIITTECH-III,20171229,0,0,0,660.05,0,0
NMDC-I,20171229,141.75,141.75,138.3,138.8,1327,29652000
NMDC-II,20171229,140,140,137.7,137.95,9,348000
NMDC-III,20171229,139.55,139.55,139.55,139.55,1,6000
NTPC-I,20171229,176.95,177.95,176.25,177.05,1692,26836000
NTPC-II,20171229,177.05,177.25,175.95,176.35,50,328000
NTPC-III,20171229,0,0,0,179,0,0
OFSS-I,20171229,4100.05,4138.05,4098.6,4126.3,164,81150
OFSS-II,20171229,0,0,0,3748.7,0,0
OFSS-III,20171229,0,0,0,4127,0,0
OIL-I,20171229,373,377.05,369.05,370,786,2535654
OIL-II,20171229,371.75,371.75,371.75,371.75,1,15862
OIL-III,20171229,365.45,369.75,365.45,368.55,4,6798
ONGC-I,20171229,195.6,196.35,193.3,195.9,2927,37676250
ONGC-II,20171229,194.45,196.05,193.65,196.05,41,720000
ONGC-III,20171229,0,0,0,196.15,0,0
ORIENTBANK-I,20171229,122.35,123.55,120.1,121.35,1330,16542000
ORIENTBANK-II,20171229,123.6,123.6,121.1,121.85,10,102000
ORIENTBANK-III,20171229,0,0,0,123.2,0,0
PAGEIND-I,20171229,25400.05,25538,25051.55,25476.5,422,34100
PAGEIND-II,20171229,0,0,0,24200,0,100
PAGEIND-III,20171229,0,0,0,25564.95,0,0
PCJEWELLER-I,20171229,461.5,465.95,453.2,460,2061,7417500
PCJEWELLER-II,20171229,466.7,466.7,458,458,7,46500
PCJEWELLER-III,20171229,0,0,0,465.1,0,0
PEL-I,20171229,2874.95,2891.35,2832.85,2874.9,848,1571700
PEL-II,20171229,0,0,0,2900,0,1500
PEL-III,20171229,0,0,0,2891.4,0,0
PETRONET-I,20171229,253.7,257.35,252.3,255.25,2198,17388000
PETRONET-II,20171229,255,256.55,253.6,256.55,10,27000
PETRONET-III,20171229,0,0,0,254.65,0,0
PFC-I,20171229,121,123.2,120.6,122.45,2416,63966000
PFC-II,20171229,121.1,123.25,121.1,122.4,64,1926000
PFC-III,20171229,120.2,122.7,120.2,122.55,34,174000
PIDILITIND-I,20171229,912.5,919.5,905.4,907.8,927,1339000
PIDILITIND-II,20171229,919.2,922.45,914.95,914.95,4,12000
PIDILITIND-III,20171229,0,0,0,916.05,0,0
PNB-I,20171229,171.2,174.65,171.2,172.55,5086,53408000
PNB-II,20171229,172.8,175.05,172.8,173.45,32,372000
PNB-III,20171229,0,0,0,173.55,0,0
POWERGRID-I,20171229,201.3,202.55,200.25,201.75,1499,25860000
POWERGRID-II,20171229,201.2,202.55,201,202.1,18,304000
POWERGRID-III,20171229,0,0,0,202.4,0,0
PTC-I,20171229,116.6,120.4,116.25,119.55,1864,19448000
PTC-II,20171229,117.5,120.45,117.45,120.45,19,264000
PTC-III,20171229,0,0,0,117.45,0,0
PVR-I,20171229,1424.25,1438.8,1412.55,1421.3,836,470800
PVR-II,20171229,0,0,0,1445,0,3600
PVR-III,20171229,0,0,0,1431.25,0,0
RAMCOCEM-I,20171229,798.95,817.95,787.3,790.8,1030,521600
RAMCOCEM-II,20171229,0,0,0,817.1,0,800
RAMCOCEM-III,20171229,0,0,0,809.3,0,0
RAYMOND-I,20171229,1056.6,1069.4,1050.75,1064.5,1755,4272800
RAYMOND-II,20171229,1071.75,1072,1064.8,1071.95,19,12800
RAYMOND-III,20171229,1084.85,1084.85,1084.85,1084.85,1,800
RBLBANK-I,20171229,510,513.4,510,512.1,772,6022000
RBLBANK-II,20171229,514.9,515.95,513.95,514.1,9,40000
RBLBANK-III,20171229,0,0,0,515.6,0,0
RCOM-I,20171229,35.4,40,33.55,35.3,15754,97300000
RCOM-II,20171229,38.2,38.55,33.5,35.25,357,4340000
RCOM-III,20171229,0,0,0,31.4,0,0
RECLTD-I,20171229,155.6,158.05,155.3,156.65,2166,44952000
RECLTD-II,20171229,155.15,157,154.6,155.4,72,2082000
RECLTD-III,20171229,154,155,152,153,15,72000
RELCAPITAL-I,20171229,586,608,573.65,582.65,27615,13211250
RELCAPITAL-II,20171229,588.65,607.5,576.85,584.75,198,63750
RELCAPITAL-III,20171229,0,0,0,579.15,0,0
RELIANCE-I,20171229,929,935.25,923.1,925.3,10676,48185000
RELIANCE-II,20171229,939.95,939.95,928,929.65,294,365000
RELIANCE-III,20171229,937.6,937.6,934.65,934.65,6,5000
RELINFRA-I,20171229,569.8,576.9,551,557.15,14066,10765300
RELINFRA-II,20171229,575.1,575.1,554.3,560,115,97500
RELINFRA-III,20171229,569,569,569,569,2,2600
REPCOHOME-I,20171229,686,701.6,675.45,689.25,533,776700
REPCOHOME-II,20171229,0,0,0,637.3,0,900
REPCOHOME-III,20171229,0,0,0,692.05,0,0
RNAVAL-I,20171229,50.3,51.1,47.75,49.6,1614,15453000
RNAVAL-II,20171229,51,51.15,48.85,50,23,216000
RNAVAL-III,20171229,0,0,0,49.35,0,0
RPOWER-I,20171229,47.2,51.25,45.05,50.4,8074,65039000
RPOWER-II,20171229,46.85,51,45.45,50.4,45,1781000
RPOWER-III,20171229,0,0,0,45.6,0,0
SAIL-I,20171229,93.95,94.25,92.25,92.8,3395,88392000
SAIL-II,20171229,94.3,94.3,92.5,93.2,39,1164000
SAIL-III,20171229,0,0,0,94.25,0,0
SBIN-I,20171229,311.25,314.2,310.35,311.85,9566,75309000
SBIN-II,20171229,313.25,315.3,312.5,313.3,148,1071000
SBIN-III,20171229,315.7,315.7,314.5,314.5,38,108000
SHREECEM-I,20171229,17980,18250,17860,18172.7,92,39450
SHREECEM-II,20171229,0,0,0,18250,0,50
SHREECEM-III,20171229,0,0,0,18265.8,0,0
SIEMENS-I,20171229,1239.45,1249,1232,1241.45,840,862000
SIEMENS-II,20171229,1241.55,1244.6,1233,1241.65,14,5500
SIEMENS-III,20171229,0,0,0,1254.4,0,0
SOUTHBANK-I,20171229,31.05,31.3,31,31.15,807,174056532
SOUTHBANK-II,20171229,31.45,31.45,31.2,31.4,22,1690191
SOUTHBANK-III,20171229,31.65,31.65,31.45,31.45,3,66282
SREINFRA-I,20171229,99.95,101.25,99.8,100.5,709,15975000
SREINFRA-II,20171229,100.55,101.25,100.55,101.2,8,65000
SREINFRA-III,20171229,0,0,0,100.4,0,0
SRF-I,20171229,1967.8,2010.5,1959.05,1992.85,1779,741500
SRF-II,20171229,2014.45,2014.45,2014.45,2014.45,1,500
SRF-III,20171229,0,0,0,1981.15,0,0
SRTRANSFIN-I,20171229,1461.75,1505,1457,1488.4,2792,2022000
SRTRANSFIN-II,20171229,1476.2,1510,1476.2,1494.55,36,12000
SRTRANSFIN-III,20171229,0,0,0,1477.3,0,0
STAR-I,20171229,838,838,823.6,827.05,1386,4450200
STAR-II,20171229,832.05,832.05,828.6,831,9,12000
STAR-III,20171229,0,0,0,841.9,0,0
SUNPHARMA-I,20171229,573.55,582.5,571.1,574.45,9272,48097500
SUNPHARMA-II,20171229,576,584.9,573.95,576.55,144,1997600
SUNPHARMA-III,20171229,584,587.45,579.6,581,104,110000
SUNTV-I,20171229,1006.45,1015,990.1,996.3,4045,4725000
SUNTV-II,20171229,995,1012.2,992.1,995.75,48,43000
SUNTV-III,20171229,1011.1,1013,1011.1,1011.95,5,3000
SUZLON-I,20171229,15.35,15.8,15.25,15.65,3552,412755000
SUZLON-II,20171229,15.5,15.9,15.4,15.8,107,9310000
SUZLON-III,20171229,15.55,15.9,15.55,15.9,4,140000
SYNDIBANK-I,20171229,78.85,81.2,78.85,80.65,1715,27765000
SYNDIBANK-II,20171229,79.8,81.35,79.8,81.2,13,279000
SYNDIBANK-III,20171229,0,0,0,79.95,0,0
TATACHEM-I,20171229,738.5,741.7,733.1,735.95,1383,8145000
TATACHEM-II,20171229,742.35,744.2,737.5,737.5,15,25500
TATACHEM-III,20171229,0,0,0,742.45,0,0
TATACOMM-I,20171229,688.3,692,684.05,685.85,1664,8564000
TATACOMM-II,20171229,690,690,689,689.05,16,32800
TATACOMM-III,20171229,0,0,0,690.3,0,0
TATAELXSI-I,20171229,952,992,950.95,983.4,5035,2320800
TATAELXSI-II,20171229,959.65,991.1,958.75,988.2,32,15200
TATAELXSI-III,20171229,0,0,0,958.85,0,0
TATAGLOBAL-I,20171229,310.1,318,308.9,317.35,8208,28786500
TATAGLOBAL-II,20171229,310.8,319.45,310.8,318.75,67,270000
TATAGLOBAL-III,20171229,0,0,0,311.55,0,0
TATAMOTORS-I,20171229,422,435.3,418.35,434.2,21288,67845000
TATAMOTORS-II,20171229,421.35,437.25,420.75,436.25,312,766500
TATAMOTORS-III,20171229,0,0,0,425.35,0,0
TATAMTRDVR-I,20171229,240.05,247.4,238.05,246.15,2796,25350000
TATAMTRDVR-II,20171229,241.1,247.9,241.1,247.3,38,107500
TATAMTRDVR-III,20171229,0,0,0,241.45,0,0
TATAPOWER-I,20171229,93.05,95.35,92.7,94.2,3320,64935000
TATAPOWER-II,20171229,93.85,95.4,93.6,94.65,21,297000
TATAPOWER-III,20171229,0,0,0,93.55,0,0
TATASTEEL-I,20171229,739.55,747.7,734.5,737.05,10477,20607000
TATASTEEL-II,20171229,744.45,751.4,738.2,740.35,159,201000
TATASTEEL-III,20171229,0,0,0,748.15,0,0
TCS-I,20171229,2625.45,2697.75,2618.25,2691.45,7996,5998500
TCS-II,20171229,2640,2693.5,2640,2689.45,28,6750
TCS-III,20171229,0,0,0,2669.3,0,0
TECHM-I,20171229,498.95,505.8,497.5,504.55,2660,12754800
TECHM-II,20171229,502.3,507.35,502.2,506.1,33,57600
TECHM-III,20171229,0,0,0,505.1,0,0
TITAN-I,20171229,857.2,869.5,855.4,861.5,2452,6537000
TITAN-II,20171229,860.85,868.4,860.85,865.3,20,57000
TITAN-III,20171229,870,870,870,870,1,1500
TORNTPHARM-I,20171229,1416.55,1429,1401.55,1424.1,315,402500
TORNTPHARM-II,20171229,0,0,0,1336.4,0,0
TORNTPHARM-III,20171229,0,0,0,1418.6,0,0
TORNTPOWER-I,20171229,274.4,285.7,274.4,284.2,2960,5571000
TORNTPOWER-II,20171229,278.35,280.05,278.35,280.05,4,27000
TORNTPOWER-III,20171229,0,0,0,275.9,0,0
TV18BRDCST-I,20171229,61.45,62.25,60.6,61.85,1686,79373000
TV18BRDCST-II,20171229,61.9,62.3,61,61.85,19,425000
TV18BRDCST-III,20171229,0,0,0,61.25,0,0
TVSMOTOR-I,20171229,767,780,765.55,775.15,2739,3979000
TVSMOTOR-II,20171229,768.05,778,768.05,775.55,26,66000
TVSMOTOR-III,20171229,775,775,775,775,1,1000
UBL-I,20171229,1081.95,1104.7,1070.4,1085.75,1627,1667400
UBL-II,20171229,1099.75,1107.5,1099.75,1107.5,4,3500
UBL-III,20171229,0,0,0,1090.3,0,0
UJJIVAN-I,20171229,396,399,390.1,391.5,1289,7425600
UJJIVAN-II,20171229,400.7,400.7,390.5,395.35,13,54400
UJJIVAN-III,20171229,0,0,0,398.35,0,0
ULTRACEMCO-I,20171229,4295.1,4353.1,4295.1,4340.65,1327,1369000
ULTRACEMCO-II,20171229,4350,4350,4347.95,4350,3,1400
ULTRACEMCO-III,20171229,0,0,0,4345.35,0,0
UNIONBANK-I,20171229,146.55,148.1,144.15,145.2,2862,22328000
UNIONBANK-II,20171229,147.5,148.65,145,146.2,36,148000
UNIONBANK-III,20171229,0,0,0,148.25,0,0
UPL-I,20171229,768.9,775.7,761.1,766,3315,12879600
UPL-II,20171229,776.5,777.7,765.1,767.05,20,44400
UPL-III,20171229,0,0,0,775.6,0,0
VEDL-I,20171229,336.1,337.7,328.85,331.95,10399,49427000
VEDL-II,20171229,336.9,337.55,329.8,332.05,116,418250
VEDL-III,20171229,331.4,331.4,331.4,331.4,1,1750
VGUARD-I,20171229,239,245.8,238.2,245.05,1690,3219000
VGUARD-II,20171229,241.85,246.5,241.85,246.5,8,9000
VGUARD-III,20171229,0,0,0,240.6,0,0
VOLTAS-I,20171229,657,669.5,655.25,658.35,2732,2574000
VOLTAS-II,20171229,660.55,670,657,658,65,57000
VOLTAS-III,20171229,0,0,0,666.75,0,0
WIPRO-I,20171229,299.2,306.9,297.15,304.3,3888,39856800
WIPRO-II,20171229,298.6,304.35,296.65,302.5,76,381600
WIPRO-III,20171229,320,320,320,320,1,2400
WOCKPHARMA-I,20171229,929.75,958.95,921.6,937.45,5479,3489300
WOCKPHARMA-II,20171229,940,961.75,931.25,941.1,33,23400
WOCKPHARMA-III,20171229,0,0,0,926.45,0,0
YESBANK-I,20171229,315.35,317.35,314.15,316.25,5218,53872000
YESBANK-II,20171229,316.5,318.5,315.6,317.85,146,421750
YESBANK-III,20171229,0,0,0,318.55,0,0
ZEEL-I,20171229,587,591.15,581.2,583.35,1110,5055700
ZEEL-II,20171229,585.5,588.6,585.5,586,4,11700
ZEEL-III,20171229,0,0,0,595.3,0,0
