BANKNIFTY-I,20170922,24725,24765,24403.4,24426.35,90365,1978200
BANKNIFTY-II,20170922,24800.05,24805.9,24465.65,24487.6,8412,247080
BANKNIFTY-III,20170922,24782.95,24782.95,24518.65,24536,269,13000
DJIA-I,20170922,22280,22327.5,22265,22317.5,165,21360
DJIA-II,20170922,0,0,0,21150,0,0
DJIA-III,20170922,0,0,0,22335,0,0
DJIA-IIII,20170922,0,0,0,22790,0,0
FTSE100-I,20170922,0,0,0,7550,0,0
FTSE100-II,20170922,0,0,0,7552,0,0
FTSE100-III,20170922,0,0,0,7457,0,0
FTSE100-IIII,20170922,0,0,0,7912,0,0
FTSE100-IIIII,20170922,0,0,0,7982,0,0
FTSE100-IIIIII,20170922,0,0,0,7867,0,0
NIFTY-I,20170922,10085.15,10099,9973.7,9982.95,163490,20471625
NIFTY-II,20170922,10131.5,10134.2,10008.35,10021.7,26169,2622975
NIFTY-III,20170922,10164.75,10164.75,10042.5,10050.25,2475,356400
NIFTYCPSE-I,20170922,0,0,0,2371.45,0,0
NIFTYCPSE-II,20170922,0,0,0,2423.05,0,0
NIFTYCPSE-III,20170922,0,0,0,2505.1,0,0
NIFTYINFRA-I,20170922,0,0,0,3261.55,0,0
NIFTYINFRA-II,20170922,0,0,0,3430.55,0,0
NIFTYINFRA-III,20170922,0,0,0,3376.25,0,0
NIFTYIT-I,20170922,10671,10703,10623,10658,135,31350
NIFTYIT-II,20170922,10754,10754,10654,10654,3,50
NIFTYIT-III,20170922,0,0,0,10725,0,0
NIFTYMID50-I,20170922,0,0,0,4573.1,0,0
NIFTYMID50-II,20170922,0,0,0,4822.75,0,0
NIFTYMID50-III,20170922,0,0,0,4782,0,0
NIFTYPSE-I,20170922,0,0,0,3825.45,0,0
NIFTYPSE-II,20170922,0,0,0,3997.7,0,0
NIFTYPSE-III,20170922,0,0,0,4196.35,0,0
S&P500-I,20170922,2491.5,2495,2490.25,2494.25,101,263000
S&P500-II,20170922,0,0,0,2485,0,0
S&P500-III,20170922,0,0,0,2540.5,0,0
S&P500-IIII,20170922,0,0,0,2595.25,0,0
ACC-I,20170922,1752,1752,1685.7,1691.7,3024,1494000
ACC-II,20170922,1752.5,1752.5,1694.05,1700.4,551,227600
ACC-III,20170922,0,0,0,1808,0,3200
ADANIENT-I,20170922,126.3,128.9,121.45,122,2026,27656000
ADANIENT-II,20170922,126.4,127.45,122.2,122.7,344,2368000
ADANIENT-III,20170922,0,0,0,134.65,0,0
ADANIPORTS-I,20170922,408.9,409,398.4,400.8,2628,6577500
ADANIPORTS-II,20170922,409.5,410.5,400.5,402.85,341,522500
ADANIPORTS-III,20170922,0,0,0,412.15,0,20000
ADANIPOWER-I,20170922,32.1,32.15,30.25,30.55,1134,93980000
ADANIPOWER-II,20170922,32.15,32.2,30.5,30.7,254,7840000
ADANIPOWER-III,20170922,31.85,31.85,31.05,31.05,2,160000
AJANTPHARM-I,20170922,1279.5,1298.85,1196.35,1210.75,5947,880000
AJANTPHARM-II,20170922,1280.1,1304.25,1203.6,1218.75,540,134400
AJANTPHARM-III,20170922,1293.35,1293.35,1228,1228,4,2800
ALBK-I,20170922,71.35,71.5,68.6,68.95,1400,11740000
ALBK-II,20170922,71.1,71.55,69,69.25,215,2690000
ALBK-III,20170922,71.2,71.2,71.2,71.2,2,20000
AMARAJABAT-I,20170922,766.95,775,762,768.05,1243,1674000
AMARAJABAT-II,20170922,753.75,778.75,753.75,772.05,207,177600
AMARAJABAT-III,20170922,776.2,780.6,775,775,5,5400
AMBUJACEM-I,20170922,274.9,275.1,267.7,269.25,1800,12145000
AMBUJACEM-II,20170922,275.55,275.6,269.15,270.65,236,480000
AMBUJACEM-III,20170922,0,0,0,285,0,20000
ANDHRABANK-I,20170922,60.95,60.95,57.2,57.4,2362,20510000
ANDHRABANK-II,20170922,60.05,60.3,57.6,57.75,359,3960000
ANDHRABANK-III,20170922,60.9,60.9,60.9,60.9,1,20000
APOLLOHOSP-I,20170922,1060.25,1061.45,1031.05,1034,1459,1644000
APOLLOHOSP-II,20170922,1064.2,1065.85,1037.1,1039.95,304,152500
APOLLOHOSP-III,20170922,0,0,0,1103.95,0,4000
APOLLOTYRE-I,20170922,259.2,262.5,249,251.55,5680,10455000
APOLLOTYRE-II,20170922,256.3,263.7,250.7,253.05,823,1479000
APOLLOTYRE-III,20170922,0,0,0,257.4,0,0
ARVIND-I,20170922,393.95,393.95,378.5,379.7,3068,6234000
ARVIND-II,20170922,395.45,395.7,380.85,381.8,598,1158000
ARVIND-III,20170922,383.05,383.05,383,383.05,7,24000
ASHOKLEY-I,20170922,116.8,117,113.85,114.25,3982,47376000
ASHOKLEY-II,20170922,117.15,117.25,114.55,114.95,1332,9709000
ASHOKLEY-III,20170922,116.75,117.25,115.35,115.5,11,196000
ASIANPAINT-I,20170922,1221.7,1234.25,1208.6,1217,2936,3379200
ASIANPAINT-II,20170922,1236.7,1236.7,1214,1223.15,376,218400
ASIANPAINT-III,20170922,0,0,0,1253.1,0,2400
AUROPHARMA-I,20170922,757.3,758.35,718.2,724.45,9714,14869600
AUROPHARMA-II,20170922,752.9,761.5,722.55,729.15,1914,1267200
AUROPHARMA-III,20170922,750.8,750.8,730,730.05,5,3200
AXISBANK-I,20170922,509.85,511.15,503.85,505.45,7487,29668800
AXISBANK-II,20170922,512.3,512.95,506.5,507.95,1216,3943200
AXISBANK-III,20170922,515.55,515.55,508.15,510,16,139200
BAJAJ-AUTO-I,20170922,3070.1,3081.65,3016.25,3041.95,2724,1401500
BAJAJ-AUTO-II,20170922,3051.65,3083.45,3033,3057.6,439,86500
BAJAJ-AUTO-III,20170922,0,0,0,2858.95,0,0
BAJAJFINSV-I,20170922,5449,5453.75,5205,5230,2469,616875
BAJAJFINSV-II,20170922,5445.4,5479.4,5240.15,5261.35,555,77375
BAJAJFINSV-III,20170922,0,0,0,5589.7,0,0
BAJFINANCE-I,20170922,1903.4,1912.7,1851,1860.95,9934,4070000
BAJFINANCE-II,20170922,1920,1920,1860.05,1868.8,1788,768000
BAJFINANCE-III,20170922,0,0,0,1810.05,0,0
BALKRISIND-I,20170922,1689.3,1720,1665.05,1673.95,831,581200
BALKRISIND-II,20170922,1687.55,1727.5,1677.75,1686,79,30400
BALKRISIND-III,20170922,0,0,0,1693.55,0,2000
BALRAMCHIN-I,20170922,169,170.7,166.15,167.1,851,11074000
BALRAMCHIN-II,20170922,170.75,171.75,167.3,168.1,392,1897000
BALRAMCHIN-III,20170922,171,171.4,168.75,169.35,64,280000
BANKBARODA-I,20170922,144.6,145,141.5,141.9,8737,58807000
BANKBARODA-II,20170922,145.65,145.65,142.3,142.65,1782,8554000
BANKBARODA-III,20170922,146,146,143.25,143.35,21,108500
BANKINDIA-I,20170922,151.5,151.5,144.85,145.65,3210,17424000
BANKINDIA-II,20170922,151.5,151.5,145.15,146.3,691,2712000
BANKINDIA-III,20170922,151,151,150.6,150.6,4,54000
BATAINDIA-I,20170922,744.1,744.2,722.85,725.5,2010,2044900
BATAINDIA-II,20170922,743.55,745,726.05,728.65,260,216700
BATAINDIA-III,20170922,0,0,0,726.05,0,11000
BEL-I,20170922,188.15,188.15,180.4,181.2,1670,14967000
BEL-II,20170922,188.1,188.1,181.6,182.35,361,1741500
BEL-III,20170922,186.5,186.7,186.5,186.7,2,54000
BEML-I,20170922,1808.1,1809.1,1703.3,1722.05,1625,2036400
BEML-II,20170922,1811.4,1818.5,1725,1736.35,242,367200
BEML-III,20170922,0,0,0,1958.45,0,3600
BERGEPAINT-I,20170922,259,260.35,252.55,253.25,441,2279200
BERGEPAINT-II,20170922,262,262,254.25,254.6,88,224400
BERGEPAINT-III,20170922,0,0,0,263.5,0,13200
BHARATFIN-I,20170922,964.45,965.05,941.1,944.05,6376,12147000
BHARATFIN-II,20170922,969.25,969.25,946,949.35,979,696000
BHARATFIN-III,20170922,955.25,955.25,955,955.2,4,6000
BHARATFORG-I,20170922,1233.45,1248.5,1222.1,1227.05,2913,3291600
BHARATFORG-II,20170922,1239.7,1253.25,1227.95,1232.5,845,481200
BHARATFORG-III,20170922,0,0,0,1145.6,0,0
BHARTIARTL-I,20170922,398.65,401.6,392.7,396.75,4532,21812700
BHARTIARTL-II,20170922,400,403.6,394.6,398.45,2050,5127200
BHARTIARTL-III,20170922,398.15,398.15,398.1,398.1,2,6800
BHEL-I,20170922,132.05,132.3,129.05,129.65,2916,31335000
BHEL-II,20170922,132.85,132.95,129.8,130.3,700,5655000
BHEL-III,20170922,132.3,132.3,130.9,130.9,17,155000
BIOCON-I,20170922,361.35,364,354,354.9,2266,8121600
BIOCON-II,20170922,364.05,365.4,355.75,356.8,444,1980000
BIOCON-III,20170922,358,358,358,358,2,34200
BOSCHLTD-I,20170922,21525,21694.4,21285,21532.45,701,106850
BOSCHLTD-II,20170922,21600,21817.1,21470,21644.55,97,4325
BOSCHLTD-III,20170922,0,0,0,22333.8,0,0
BPCL-I,20170922,494.7,496.75,483.6,491.75,5366,15012000
BPCL-II,20170922,498.4,498.9,486.3,494.05,682,1011600
BPCL-III,20170922,495,495.05,492.45,493,4,14400
BRITANNIA-I,20170922,4332.55,4347.2,4254,4268.2,1001,547200
BRITANNIA-II,20170922,4351.15,4360.75,4276.3,4294.3,294,32600
BRITANNIA-III,20170922,0,0,0,4425.05,0,800
CADILAHC-I,20170922,502.9,510.85,487.05,489.15,2250,3176000
CADILAHC-II,20170922,506.4,512.25,490,492.1,316,334400
CADILAHC-III,20170922,506.15,506.15,505.85,505.85,2,6400
CANBK-I,20170922,338.4,339,325.2,326.45,4967,9548064
CANBK-II,20170922,339.05,340,325.55,327,1201,2488788
CANBK-III,20170922,327.5,327.5,327.5,327.5,1,40092
CANFINHOME-I,20170922,2767.4,2774,2648.6,2661.25,1594,627000
CANFINHOME-II,20170922,2784.45,2785,2670.7,2681.3,484,100000
CANFINHOME-III,20170922,0,0,0,2932.05,0,500
CAPF-I,20170922,808.85,813.65,775.1,778.3,2827,3169600
CAPF-II,20170922,815.1,818.3,779.5,784.5,671,377600
CAPF-III,20170922,0,0,0,832.75,0,6400
CASTROLIND-I,20170922,378.4,381.15,373.35,375.25,687,8708000
CASTROLIND-II,20170922,381.2,382.3,375.7,377.55,181,456400
CASTROLIND-III,20170922,0,0,0,392.3,0,8400
CEATLTD-I,20170922,1745.95,1775,1730.05,1736.65,5578,1654100
CEATLTD-II,20170922,1755.6,1785.5,1740,1744.45,594,259700
CEATLTD-III,20170922,0,0,0,1732.65,0,0
CENTURYTEX-I,20170922,1262.75,1288.9,1244.9,1249.9,7560,5216200
CENTURYTEX-II,20170922,1266.95,1295.6,1251.9,1257.45,2324,2369950
CENTURYTEX-III,20170922,0,0,0,1273.7,0,6050
CESC-I,20170922,1045.85,1054,1007.5,1013.1,2966,5171100
CESC-II,20170922,1057.25,1058.5,1014.25,1019.05,774,512600
CESC-III,20170922,0,0,0,1064.6,0,6600
CGPOWER-I,20170922,81.6,82.15,78.8,79.1,713,25812000
CGPOWER-II,20170922,82.4,82.45,79.25,79.6,178,3048000
CGPOWER-III,20170922,0,0,0,83,0,48000
CHENNPETRO-I,20170922,434.55,434.55,413.95,416.85,794,2170500
CHENNPETRO-II,20170922,434.3,434.3,416.85,419.2,168,166500
CHENNPETRO-III,20170922,0,0,0,443.85,0,9000
CHOLAFIN-I,20170922,1160,1168,1126.45,1134.95,286,448500
CHOLAFIN-II,20170922,1173.5,1173.5,1134.25,1139.15,52,24000
CHOLAFIN-III,20170922,0,0,0,1181.2,0,0
CIPLA-I,20170922,590.85,599.6,582,585.05,4740,7548000
CIPLA-II,20170922,592.75,602.2,585.1,587.75,698,373000
CIPLA-III,20170922,0,0,0,566.85,0,5000
COALINDIA-I,20170922,253.25,254.4,247.95,253.65,5182,21297600
COALINDIA-II,20170922,253.6,255.75,249.3,255.05,1445,3520700
COALINDIA-III,20170922,254,255.4,251.5,255.4,11,40800
COLPAL-I,20170922,1116.95,1117.65,1097.5,1103.95,823,1426600
COLPAL-II,20170922,1117.45,1121.8,1104.1,1108.9,136,73500
COLPAL-III,20170922,0,0,0,1124.35,0,1400
CONCOR-I,20170922,1337,1337,1298.25,1309.4,1186,1358125
CONCOR-II,20170922,1335,1340,1305.1,1315.95,149,60000
CONCOR-III,20170922,0,0,0,1393,0,0
CUMMINSIND-I,20170922,916.55,923.95,889.35,893.2,542,738000
CUMMINSIND-II,20170922,923.4,927.6,894.05,897.5,102,66600
CUMMINSIND-III,20170922,0,0,0,955,0,600
DABUR-I,20170922,312.05,312.4,304.15,305.45,1056,13740000
DABUR-II,20170922,311.95,313.45,305.6,306.9,210,317500
DABUR-III,20170922,0,0,0,316,0,2500
DALMIABHA-I,20170922,2779.15,2779.95,2662.3,2672.9,1006,545100
DALMIABHA-II,20170922,2784.45,2784.45,2683.05,2688.05,405,90900
DALMIABHA-III,20170922,0,0,0,2756,0,0
DCBBANK-I,20170922,191.25,191.9,183,184.65,1062,5953500
DCBBANK-II,20170922,191.65,192.9,184.5,185.8,233,940500
DCBBANK-III,20170922,0,0,0,190.65,0,27000
DHFL-I,20170922,588,589.95,567,571.05,2631,22480500
DHFL-II,20170922,586.55,590.9,570.05,573.15,155,363000
DHFL-III,20170922,0,0,0,575,0,9000
DISHTV-I,20170922,75.6,77.7,74.05,74.8,1159,16751000
DISHTV-II,20170922,76.25,78,74.6,75.25,299,2023000
DISHTV-III,20170922,76.75,76.75,76.35,76.55,3,42000
DIVISLAB-I,20170922,995,1004.95,962,972.6,21027,7051200
DIVISLAB-II,20170922,1001,1007,968,976.2,1520,520000
DIVISLAB-III,20170922,996.55,998,975.7,978,18,48000
DLF-I,20170922,182.45,183.1,172.25,173.7,11854,43945000
DLF-II,20170922,180,183.9,173.3,174.8,2192,6475000
DLF-III,20170922,180,180.2,175,175,11,75000
DRREDDY-I,20170922,2494.75,2523,2450,2462.3,13684,3489000
DRREDDY-II,20170922,2499,2535,2465.6,2475.6,1493,611800
DRREDDY-III,20170922,2547.7,2547.7,2481,2484.05,21,7400
EICHERMOT-I,20170922,31701.6,31737,31351.65,31620.95,2651,145300
EICHERMOT-II,20170922,31724.9,31895.55,31490.85,31755.95,577,13575
EICHERMOT-III,20170922,0,0,0,31947.15,0,0
ENGINERSIN-I,20170922,158.8,159.7,151.1,152.45,1716,9215500
ENGINERSIN-II,20170922,159.2,160.3,152.25,153.35,308,1288000
ENGINERSIN-III,20170922,0,0,0,160.6,0,14000
EQUITAS-I,20170922,157.3,158.05,154.55,155.25,1366,12499200
EQUITAS-II,20170922,158.05,158.3,155.55,156.15,423,1750400
EQUITAS-III,20170922,0,0,0,161,0,25600
ESCORTS-I,20170922,664.5,664.5,634.35,636.4,2773,4397800
ESCORTS-II,20170922,665.05,667.65,638.1,640.25,574,418000
ESCORTS-III,20170922,666,666,666,666,2,7700
EXIDEIND-I,20170922,215.1,215.6,208.6,209.5,1853,12188000
EXIDEIND-II,20170922,216.3,216.5,209.8,210.75,447,1708000
EXIDEIND-III,20170922,0,0,0,218.85,0,12000
FEDERALBNK-I,20170922,118.2,118.4,113.6,113.95,4183,45705000
FEDERALBNK-II,20170922,118.55,118.55,114.25,114.65,1140,9790000
FEDERALBNK-III,20170922,117.7,117.7,115.05,115.05,16,286000
FORTIS-I,20170922,151.3,154.45,149.2,150.45,3412,36593100
FORTIS-II,20170922,151.55,155.1,150.05,151.1,1337,6274800
FORTIS-III,20170922,0,0,0,159,0,16200
GAIL-I,20170922,405.15,406,395.55,398.6,3259,11384000
GAIL-II,20170922,405.45,407.7,397.9,400.4,715,1088000
GAIL-III,20170922,0,0,0,414.3,0,14000
GLENMARK-I,20170922,628.7,642.25,625.25,629.05,6906,5478900
GLENMARK-II,20170922,634.5,645.65,629,631.75,2138,1642200
GLENMARK-III,20170922,640.95,642.05,635.65,635.65,5,14000
GMRINFRA-I,20170922,17.5,17.55,16.7,16.8,1734,276480000
GMRINFRA-II,20170922,17.5,17.55,16.85,16.9,738,49140000
GMRINFRA-III,20170922,17.55,17.55,17,17,11,720000
GODFRYPHLP-I,20170922,1036.8,1036.8,1011.4,1015.3,401,634000
GODFRYPHLP-II,20170922,1042.6,1042.6,1019,1020.65,49,32500
GODFRYPHLP-III,20170922,0,0,0,1078.4,0,3000
GODREJCP-I,20170922,930.55,935,911.05,915.75,602,1828800
GODREJCP-II,20170922,936.15,936.15,918,922.15,118,101600
GODREJCP-III,20170922,0,0,0,944,0,0
GODREJIND-I,20170922,606.5,609.05,586.55,589.15,1164,2572500
GODREJIND-II,20170922,609,611.4,590.3,592.7,267,421500
GODREJIND-III,20170922,599,599,599,599,1,19500
GRANULES-I,20170922,128.1,128.3,121.45,122.15,1041,12950000
GRANULES-II,20170922,128.75,129.25,122.25,122.85,420,1740000
GRANULES-III,20170922,0,0,0,137,0,30000
GRASIM-I,20170922,1194.25,1197.75,1172,1175.25,1725,3738750
GRASIM-II,20170922,1202.8,1202.8,1178.2,1181.65,190,216750
GRASIM-III,20170922,1199.05,1199.05,1190,1190,6,4500
GSFC-I,20170922,136.2,136.45,128.1,129.1,2901,15795000
GSFC-II,20170922,136.5,136.9,129.05,129.85,563,1962000
GSFC-III,20170922,132.5,132.5,132.5,132.5,2,13500
HAVELLS-I,20170922,507.45,508.3,490.75,494.45,2890,3424000
HAVELLS-II,20170922,507.1,508,493.45,496.85,362,362000
HAVELLS-III,20170922,0,0,0,496.1,0,0
HCC-I,20170922,36.65,36.85,34.75,35,1149,26640000
HCC-II,20170922,36.9,36.9,35,35.25,290,4812000
HCC-III,20170922,0,0,0,35.25,0,0
HCLTECH-I,20170922,872.8,893.4,872.3,887.25,3096,7342300
HCLTECH-II,20170922,878.1,894.6,878.1,888.75,404,288400
HCLTECH-III,20170922,895.95,895.95,895.95,895.95,1,4900
HDFC-I,20170922,1782.35,1786.35,1772.4,1779.8,6277,9768000
HDFC-II,20170922,1789.8,1794.2,1781.35,1788.45,2562,1898500
HDFC-III,20170922,0,0,0,1804.95,0,0
HDFCBANK-I,20170922,1830.05,1838.7,1825,1828.75,12425,18447500
HDFCBANK-II,20170922,1828.25,1835.45,1822.55,1826,2488,4022000
HDFCBANK-III,20170922,1825.05,1830.25,1825,1827,37,65500
HDIL-I,20170922,60.8,60.85,58.1,58.55,1056,30096000
HDIL-II,20170922,61,61,58.6,58.95,185,2640000
HDIL-III,20170922,0,0,0,62.8,0,288000
HEROMOTOCO-I,20170922,3873.75,3873.85,3786,3791.95,3900,1428200
HEROMOTOCO-II,20170922,3870.5,3888.35,3803,3811.55,1942,369000
HEROMOTOCO-III,20170922,0,0,0,3926.35,0,1800
HEXAWARE-I,20170922,271.8,274.9,267.45,268.5,1036,2331000
HEXAWARE-II,20170922,275.8,275.8,269,270,160,180000
HEXAWARE-III,20170922,0,0,0,277.55,0,0
HINDALCO-I,20170922,242.35,242.6,230.1,231.55,11872,36340500
HINDALCO-II,20170922,241.05,244,231.15,232.6,1729,3699500
HINDALCO-III,20170922,241.2,241.2,233.8,234.35,15,52500
HINDPETRO-I,20170922,451.7,452.05,437,439.95,6211,23105250
HINDPETRO-II,20170922,452.7,452.7,439.4,441.95,935,5906250
HINDPETRO-III,20170922,453,453,453,453,1,1575
HINDUNILVR-I,20170922,1255.55,1255.55,1238.8,1243.85,2378,9757800
HINDUNILVR-II,20170922,1252.05,1255,1242.5,1248.45,400,235800
HINDUNILVR-III,20170922,0,0,0,1239,0,0
HINDZINC-I,20170922,300.65,301.75,291.45,292.55,1704,8700800
HINDZINC-II,20170922,302.85,302.85,293.1,294.25,294,889600
HINDZINC-III,20170922,0,0,0,299.2,0,0
IBREALEST-I,20170922,237,237.85,211,218,843,38850000
IBREALEST-II,20170922,233,233,219.15,217.8,13,580000
IBREALEST-III,20170922,235,235,230,230,2,0
IBULHSGFIN-I,20170922,1280.35,1280.35,1232,1240.7,4645,6372800
IBULHSGFIN-II,20170922,1280,1280,1240,1246.6,592,444800
IBULHSGFIN-III,20170922,1263,1263,1263,1263,1,800
ICICIBANK-I,20170922,283.95,284.65,276.55,278.15,14369,82263500
ICICIBANK-II,20170922,285.75,285.8,278,279.25,5749,15611750
ICICIBANK-III,20170922,281.6,283.75,280,280.75,63,258500
ICICIPRULI-I,20170922,402.5,413.4,402.5,404.5,1729,5827900
ICICIPRULI-II,20170922,405,415.45,404.55,406.6,386,689000
ICICIPRULI-III,20170922,0,0,0,410.7,0,22100
ICIL-I,20170922,114.7,115,105.7,107.05,1175,11140500
ICIL-II,20170922,115.5,115.5,106.65,107.5,276,969500
ICIL-III,20170922,0,0,0,118.6,0,0
IDBI-I,20170922,56.05,56.3,53.8,54.15,1624,31560000
IDBI-II,20170922,56.45,56.45,54.15,54.45,323,5832000
IDBI-III,20170922,56.15,56.15,54.5,54.9,14,200000
IDEA-I,20170922,79.65,79.8,78.1,78.3,2724,58702000
IDEA-II,20170922,79.7,80.1,78.6,78.8,488,4704000
IDEA-III,20170922,79.1,79.9,79.1,79.3,6,91000
IDFC-I,20170922,61.35,61.5,59.5,60.25,2901,147391200
IDFC-II,20170922,61.45,61.8,59.8,60.55,766,17318400
IDFC-III,20170922,61.2,61.2,60.2,61,10,211200
IDFCBANK-I,20170922,58.95,59.15,57.4,57.65,2827,85131000
IDFCBANK-II,20170922,59.05,59.45,57.75,58.05,1840,23607000
IDFCBANK-III,20170922,59.95,59.95,58.2,58.4,12,423000
IFCI-I,20170922,23.7,23.8,22.65,22.9,939,65868000
IFCI-II,20170922,23.8,23.8,22.85,23,380,18458000
IFCI-III,20170922,23.8,23.8,23,23,7,154000
IGL-I,20170922,1498,1513.35,1436.1,1442.65,3313,1020250
IGL-II,20170922,1504,1518,1442.5,1448.65,393,111650
IGL-III,20170922,0,0,0,1505,0,9900
INDIACEM-I,20170922,182,182,175.1,175.7,1808,24311000
INDIACEM-II,20170922,181,181.2,175.95,176.75,284,2313500
INDIACEM-III,20170922,0,0,0,187.55,0,24500
INDIANB-I,20170922,278.5,278.6,270.65,271.75,1366,4320000
INDIANB-II,20170922,280.15,280.15,272.25,273.55,219,330000
INDIANB-III,20170922,0,0,0,288.3,0,10000
INDIGO-I,20170922,1132,1134.5,1100,1105.8,2862,2968800
INDIGO-II,20170922,1140,1140,1106.3,1111.25,709,307200
INDIGO-III,20170922,0,0,0,1247.7,0,0
INDUSINDBK-I,20170922,1729.15,1729.15,1698.65,1712.25,4487,4110600
INDUSINDBK-II,20170922,1725,1725,1705,1719.2,644,423000
INDUSINDBK-III,20170922,0,0,0,1682.9,0,0
INFIBEAM-I,20170922,150.9,151.8,142.45,143.6,406,36572000
INFIBEAM-II,20170922,149.3,149.5,145.2,145.05,32,16692000
INFIBEAM-III,20170922,0,0,0,161.3,0,12000
INFRATEL-I,20170922,385.45,394.95,385.45,391.2,835,5734100
INFRATEL-II,20170922,393.35,396.4,389,393.1,120,181900
INFRATEL-III,20170922,394.8,394.85,387,387,23,8500
INFY-I,20170922,910.2,912,890.2,900.75,16934,35296500
INFY-II,20170922,914.05,914.05,895.5,904.7,9867,6444500
INFY-III,20170922,893,893,877,885.1,502,1042000
IOC-I,20170922,415,415.35,399.6,409.3,6481,18895500
IOC-II,20170922,414.5,415.6,402,411.1,783,1368000
IOC-III,20170922,0,0,0,419.95,0,13500
IRB-I,20170922,218.5,220.35,211.5,213.3,2297,15072500
IRB-II,20170922,220.4,221.5,212.7,214.45,760,1942500
IRB-III,20170922,0,0,0,217.5,0,0
ITC-I,20170922,268.75,271.35,267.6,268.9,5571,49099200
ITC-II,20170922,269.5,272.75,269,270.25,1595,7192800
ITC-III,20170922,271.7,273.85,271.5,271.8,20,232800
JETAIRWAYS-I,20170922,533.9,535.7,507.95,510.3,3538,4442400
JETAIRWAYS-II,20170922,536.15,536.15,511.05,513.35,682,651600
JETAIRWAYS-III,20170922,532.75,532.75,520,520,3,7200
JINDALSTEL-I,20170922,150.45,150.5,138.05,139.35,7024,37746000
JINDALSTEL-II,20170922,149.8,149.8,139.45,140.3,1431,4554000
JINDALSTEL-III,20170922,148.5,148.5,140.45,140.5,12,45000
JISLJALEQS-I,20170922,103.7,104.15,98.9,99.75,1768,34497000
JISLJALEQS-II,20170922,104.4,104.5,99.65,100.6,765,7065000
JISLJALEQS-III,20170922,103,103,101,101,4,99000
JPASSOCIAT-I,20170922,19.3,19.3,17.8,18.15,724,140080000
JPASSOCIAT-II,20170922,18.85,19.2,18.1,18.25,174,16932000
JPASSOCIAT-III,20170922,0,0,0,18.5,0,272000
JSWENERGY-I,20170922,75.55,75.9,71.75,73.4,1080,62356000
JSWENERGY-II,20170922,75.3,76,72.35,74.5,238,5584500
JSWENERGY-III,20170922,0,0,0,70.65,0,8500
JSWSTEEL-I,20170922,254.35,256.7,246.35,247.3,6617,50544000
JSWSTEEL-II,20170922,255,257.75,247.8,248.7,1165,2790000
JSWSTEEL-III,20170922,0,0,0,259.25,0,12000
JUBLFOOD-I,20170922,1383.5,1401.65,1367.75,1381.7,3260,2223000
JUBLFOOD-II,20170922,1390.65,1406.75,1375,1387.85,430,200000
JUBLFOOD-III,20170922,0,0,0,1423.1,0,4000
JUSTDIAL-I,20170922,398.25,402.5,383.1,386.3,2219,3561600
JUSTDIAL-II,20170922,401.7,404.75,385,387.65,360,283200
JUSTDIAL-III,20170922,0,0,0,422.3,0,0
KAJARIACER-I,20170922,752.05,752.05,720.6,722.6,694,800000
KAJARIACER-II,20170922,753.75,753.75,725.55,726.95,269,176800
KAJARIACER-III,20170922,0,0,0,712.95,0,0
KOTAKBANK-I,20170922,1027.25,1033.55,1020.55,1025.2,5010,7133600
KOTAKBANK-II,20170922,1031,1037.8,1026.35,1029.4,942,804000
KOTAKBANK-III,20170922,0,0,0,1012.65,0,800
KPIT-I,20170922,121.1,123.3,118.15,118.7,608,10808000
KPIT-II,20170922,122.25,123.8,119.1,119.35,168,1020000
KPIT-III,20170922,0,0,0,118.4,0,0
KSCL-I,20170922,554,554.75,526.75,531,1008,3981000
KSCL-II,20170922,552,557.1,529.35,533.6,198,232500
KSCL-III,20170922,557.85,558.8,557.85,558.8,3,9000
KTKBANK-I,20170922,158.3,158.3,151.15,151.9,2972,22374400
KTKBANK-II,20170922,159,159.05,152.05,152.75,791,3005800
KTKBANK-III,20170922,0,0,0,163.3,0,15200
L&TFH-I,20170922,209.6,210.85,202.15,203.1,7857,20614500
L&TFH-II,20170922,211,211.85,203.3,204.1,1526,5661000
L&TFH-III,20170922,207,207,205,205.15,4,139500
LICHSGFIN-I,20170922,659.65,659.65,635.8,638.8,5198,10359800
LICHSGFIN-II,20170922,662.8,662.8,640.1,642.7,1085,1498200
LICHSGFIN-III,20170922,654.55,654.55,654.55,654.55,2,11000
LT-I,20170922,1227.65,1228.05,1179.15,1187.55,7579,9480750
LT-II,20170922,1225.75,1230.05,1185,1193.45,1620,1192500
LT-III,20170922,1225,1230,1190.05,1199.7,39,66000
LUPIN-I,20170922,1036,1046.7,1007.7,1013.3,10125,7130000
LUPIN-II,20170922,1040,1051.95,1013.25,1018.6,2219,1346000
LUPIN-III,20170922,1039,1042.5,1020,1027.5,21,12000
M&M-I,20170922,1288.55,1298,1281.45,1286.05,3182,4791500
M&M-II,20170922,1296.05,1304.5,1288.7,1292.6,492,360500
M&M-III,20170922,1300.05,1300.05,1287.95,1287.95,4,7000
M&MFIN-I,20170922,421.5,422.45,406.55,409.2,2404,5980000
M&MFIN-II,20170922,424,424,409,411.25,372,635000
M&MFIN-III,20170922,0,0,0,421,0,12500
MANAPPURAM-I,20170922,102.15,102.9,98.85,99.5,2931,31998000
MANAPPURAM-II,20170922,102,103.3,99.5,100.1,757,4344000
MANAPPURAM-III,20170922,102,102.35,100.2,100.8,10,138000
MARICO-I,20170922,323.9,324.25,319.1,321.55,643,4765800
MARICO-II,20170922,323,325.5,320.85,323.45,187,330200
MARICO-III,20170922,0,0,0,335,0,20800
MARUTI-I,20170922,8126,8174,8050,8067.25,7412,1712100
MARUTI-II,20170922,8171.05,8214.65,8094,8107.95,909,161550
MARUTI-III,20170922,8205.9,8233,8130,8138.2,27,10950
MCDOWELL-N-I,20170922,2567.1,2567.1,2455,2465.4,4055,1679500
MCDOWELL-N-II,20170922,2566.25,2566.25,2470,2479.3,1212,202000
MCDOWELL-N-III,20170922,2515.65,2515.65,2515.65,2515.65,1,3500
MCX-I,20170922,1074.15,1105.7,1071.25,1086.35,1059,1089000
MCX-II,20170922,1085.5,1110.05,1079.25,1092.05,175,110500
MCX-III,20170922,0,0,0,1120,0,4000
MFSL-I,20170922,638.6,646,631.25,633.6,2429,4546000
MFSL-II,20170922,640,647.6,635.6,637.35,377,483000
MFSL-III,20170922,0,0,0,640,0,9000
MGL-I,20170922,1116.2,1116.2,1077.75,1082.9,646,867000
MGL-II,20170922,1113.8,1113.8,1085,1087.95,71,71400
MGL-III,20170922,0,0,0,1132.85,0,2400
MINDTREE-I,20170922,463.65,472,462.05,464.45,954,3760800
MINDTREE-II,20170922,464,474.05,463.45,466.2,143,259200
MINDTREE-III,20170922,0,0,0,480.5,0,2400
MOTHERSUMI-I,20170922,338.55,343.4,333.65,335.65,2897,10128750
MOTHERSUMI-II,20170922,340,345,335.5,337.4,486,978750
MOTHERSUMI-III,20170922,0,0,0,343,0,15000
MRF-I,20170922,64340.8,64340.8,62700,63002.6,2059,49710
MRF-II,20170922,64100,64249.95,63063,63344.75,501,9555
MRF-III,20170922,0,0,0,64676.7,0,165
MRPL-I,20170922,129.65,130.55,125.75,127.05,750,7020000
MRPL-II,20170922,129.5,130.95,126.45,128,158,706500
MRPL-III,20170922,0,0,0,141.05,0,0
MUTHOOTFIN-I,20170922,501,502.7,486.6,488.5,1230,2383500
MUTHOOTFIN-II,20170922,499.6,502.7,489.75,490.95,141,151500
MUTHOOTFIN-III,20170922,0,0,0,512.1,0,9000
NATIONALUM-I,20170922,81.8,81.8,75.3,76.15,1976,20672000
NATIONALUM-II,20170922,81.6,81.6,75.9,76.7,515,3712000
NATIONALUM-III,20170922,79.15,79.15,78,78,2,32000
NBCC-I,20170922,223.15,223.15,215.5,216.3,904,3141000
NBCC-II,20170922,222.65,223.65,217,217.65,164,600000
NBCC-III,20170922,219.3,219.3,219.3,219.3,1,3000
NCC-I,20170922,88,88.05,84.45,84.95,880,24456000
NCC-II,20170922,88.15,88.2,85,85.45,223,2856000
NCC-III,20170922,86,86,86,86,1,24000
NESTLEIND-I,20170922,7118.55,7204.05,7112.15,7163.7,392,92100
NESTLEIND-II,20170922,7190,7225.05,7151.3,7194.6,179,15800
NESTLEIND-III,20170922,0,0,0,7233.65,0,0
NHPC-I,20170922,27.9,28.1,27.75,27.85,211,31617000
NHPC-II,20170922,28,28.25,27.95,28.05,65,4104000
NHPC-III,20170922,0,0,0,28.6,0,189000
NIITTECH-I,20170922,535.45,542.5,515,519.35,1229,1185000
NIITTECH-II,20170922,532.1,541.85,517.8,521.85,57,45000
NIITTECH-III,20170922,0,0,0,506.45,0,0
NMDC-I,20170922,127.5,127.9,121.3,122,3144,28968000
NMDC-II,20170922,125,128.5,122.05,122.85,863,5388000
NMDC-III,20170922,125,125,123.25,123.25,3,54000
NTPC-I,20170922,167.5,168.1,165.1,166.3,1292,25880000
NTPC-II,20170922,168,168.75,166,167.1,296,1404000
NTPC-III,20170922,0,0,0,171.45,0,0
OFSS-I,20170922,3526.5,3529.9,3481.6,3498.05,140,57600
OFSS-II,20170922,3519.75,3530,3512,3512,6,1650
OFSS-III,20170922,0,0,0,3475.4,0,0
OIL-I,20170922,325.2,330.2,320.4,326.25,987,2560580
OIL-II,20170922,323.6,331.1,323.4,327.5,290,419210
OIL-III,20170922,330.8,330.8,326.15,326.15,6,11330
ONGC-I,20170922,165.05,165.25,163.35,164.35,3862,44741250
ONGC-II,20170922,166,166.1,164.3,165.15,1038,7151250
ONGC-III,20170922,165.05,165.35,164.55,165.25,6,735000
ORIENTBANK-I,20170922,133.05,133.05,127.7,128.4,1676,13488000
ORIENTBANK-II,20170922,133.25,133.6,128.5,128.95,444,2736000
ORIENTBANK-III,20170922,132.85,132.85,129.2,129.55,4,36000
PAGEIND-I,20170922,19225.05,19270,18850,19017.4,478,25900
PAGEIND-II,20170922,19000,19250,18910.5,19025.95,34,1650
PAGEIND-III,20170922,0,0,0,18028.45,0,0
PCJEWELLER-I,20170922,343.05,351.95,340,342.25,2309,8631000
PCJEWELLER-II,20170922,346.35,353.1,342.2,344.05,207,339000
PCJEWELLER-III,20170922,351.05,351.05,351,351,3,27000
PEL-I,20170922,2826.7,2828.95,2734.9,2746.8,1981,1124400
PEL-II,20170922,2832,2832,2750.45,2761.6,304,90600
PEL-III,20170922,0,0,0,2750,0,600
PETRONET-I,20170922,230.3,232,223.8,225.4,1459,12420000
PETRONET-II,20170922,230.35,232.5,225.75,226.75,345,1392000
PETRONET-III,20170922,0,0,0,238.8,0,21000
PFC-I,20170922,131.05,131.65,125.65,126.25,2723,26544000
PFC-II,20170922,132,132.1,126.4,126.95,510,2844000
PFC-III,20170922,130.6,131.35,127.65,127.65,8,78000
PIDILITIND-I,20170922,838.05,839.1,812.7,814.55,698,977000
PIDILITIND-II,20170922,839.4,839.7,818,819.6,117,121000
PIDILITIND-III,20170922,0,0,0,857.25,0,1000
PNB-I,20170922,141.2,141.75,137.25,137.75,5481,27618500
PNB-II,20170922,141.4,141.55,138,138.45,1004,3920000
PNB-III,20170922,141,141,140.95,140.95,3,63000
POWERGRID-I,20170922,210.9,211.75,208.75,210.25,930,14440000
POWERGRID-II,20170922,212.9,212.9,210,211.2,125,608000
POWERGRID-III,20170922,212,212,212,212,1,36000
PTC-I,20170922,125.75,129.2,121.3,122.1,2407,15328000
PTC-II,20170922,128.5,129.75,122.1,122.75,366,1760000
PTC-III,20170922,0,0,0,125.9,0,48000
PVR-I,20170922,1264.05,1269,1211.05,1218.6,1179,767200
PVR-II,20170922,1275.5,1275.5,1217.05,1225.15,268,84800
PVR-III,20170922,1249,1255,1230,1230,5,1600
RAMCOCEM-I,20170922,721.15,727.3,701.6,706.3,194,387200
RAMCOCEM-II,20170922,728,728,705,714,33,53600
RAMCOCEM-III,20170922,715.2,719.55,715.15,719.55,23,4000
RAYMOND-I,20170922,855.05,863.55,811.9,828.1,2727,3056000
RAYMOND-II,20170922,852.35,867.45,817.85,832.45,521,267200
RAYMOND-III,20170922,0,0,0,899.95,0,8800
RBLBANK-I,20170922,531.4,532,514.8,517.15,2497,4922000
RBLBANK-II,20170922,533.45,533.45,518,519.85,767,684000
RBLBANK-III,20170922,530.05,531.7,523.2,523.75,12,31000
RCOM-I,20170922,20.9,21.4,19.8,19.95,3023,119196000
RCOM-II,20170922,20.65,21.5,20,20.15,823,27622000
RCOM-III,20170922,21.5,21.5,20.45,20.4,4,1554000
RECLTD-I,20170922,164.45,167.3,162.15,163.65,3470,36078000
RECLTD-II,20170922,165.35,168.05,163,164.35,590,4836000
RECLTD-III,20170922,165.6,165.6,163.9,165.35,6,90000
RELCAPITAL-I,20170922,714.8,714.8,658.7,663.4,15536,8910000
RELCAPITAL-II,20170922,724.75,724.75,662.3,666.75,1858,1554000
RELCAPITAL-III,20170922,716.7,716.7,667.1,667.25,10,19500
RELIANCE-I,20170922,839.8,840.75,816.35,820.2,13219,34615000
RELIANCE-II,20170922,848.05,848.05,820.1,824.4,3900,5498000
RELIANCE-III,20170922,845,845,824.8,830.65,66,247000
RELINFRA-I,20170922,485.7,485.95,467.05,472.25,6902,10458500
RELINFRA-II,20170922,486.35,488.5,470,474.85,1102,1861600
RELINFRA-III,20170922,488,488,482.15,484.1,6,19500
REPCOHOME-I,20170922,638.3,638.8,615.1,618.6,375,1243200
REPCOHOME-II,20170922,640.3,640.3,619.6,621.3,77,67900
REPCOHOME-III,20170922,0,0,0,670.75,0,1400
RNAVAL-I,20170922,56.45,56.45,53.6,54.15,367,12429000
RNAVAL-II,20170922,56.5,56.6,54.05,54.45,217,1404000
RNAVAL-III,20170922,56,56.05,56,56.05,2,9000
RPOWER-I,20170922,44.35,44.6,42.15,42.35,1811,43608000
RPOWER-II,20170922,44.55,44.85,42.45,42.6,970,14424000
RPOWER-III,20170922,44.8,44.8,42.9,42.9,8,348000
SAIL-I,20170922,60.05,60.1,57.65,57.9,3058,60696000
SAIL-II,20170922,60.05,60.35,58,58.25,974,13044000
SAIL-III,20170922,60.7,60.7,58.45,58.55,24,312000
SBIN-I,20170922,267.6,268,261.75,262.7,12983,80823000
SBIN-II,20170922,269,269,263.05,263.95,3889,13428000
SBIN-III,20170922,269.05,269.45,264.5,265.25,113,543000
SHREECEM-I,20170922,18369.7,18369.7,17155,17708.9,269,31250
SHREECEM-II,20170922,18150.05,18150.05,17821,17904.9,33,3750
SHREECEM-III,20170922,0,0,0,17868.65,0,0
SIEMENS-I,20170922,1403.85,1403.85,1363,1366.9,797,620500
SIEMENS-II,20170922,1400.05,1403,1370.6,1374.2,160,140000
SIEMENS-III,20170922,0,0,0,1305.3,0,0
SOUTHBANK-I,20170922,30.9,30.9,29.2,29.35,2511,118909908
SOUTHBANK-II,20170922,31.25,31.25,29.4,29.55,642,23264982
SOUTHBANK-III,20170922,30.9,30.9,29.95,29.95,7,629679
SREINFRA-I,20170922,103.95,104.6,100.85,101.45,617,10260000
SREINFRA-II,20170922,104.5,104.55,101.95,102.25,116,1120000
SREINFRA-III,20170922,0,0,0,114.65,0,30000
SRF-I,20170922,1593.8,1594.55,1533.5,1540.4,893,651000
SRF-II,20170922,1593.35,1598.9,1544.9,1547.7,143,77500
SRF-III,20170922,0,0,0,1655.1,0,3000
SRTRANSFIN-I,20170922,1059.95,1061.15,985.65,999.5,5106,4519800
SRTRANSFIN-II,20170922,1065.25,1065.25,995.15,1004.25,1591,567600
SRTRANSFIN-III,20170922,0,0,0,1118.35,0,600
STAR-I,20170922,980.85,993.2,943.4,950.15,2461,2082500
STAR-II,20170922,980,996,950,954.8,424,181500
STAR-III,20170922,975.05,975.05,975,975,2,1000
SUNPHARMA-I,20170922,519.15,529,509,512.75,21418,35954400
SUNPHARMA-II,20170922,520.9,531.65,511.55,516.05,4224,4292000
SUNPHARMA-III,20170922,528.3,534,515,516.4,58,114400
SUNTV-I,20170922,831.15,850.95,813.4,819.75,7195,6272000
SUNTV-II,20170922,833.35,854.15,818.3,823.6,489,256000
SUNTV-III,20170922,839.2,855.35,822,824.7,17,15000
SUZLON-I,20170922,16.95,16.95,16.2,16.3,3973,394260000
SUZLON-II,20170922,17,17,16.35,16.45,2071,66540000
SUZLON-III,20170922,17,17,16.5,16.5,15,2520000
SYNDIBANK-I,20170922,67.9,68.25,65.85,66.1,740,16542000
SYNDIBANK-II,20170922,68.35,68.5,66.25,66.5,148,3546000
SYNDIBANK-III,20170922,0,0,0,69.8,0,117000
TATACHEM-I,20170922,640.05,640.05,612,614.4,3019,5389500
TATACHEM-II,20170922,638.3,640.45,615.5,618.05,833,1032000
TATACHEM-III,20170922,0,0,0,646.5,0,3000
TATACOMM-I,20170922,698,703,677.6,680.6,2505,7240100
TATACOMM-II,20170922,704,706,682.2,685.15,1008,1087100
TATACOMM-III,20170922,0,0,0,720.25,0,5600
TATAELXSI-I,20170922,866.2,874.3,843.5,848.4,1025,1396800
TATAELXSI-II,20170922,870.1,878.2,847.5,852.75,141,176800
TATAELXSI-III,20170922,0,0,0,1824,0,5600
TATAGLOBAL-I,20170922,210.4,210.65,200.35,201.7,5005,26437500
TATAGLOBAL-II,20170922,211.4,211.4,201.5,202.85,1330,5593500
TATAGLOBAL-III,20170922,209,209,206.75,206.75,3,31500
TATAMOTORS-I,20170922,411.3,421.65,409.75,411.75,17615,34710000
TATAMOTORS-II,20170922,414.5,423.75,412,413.7,3654,7863000
TATAMOTORS-III,20170922,420,425.9,414.25,414.6,37,199500
TATAMTRDVR-I,20170922,230.85,237.55,229.4,230.75,3494,17377500
TATAMTRDVR-II,20170922,232.1,238.5,230.9,232.3,1377,5172300
TATAMTRDVR-III,20170922,240.55,240.55,240.55,240.55,1,29400
TATAPOWER-I,20170922,82.9,83.15,80.2,80.55,1385,34326000
TATAPOWER-II,20170922,83.35,83.45,80.7,81.05,410,5805000
TATAPOWER-III,20170922,82,82,81.9,81.9,2,72000
TATASTEEL-I,20170922,683.85,683.85,652.4,655.1,16645,23214000
TATASTEEL-II,20170922,686.15,686.15,656.05,658.35,1876,2732000
TATASTEEL-III,20170922,681.1,682.85,661,661.45,19,126000
TCS-I,20170922,2535.55,2535.55,2501.4,2512.25,5384,6099250
TCS-II,20170922,2530,2541.6,2508,2518.9,751,196000
TCS-III,20170922,2544,2552,2502.95,2528.5,30,9250
TECHM-I,20170922,459.05,465.75,454.4,459.65,3064,11607200
TECHM-II,20170922,460.9,467.95,456.75,461.95,1351,1114300
TECHM-III,20170922,458.45,468.35,458.05,464.15,28,26400
TITAN-I,20170922,619.15,619.15,601.7,603.95,2401,4461000
TITAN-II,20170922,618.7,618.7,604.75,607.3,403,483000
TITAN-III,20170922,618.85,621,614.15,614.15,8,15000
TORNTPHARM-I,20170922,1353.6,1366.55,1251.6,1263.05,1839,278000
TORNTPHARM-II,20170922,1350.2,1373,1260,1271.35,188,42000
TORNTPHARM-III,20170922,1275.05,1275.05,1270.1,1272.65,7,4000
TORNTPOWER-I,20170922,226.95,227.5,214.25,215.6,1193,6207000
TORNTPOWER-II,20170922,228.25,228.25,215.8,216.9,313,846000
TORNTPOWER-III,20170922,0,0,0,225.9,0,6000
TV18BRDCST-I,20170922,42,42.1,39.95,40.2,1045,86513000
TV18BRDCST-II,20170922,42.15,42.35,40.2,40.55,400,8313000
TV18BRDCST-III,20170922,41.9,41.9,41.9,41.9,1,34000
TVSMOTOR-I,20170922,650,651.9,629.6,637.4,2227,4536000
TVSMOTOR-II,20170922,649.25,650.95,629.4,636.55,485,832000
TVSMOTOR-III,20170922,0,0,0,655,0,6000
UBL-I,20170922,812.4,826.9,807.45,810.3,1445,864500
UBL-II,20170922,818.45,829.3,812,812.6,109,37100
UBL-III,20170922,0,0,0,810.75,0,2100
UJJIVAN-I,20170922,352.1,352.1,331.05,336.05,4185,6524400
UJJIVAN-II,20170922,351.85,351.85,333.35,337.75,884,622800
UJJIVAN-III,20170922,0,0,0,355.1,0,2400
ULTRACEMCO-I,20170922,4153,4160,3997,4005.95,2774,1149000
ULTRACEMCO-II,20170922,4167.6,4176.65,4019.95,4026.75,727,82000
ULTRACEMCO-III,20170922,4130.65,4130.65,4114.3,4119,24,1600
UNIONBANK-I,20170922,134.85,135.1,129.75,130.1,3039,19020000
UNIONBANK-II,20170922,134.3,135.85,130.5,130.85,847,3668000
UNIONBANK-III,20170922,136.2,136.2,131,131.6,18,96000
UPL-I,20170922,816.2,819.1,802,806.1,1690,7180800
UPL-II,20170922,822.55,822.85,807.1,810.2,353,1000800
UPL-III,20170922,0,0,0,838.3,0,9600
VEDL-I,20170922,319.95,319.95,307.15,308.95,13311,42668500
VEDL-II,20170922,321.35,321.35,308.7,310.1,2113,4501000
VEDL-III,20170922,318.1,318.1,309.5,310.7,23,105000
VGUARD-I,20170922,198.95,199.5,187.9,188.45,854,2442000
VGUARD-II,20170922,200,200,189,189.65,144,324000
VGUARD-III,20170922,0,0,0,198.25,0,6000
VOLTAS-I,20170922,532.75,532.75,512.55,515.3,2653,2764000
VOLTAS-II,20170922,532.85,532.85,515.35,518.15,462,402000
VOLTAS-III,20170922,528.05,528.05,528,528,4,12000
WIPRO-I,20170922,290.9,294.5,290.7,294.1,1955,29395200
WIPRO-II,20170922,292.75,294.9,292.35,294.1,804,5649600
WIPRO-III,20170922,295,295,295,295,1,50400
WOCKPHARMA-I,20170922,652.2,659.1,602.25,612.4,2229,2612000
WOCKPHARMA-II,20170922,655,661.95,608,616,175,349600
WOCKPHARMA-III,20170922,0,0,0,647,0,5600
YESBANK-I,20170922,376.3,377.05,359.15,360.65,15279,37500750
YESBANK-II,20170922,377.25,377.5,361.4,362.4,3297,3526250
YESBANK-III,20170922,376.05,376.8,363.5,364.05,100,161000
ZEEL-I,20170922,533.4,533.95,521.5,523.1,1638,5106400
ZEEL-II,20170922,534.65,536,524.35,525.65,171,198900
ZEEL-III,20170922,530.05,530.05,530,530,2,2600
