BANKNIFTY-I,20180223,25002,25409.95,24950,25381.55,84492,1773640
BANKNIFTY-II,20180223,25078.05,25474.4,25078.05,25452.35,1287,38920
BANKNIFTY-III,20180223,25161,25495,25161,25487.75,125,2280
FTSE100-I,20180223,0,0,0,7912,0,0
FTSE100-II,20180223,0,0,0,7832,0,0
FTSE100-III,20180223,0,0,0,7364,0,0
FTSE100-IIII,20180223,0,0,0,7982,0,0
FTSE100-IIIII,20180223,0,0,0,7867,0,0
FTSE100-IIIIII,20180223,0,0,0,7947,0,0
NIFTY-I,20180223,10400,10515.95,10386.25,10504.55,157193,19649100
NIFTY-II,20180223,10441,10553.65,10418.35,10537.35,9423,818475
NIFTY-III,20180223,10474.9,10573.95,10466.35,10562.15,3706,262200
NIFTYCPSE-I,20180223,0,0,0,2729.2,0,0
NIFTYCPSE-II,20180223,0,0,0,2827.05,0,0
NIFTYCPSE-III,20180223,0,0,0,2627.4,0,0
NIFTYINFRA-I,20180223,0,0,0,3662.6,0,0
NIFTYINFRA-II,20180223,0,0,0,3716.6,0,0
NIFTYINFRA-III,20180223,0,0,0,3441.1,0,0
NIFTYIT-I,20180223,12820,12920,12735,12906,833,39600
NIFTYIT-II,20180223,12888,12888,12888,12888,2,50
NIFTYIT-III,20180223,0,0,0,12980,0,0
NIFTYMID50-I,20180223,0,0,0,5588,0,513600
NIFTYMID50-II,20180223,0,0,0,5562.4,0,0
NIFTYMID50-III,20180223,0,0,0,5152,0,0
NIFTYPSE-I,20180223,0,0,0,4378.2,0,0
NIFTYPSE-II,20180223,0,0,0,4380.6,0,0
NIFTYPSE-III,20180223,0,0,0,4077.45,0,0
ACC-I,20180223,1628.1,1649.85,1624.45,1646.2,1784,1138800
ACC-II,20180223,1628.1,1646,1626.45,1644.3,23,12800
ACC-III,20180223,0,0,0,1664.35,0,0
ADANIENT-I,20180223,205,206.5,202.3,205.8,4523,15532000
ADANIENT-II,20180223,205.1,206.1,202.8,205.55,38,240000
ADANIENT-III,20180223,0,0,0,207.3,0,0
ADANIPORTS-I,20180223,405.2,409.55,403.55,408.3,2332,11722500
ADANIPORTS-II,20180223,412.1,412.1,406.25,409.95,43,97500
ADANIPORTS-III,20180223,0,0,0,411.95,0,0
ADANIPOWER-I,20180223,31.4,32.55,31.3,32.4,1443,104660000
ADANIPOWER-II,20180223,31.55,32.5,31.55,32.25,12,660000
ADANIPOWER-III,20180223,0,0,0,31.7,0,0
AJANTPHARM-I,20180223,1379.5,1381.05,1363.25,1377.55,684,722000
AJANTPHARM-II,20180223,1372,1377.2,1371.2,1377.2,4,3000
AJANTPHARM-III,20180223,0,0,0,1376.8,0,0
ALBK-I,20180223,52.5,52.95,51.75,52.55,1059,16560000
ALBK-II,20180223,52.45,53,51.95,52.85,52,870000
ALBK-III,20180223,0,0,0,53,0,0
AMARAJABAT-I,20180223,798.05,822,798.05,820.15,829,1212400
AMARAJABAT-II,20180223,816.3,823.15,814.25,823.15,4,3500
AMARAJABAT-III,20180223,0,0,0,811.15,0,0
AMBUJACEM-I,20180223,259,262,256.5,260.8,2251,10022500
AMBUJACEM-II,20180223,257.95,260.9,256.9,260.2,24,57500
AMBUJACEM-III,20180223,0,0,0,261.95,0,0
ANDHRABANK-I,20180223,46.2,46.6,45.7,46.2,937,23200000
ANDHRABANK-II,20180223,46.4,46.55,46.2,46.2,21,570000
ANDHRABANK-III,20180223,0,0,0,46.45,0,0
APOLLOHOSP-I,20180223,1230.55,1241.9,1214,1235,1540,700000
APOLLOHOSP-II,20180223,0,0,0,1230,0,3000
APOLLOHOSP-III,20180223,0,0,0,1270.9,0,0
APOLLOTYRE-I,20180223,264.05,271.25,263.75,270.55,2504,10908000
APOLLOTYRE-II,20180223,265.6,272.25,265.6,272.1,21,78000
APOLLOTYRE-III,20180223,273,273,273,273,1,3000
ARVIND-I,20180223,395.85,414,395.85,412.35,4194,5518000
ARVIND-II,20180223,403.7,410.4,400,410.1,32,238000
ARVIND-III,20180223,0,0,0,399.55,0,0
ASHOKLEY-I,20180223,134,135.75,133.35,135.35,4059,51737000
ASHOKLEY-II,20180223,134.7,136.35,134.15,136.1,51,658000
ASHOKLEY-III,20180223,0,0,0,134.95,0,0
ASIANPAINT-I,20180223,1117.85,1118.65,1106.7,1109.8,2544,3718200
ASIANPAINT-II,20180223,1120,1120.1,1113.55,1114.4,34,21600
ASIANPAINT-III,20180223,1107.15,1107.15,1107.15,1107.15,1,600
AUROPHARMA-I,20180223,592.3,614.6,588.9,604.25,16309,23560000
AUROPHARMA-II,20180223,597.85,617.2,597.85,607.85,212,116800
AUROPHARMA-III,20180223,0,0,0,598.35,0,0
AXISBANK-I,20180223,530,541.7,527.55,538.6,8085,46734000
AXISBANK-II,20180223,531.6,543.85,531.55,540.45,114,243600
AXISBANK-III,20180223,537,544.9,537,544.9,15,18000
BAJAJ-AUTO-I,20180223,2996.4,3023.85,2975.55,3003.55,2937,1785250
BAJAJ-AUTO-II,20180223,2960.05,2960.05,2960,2960.05,3,1250
BAJAJ-AUTO-III,20180223,3000,3000,2997.7,3000,9,2000
BAJAJFINSV-I,20180223,4979.9,5086.8,4979.9,5056.25,1470,738000
BAJAJFINSV-II,20180223,5074,5086.55,5064,5081.1,21,3875
BAJAJFINSV-III,20180223,0,0,0,5048.95,0,0
BAJFINANCE-I,20180223,1610.2,1643,1610.2,1639.35,3832,5704500
BAJFINANCE-II,20180223,1627.35,1652,1623.1,1649.5,52,27000
BAJFINANCE-III,20180223,0,0,0,1631.75,0,0
BALKRISIND-I,20180223,1085.95,1108.95,1085,1100.75,648,1056000
BALKRISIND-II,20180223,1095,1108.05,1094.9,1105.3,12,5600
BALKRISIND-III,20180223,0,0,0,1096.1,0,0
BALRAMCHIN-I,20180223,115.85,117.8,114.45,116.65,1054,16649500
BALRAMCHIN-II,20180223,115.7,118,115.3,117.25,44,252000
BALRAMCHIN-III,20180223,0,0,0,116.7,0,0
BANKBARODA-I,20180223,145.95,149.2,145.4,146.6,5998,58300000
BANKBARODA-II,20180223,146.4,149.4,146.4,147.5,78,368000
BANKBARODA-III,20180223,0,0,0,146.25,0,0
BANKINDIA-I,20180223,129.7,131.7,128.2,129.6,2721,17124000
BANKINDIA-II,20180223,130.3,131.65,129.55,130.2,25,270000
BANKINDIA-III,20180223,0,0,0,131.55,0,0
BATAINDIA-I,20180223,706.85,725.45,704.5,723.05,1304,1911800
BATAINDIA-II,20180223,714.8,728,714.8,727.1,7,16500
BATAINDIA-III,20180223,704.3,704.3,704.3,704.3,1,1100
BEL-I,20180223,147.95,152.6,147.35,151.9,3043,25522200
BEL-II,20180223,149.95,153.5,148.5,152.9,42,405900
BEL-III,20180223,0,0,0,149.45,0,0
BEML-I,20180223,1208.25,1247.75,1201.3,1240.55,3563,2047200
BEML-II,20180223,1209,1249,1209,1246.35,22,6000
BEML-III,20180223,0,0,0,1217.65,0,0
BERGEPAINT-I,20180223,241.45,247.75,240.85,247.1,355,1095600
BERGEPAINT-II,20180223,0,0,0,257.5,0,0
BERGEPAINT-III,20180223,0,0,0,245.35,0,0
BHARATFIN-I,20180223,985.95,1003.8,983.25,1001.7,1948,4947000
BHARATFIN-II,20180223,992.25,1007.2,991.25,1007.2,21,18000
BHARATFIN-III,20180223,0,0,0,996.7,0,0
BHARATFORG-I,20180223,756,766,750,755.2,2332,6355200
BHARATFORG-II,20180223,758.95,762,753.3,757.9,15,21600
BHARATFORG-III,20180223,0,0,0,771.05,0,0
BHARTIARTL-I,20180223,420.05,430,418.95,427.55,4454,54097400
BHARTIARTL-II,20180223,421.95,431.6,421.75,429.45,65,600100
BHARTIARTL-III,20180223,0,0,0,424.3,0,0
BHEL-I,20180223,92,94.4,91.85,93.5,2035,39952500
BHEL-II,20180223,92.7,94.75,92.7,93.95,40,1995000
BHEL-III,20180223,0,0,0,93.05,0,0
BIOCON-I,20180223,619.5,631.4,616,622.3,10256,7788600
BIOCON-II,20180223,623,629.9,618.75,620.3,163,223200
BIOCON-III,20180223,625,625,625,625,2,3600
BOSCHLTD-I,20180223,18873.65,19014.55,18800.05,18944.05,1020,129275
BOSCHLTD-II,20180223,18975,19139,18975,19071.45,15,375
BOSCHLTD-III,20180223,0,0,0,19260,0,0
BPCL-I,20180223,430,434.9,424.5,431.9,3105,9322200
BPCL-II,20180223,432.3,436,426.8,433.85,56,102600
BPCL-III,20180223,0,0,0,435.85,0,0
BRITANNIA-I,20180223,4915.95,5013.7,4900,4987.3,1978,864000
BRITANNIA-II,20180223,4950,5030,4950,5002.5,13,1800
BRITANNIA-III,20180223,0,0,0,4951.05,0,0
CADILAHC-I,20180223,403.7,410.4,402.4,408.15,961,5512000
CADILAHC-II,20180223,409,411.9,408.85,409.35,13,27200
CADILAHC-III,20180223,0,0,0,408.5,0,0
CANBK-I,20180223,312.5,318.7,311.65,316,4945,9875200
CANBK-II,20180223,314.4,319,314.4,316.95,72,120000
CANBK-III,20180223,0,0,0,315.3,0,0
CANFINHOME-I,20180223,523.85,530.5,523.45,528.15,1899,4166250
CANFINHOME-II,20180223,526.6,530,526.6,529,9,67500
CANFINHOME-III,20180223,0,0,0,526.75,0,0
CAPF-I,20180223,673.5,679.3,671,677.3,1526,7056800
CAPF-II,20180223,682.2,682.2,677.1,681.35,9,15200
CAPF-III,20180223,0,0,0,678.4,0,0
CASTROLIND-I,20180223,189.65,195,189.1,194.25,1147,13563200
CASTROLIND-II,20180223,190.1,193.3,189.7,192.1,22,266000
CASTROLIND-III,20180223,0,0,0,191.95,0,0
CEATLTD-I,20180223,1587.95,1633,1579.25,1627.55,3302,877800
CEATLTD-II,20180223,1593.85,1639.95,1585.95,1637.95,32,15400
CEATLTD-III,20180223,0,0,0,1602.25,0,0
CENTURYTEX-I,20180223,1156.7,1204.75,1156.45,1201.2,4478,6189700
CENTURYTEX-II,20180223,1172,1210.1,1165.4,1207.4,38,17600
CENTURYTEX-III,20180223,0,0,0,1171.55,0,0
CESC-I,20180223,983.95,1012.65,983.95,1008.85,2274,5995000
CESC-II,20180223,992.7,1015.5,992.7,1013.9,53,98450
CESC-III,20180223,0,0,0,996.2,0,0
CGPOWER-I,20180223,81.25,83.8,81.25,83.15,562,21996000
CGPOWER-II,20180223,83.15,84.1,83.15,83.5,7,108000
CGPOWER-III,20180223,0,0,0,82.55,0,0
CHENNPETRO-I,20180223,353.5,360.15,353.5,358.05,818,2533500
CHENNPETRO-II,20180223,357.95,358,357.95,358,2,13500
CHENNPETRO-III,20180223,0,0,0,357.95,0,0
CHOLAFIN-I,20180223,1387.05,1431.9,1384.55,1424.25,962,401000
CHOLAFIN-II,20180223,0,0,0,1346.65,0,2500
CHOLAFIN-III,20180223,0,0,0,1406.05,0,0
CIPLA-I,20180223,594.05,609,592.75,598.65,3172,8460000
CIPLA-II,20180223,597.3,609.8,597.3,601.2,35,44000
CIPLA-III,20180223,0,0,0,601.25,0,0
COALINDIA-I,20180223,286.55,290.15,286.55,287.4,1632,14680600
COALINDIA-II,20180223,287,289.8,287,287.5,22,77000
COALINDIA-III,20180223,0,0,0,317.7,0,0
COLPAL-I,20180223,1042.1,1059.2,1040.2,1050.95,505,1051400
COLPAL-II,20180223,0,0,0,1057,0,700
COLPAL-III,20180223,0,0,0,1062.6,0,0
CONCOR-I,20180223,1340,1340.45,1319.85,1335.95,583,840625
CONCOR-II,20180223,0,0,0,1465.1,0,1250
CONCOR-III,20180223,0,0,0,1358.85,0,0
CUMMINSIND-I,20180223,818.45,833.1,815.35,823.35,501,484200
CUMMINSIND-II,20180223,832.75,832.75,827.8,827.8,2,1800
CUMMINSIND-III,20180223,0,0,0,833,0,0
DABUR-I,20180223,330.5,335.9,326.55,333.55,1479,11862500
DABUR-II,20180223,0,0,0,359.85,0,0
DABUR-III,20180223,0,0,0,333.55,0,0
DALMIABHA-I,20180223,2740,2750,2712.65,2736.3,567,796500
DALMIABHA-II,20180223,0,0,0,3054.9,0,0
DALMIABHA-III,20180223,0,0,0,2791.5,0,0
DCBBANK-I,20180223,164.1,165.95,163.6,165.55,571,5517000
DCBBANK-II,20180223,0,0,0,175.95,0,18000
DCBBANK-III,20180223,0,0,0,165.6,0,0
DHFL-I,20180223,552.25,582.9,552.25,580.3,12046,28281000
DHFL-II,20180223,560.5,584.7,557.7,582.55,88,78000
DHFL-III,20180223,584.8,584.8,584.8,584.8,1,1500
DISHTV-I,20180223,75.3,76,73.6,74.7,1363,48902000
DISHTV-II,20180223,75.65,76.05,74,75,19,266000
DISHTV-III,20180223,0,0,0,75.85,0,0
DIVISLAB-I,20180223,1024.8,1059,1024.8,1057.6,2353,1845600
DIVISLAB-II,20180223,1060,1062.9,1057,1062.7,8,7200
DIVISLAB-III,20180223,0,0,0,1039.25,0,0
DLF-I,20180223,221.7,227.1,220.85,226.55,6390,44180000
DLF-II,20180223,223,227.6,222.6,227.6,51,505000
DLF-III,20180223,229,229,229,229,1,5000
DRREDDY-I,20180223,2140,2198.4,2140,2181.85,5894,4118000
DRREDDY-II,20180223,2174.55,2207.5,2170.8,2194.3,96,16250
DRREDDY-III,20180223,2165.45,2165.45,2165.45,2165.45,1,250
EICHERMOT-I,20180223,27100.05,27222.5,26600,26895,3133,235500
EICHERMOT-II,20180223,27029.1,27142.75,26750,26969.35,68,1350
EICHERMOT-III,20180223,0,0,0,27395.2,0,0
ENGINERSIN-I,20180223,162.6,170.45,161.6,169.65,1427,8092000
ENGINERSIN-II,20180223,164.05,170.85,164.05,169.7,17,73500
ENGINERSIN-III,20180223,168.6,168.6,168.6,168.6,1,3500
EQUITAS-I,20180223,140.7,142.85,139.55,142.3,925,19840000
EQUITAS-II,20180223,143.4,143.4,142.6,142.6,2,83200
EQUITAS-III,20180223,0,0,0,141.9,0,0
ESCORTS-I,20180223,883,891.9,875.6,884.45,4377,3026100
ESCORTS-II,20180223,882.15,894,882.15,889.1,20,33000
ESCORTS-III,20180223,0,0,0,888.5,0,0
EXIDEIND-I,20180223,208.45,212.45,208.45,211.45,771,11096000
EXIDEIND-II,20180223,212.6,212.65,212.5,212.6,5,40000
EXIDEIND-III,20180223,0,0,0,210.8,0,0
FEDERALBNK-I,20180223,91.45,95.8,91.45,95.45,6495,72385500
FEDERALBNK-II,20180223,93.65,96.3,93.2,96.2,145,1248500
FEDERALBNK-III,20180223,95.3,96,95.3,96,2,11000
FORTIS-I,20180223,140,167.8,140,161.1,19721,59472000
FORTIS-II,20180223,145.5,166.9,145.5,161.35,296,406000
FORTIS-III,20180223,155.45,162.25,155.45,162.25,2,7000
GAIL-I,20180223,456.45,459.5,450.15,458.15,2644,10494000
GAIL-II,20180223,453.4,459.6,451.85,459.3,20,176000
GAIL-III,20180223,0,0,0,475.3,0,0
GLENMARK-I,20180223,528.45,539,527.6,537.8,1917,6670800
GLENMARK-II,20180223,534.35,540.5,532.9,540.5,22,54900
GLENMARK-III,20180223,0,0,0,533.85,0,0
GMRINFRA-I,20180223,17.85,19.15,17.75,18.95,2151,280440000
GMRINFRA-II,20180223,17.9,19.2,17.9,19.05,211,9765000
GMRINFRA-III,20180223,0,0,0,17.9,0,0
GODFRYPHLP-I,20180223,872,886.2,871.5,883.15,516,684500
GODFRYPHLP-II,20180223,0,0,0,979.25,0,0
GODFRYPHLP-III,20180223,0,0,0,884.95,0,0
GODREJCP-I,20180223,1040,1055.95,1036.55,1054.25,745,1706400
GODREJCP-II,20180223,0,0,0,1093.45,0,0
GODREJCP-III,20180223,0,0,0,1062.5,0,0
GODREJIND-I,20180223,542.5,554.55,542.5,550.9,813,2154000
GODREJIND-II,20180223,553.3,553.3,553.3,553.3,1,10500
GODREJIND-III,20180223,0,0,0,549.65,0,0
GRANULES-I,20180223,113.85,118.85,113.85,118.25,1398,14820000
GRANULES-II,20180223,115.6,119.1,115.4,119.1,15,125000
GRANULES-III,20180223,0,0,0,114.55,0,0
GRASIM-I,20180223,1122.4,1144.35,1119,1140.95,1165,3492000
GRASIM-II,20180223,1139.3,1139.3,1139.3,1139.3,1,9000
GRASIM-III,20180223,0,0,0,1132.2,0,0
GSFC-I,20180223,125.95,129.9,125.95,129.15,1087,19507500
GSFC-II,20180223,130.3,130.3,129.85,129.85,4,85500
GSFC-III,20180223,0,0,0,128.45,0,0
HAVELLS-I,20180223,497,512.35,497,510.55,1928,4606000
HAVELLS-II,20180223,506.6,512.35,506,510.6,13,48000
HAVELLS-III,20180223,0,0,0,504.95,0,0
HCC-I,20180223,33.5,34.45,33.35,34.25,795,51660000
HCC-II,20180223,33.5,34.5,33.5,34.5,15,585000
HCC-III,20180223,0,0,0,33.65,0,0
HCLTECH-I,20180223,951.5,970.45,945.5,959.3,5172,10303300
HCLTECH-II,20180223,958,972,958,961.8,19,11200
HCLTECH-III,20180223,0,0,0,959.45,0,0
HDFC-I,20180223,1828,1835.65,1820.55,1830.85,4505,16255000
HDFC-II,20180223,1831.85,1839,1827.3,1837.85,46,22500
HDFC-III,20180223,0,0,0,1854.95,0,0
HDFCBANK-I,20180223,1855.95,1888,1851.05,1883.45,8982,15593000
HDFCBANK-II,20180223,1862.65,1892.55,1862.1,1889.9,177,151500
HDFCBANK-III,20180223,0,0,0,1889.55,0,0
HDIL-I,20180223,49.8,50.7,49.5,50.4,1569,33660000
HDIL-II,20180223,50,50.85,50,50.75,16,828000
HEROMOTOCO-I,20180223,3486.35,3519.4,3466.25,3503.8,2365,1446600
HEROMOTOCO-II,20180223,3494.45,3523.95,3482.2,3523.95,38,6000
HEROMOTOCO-III,20180223,3540,3540,3540,3540,1,200
HEXAWARE-I,20180223,346.95,352.4,339.15,345.5,3409,4698000
HEXAWARE-II,20180223,351.65,351.7,338.75,343.6,48,75000
HEXAWARE-III,20180223,0,0,0,358.8,0,0
HINDALCO-I,20180223,241.6,248.9,241,248.15,6955,40876500
HINDALCO-II,20180223,244.55,249.75,242.5,249.35,44,217000
HINDALCO-III,20180223,250.1,250.1,250.1,250.1,1,3500
HINDPETRO-I,20180223,369.95,373.25,366.15,372.05,2529,20837250
HINDPETRO-II,20180223,371.75,374.8,368,374.15,22,148050
HINDPETRO-III,20180223,0,0,0,391.65,0,0
HINDUNILVR-I,20180223,1335.25,1337.2,1325.35,1329.6,1826,8131200
HINDUNILVR-II,20180223,1335,1338.7,1331.55,1335.6,20,13800
HINDUNILVR-III,20180223,0,0,0,1352.45,0,0
HINDZINC-I,20180223,311,322.65,311,321.85,3231,12377600
HINDZINC-II,20180223,314,318.95,313.1,317.65,26,102400
HINDZINC-III,20180223,0,0,0,320.35,0,0
IBULHSGFIN-I,20180223,1279.45,1300,1275.5,1291.05,5468,14902800
IBULHSGFIN-II,20180223,1286.6,1304.7,1285,1301.75,57,26400
IBULHSGFIN-III,20180223,0,0,0,1292.25,0,0
ICICIBANK-I,20180223,319.85,325.25,319.4,324.1,9370,67765500
ICICIBANK-II,20180223,322.3,326,322.3,325.5,155,528000
ICICIBANK-III,20180223,0,0,0,324.6,0,0
ICICIPRULI-I,20180223,404.55,411.6,404.5,411.05,832,4816500
ICICIPRULI-II,20180223,0,0,0,409.2,0,2600
ICICIPRULI-III,20180223,0,0,0,408.7,0,0
IDBI-I,20180223,74.1,78,73.7,77.7,6977,53380000
IDBI-II,20180223,74.65,78.25,74.65,78.1,176,1360000
IDBI-III,20180223,76.9,77.45,75.8,77.45,3,30000
IDEA-I,20180223,82.1,82.9,81.5,82.5,3000,85323000
IDEA-II,20180223,82.7,83,82,82.95,38,574000
IDEA-III,20180223,0,0,0,82.8,0,0
IDFC-I,20180223,52.35,53.6,52.3,53.45,1081,169593600
IDFC-II,20180223,53.5,53.5,53.5,53.65,2,5425200
IDFC-III,20180223,0,0,0,52.65,0,0
IDFCBANK-I,20180223,51.9,52.4,51.85,52.3,1708,168687000
IDFCBANK-II,20180223,52.35,52.7,52.35,52.65,37,819000
IDFCBANK-III,20180223,0,0,0,52.45,0,0
IFCI-I,20180223,23,23.4,23,23.35,632,77418000
IFCI-II,20180223,23.25,23.35,23.2,23.3,4,374000
IFCI-III,20180223,23.6,23.6,23.6,23.6,1,22000
IGL-I,20180223,294,300,293.5,297.9,1468,5189250
IGL-II,20180223,295.55,299.5,294.95,298.75,10,46750
IGL-III,20180223,0,0,0,297.45,0,0
INDIACEM-I,20180223,157.7,159.9,156,159.05,2244,23394000
INDIACEM-II,20180223,157.3,160.05,156.7,160.05,22,157500
INDIACEM-III,20180223,159.65,161,159,161,5,10500
INDIANB-I,20180223,323.8,327,318.7,320.55,1488,3908000
INDIANB-II,20180223,326.55,326.55,325.8,325.85,3,8000
INDIANB-III,20180223,0,0,0,325.8,0,0
INDIGO-I,20180223,1269.35,1299.8,1266.05,1293.95,1709,1898400
INDIGO-II,20180223,0,0,0,1285,0,1800
INDIGO-III,20180223,0,0,0,1300.45,0,0
INDUSINDBK-I,20180223,1619.05,1644.4,1618,1642.05,4856,5396100
INDUSINDBK-II,20180223,1630.3,1642.05,1625,1642.05,94,43800
INDUSINDBK-III,20180223,0,0,0,1655.35,0,0
INFIBEAM-I,20180223,158.8,162.55,157.55,161.55,569,33872000
INFIBEAM-II,20180223,160.85,161.4,160.05,160.05,26,836000
INFIBEAM-III,20180223,0,0,0,160.4,0,0
INFRATEL-I,20180223,321.7,332.6,319,328.95,2305,13560900
INFRATEL-II,20180223,321.35,327.75,320,325.25,12,44200
INFRATEL-III,20180223,0,0,0,340.4,0,0
INFY-I,20180223,1162.3,1166.85,1148.4,1158,10475,38718000
INFY-II,20180223,1167.55,1170.95,1152.75,1162.6,112,84600
INFY-III,20180223,1161.05,1167.7,1161.05,1167.2,3,600
IOC-I,20180223,364.85,370.55,364.15,369.7,3013,13489500
IOC-II,20180223,367.45,371.05,365.65,370.9,200,496500
IOC-III,20180223,0,0,0,370.35,0,0
IRB-I,20180223,218.65,230.05,218.5,228.25,1490,14957500
IRB-II,20180223,221.25,229.9,221.25,227.7,13,47500
IRB-III,20180223,0,0,0,221.3,0,0
ITC-I,20180223,268.15,270.95,267,269.8,4939,81672000
ITC-II,20180223,270.15,272.05,268.5,271.05,145,631200
ITC-III,20180223,269.35,272,269.35,272,6,14400
JETAIRWAYS-I,20180223,743,757.65,728.15,750.75,6676,5304000
JETAIRWAYS-II,20180223,736,760,733,755.2,44,42000
JETAIRWAYS-III,20180223,0,0,0,748.3,0,0
JINDALSTEL-I,20180223,253,267.4,251.35,266.55,10977,33696000
JINDALSTEL-II,20180223,254.85,268.05,253.5,267.7,73,220500
JINDALSTEL-III,20180223,0,0,0,255.2,0,0
JISLJALEQS-I,20180223,113.85,119.55,112.5,118.9,2781,37701000
JISLJALEQS-II,20180223,113.95,120,113.95,120,20,144000
JISLJALEQS-III,20180223,0,0,0,115,0,0
JPASSOCIAT-I,20180223,16.7,20.1,16.35,19.3,6325,242726000
JPASSOCIAT-II,20180223,16.6,20.05,16.6,19.8,486,12852000
JPASSOCIAT-III,20180223,0,0,0,16.7,0,0
JSWSTEEL-I,20180223,301,309.75,299.6,308.85,6149,54717000
JSWSTEEL-II,20180223,304.95,311.1,303.35,310.6,55,153000
JSWSTEEL-III,20180223,0,0,0,303.55,0,0
JUBLFOOD-I,20180223,1989.05,2031.95,1985,2011.7,4876,2246000
JUBLFOOD-II,20180223,2004.1,2035.05,2000,2020.15,61,18500
JUBLFOOD-III,20180223,0,0,0,2013.65,0,0
JUSTDIAL-I,20180223,455.45,470.8,455.45,466.95,3341,3631600
JUSTDIAL-II,20180223,465.85,470,458.9,468.65,8,19600
JUSTDIAL-III,20180223,0,0,0,460.8,0,0
KAJARIACER-I,20180223,581.15,584.05,576.1,578.75,724,1452800
KAJARIACER-II,20180223,0,0,0,589.75,0,14400
KAJARIACER-III,20180223,0,0,0,588.1,0,0
KOTAKBANK-I,20180223,1072.1,1086.8,1071.8,1084.45,3780,11237600
KOTAKBANK-II,20180223,1083.9,1088.9,1079.45,1087.55,28,15200
KOTAKBANK-III,20180223,0,0,0,1093.55,0,0
KPIT-I,20180223,203.6,208.15,203.6,207.55,2349,13131000
KPIT-II,20180223,206.65,208.55,205.4,208.35,37,130500
KPIT-III,20180223,0,0,0,205.2,0,0
KSCL-I,20180223,462,501,461.9,495.5,1825,3483000
KSCL-II,20180223,484.75,484.75,484.75,484.75,1,15000
KSCL-III,20180223,0,0,0,467.1,0,0
KTKBANK-I,20180223,129.5,134.45,129.4,134.2,1561,21150800
KTKBANK-II,20180223,130.95,135,130.95,134.8,32,254600
KTKBANK-III,20180223,135.95,136.75,135.8,135.8,4,15200
L&TFH-I,20180223,159.95,163.7,159.7,163.15,2245,33480000
L&TFH-II,20180223,161.6,164,161.5,163.9,14,252000
L&TFH-III,20180223,0,0,0,161.85,0,0
LICHSGFIN-I,20180223,510.9,522,510.9,520.95,2972,14697100
LICHSGFIN-II,20180223,516.65,524.6,515.5,522.85,36,74800
LICHSGFIN-III,20180223,0,0,0,516.55,0,0
LT-I,20180223,1292.95,1311.2,1285.5,1307.15,7418,11890500
LT-II,20180223,1301.35,1315.4,1293.05,1313.75,71,54000
LT-III,20180223,1314,1314,1314,1314,1,750
LUPIN-I,20180223,809.2,819,807.9,813.2,5213,12700200
LUPIN-II,20180223,811.1,822.1,811.1,817.45,94,102000
LUPIN-III,20180223,0,0,0,815.75,0,0
M&M-I,20180223,726,727,716.65,721.1,2795,14048000
M&M-II,20180223,724.4,727.85,720.1,724.4,67,67000
M&M-III,20180223,0,0,0,736.1,0,0
M&MFIN-I,20180223,428.45,444.9,427.85,442.55,2221,6421250
M&MFIN-II,20180223,432.15,445.05,431.3,445.05,65,35000
M&MFIN-III,20180223,0,0,0,432.1,0,0
MANAPPURAM-I,20180223,106.6,109.65,106.6,109.1,1133,24396000
MANAPPURAM-II,20180223,107.95,109.9,107.95,109.9,13,450000
MANAPPURAM-III,20180223,0,0,0,107.55,0,0
MARICO-I,20180223,302.95,309,302.25,308.55,946,4297800
MARICO-II,20180223,0,0,0,304,0,5200
MARICO-III,20180223,0,0,0,308.85,0,0
MARUTI-I,20180223,8697.95,8790,8681.9,8753.4,9803,2210700
MARUTI-II,20180223,8740,8817,8740,8796.25,103,22275
MARUTI-III,20180223,8800.05,8854.55,8785.05,8840.35,13,525
MCDOWELL-N-I,20180223,3194.75,3268.7,3183.75,3258.1,2762,2046500
MCDOWELL-N-II,20180223,3204.15,3280,3198.5,3275.45,33,10250
MCDOWELL-N-III,20180223,0,0,0,3219.2,0,0
MCX-I,20180223,750,765.9,737.95,758,2343,3406000
MCX-II,20180223,755,768.1,742.1,762.65,38,21500
MCX-III,20180223,0,0,0,759.3,0,0
MFSL-I,20180223,501.8,512,499.6,501.2,678,3707000
MFSL-II,20180223,0,0,0,546.55,0,0
MFSL-III,20180223,0,0,0,504.65,0,0
MGL-I,20180223,995.85,1030,994.9,1027.7,601,979800
MGL-II,20180223,1017.75,1027.65,1017.75,1027.65,7,4200
MGL-III,20180223,0,0,0,1005.35,0,0
MINDTREE-I,20180223,750,813.2,746.85,808.25,8630,2008800
MINDTREE-II,20180223,755,815.85,755,810.65,25,19200
MINDTREE-III,20180223,0,0,0,755.25,0,0
MOTHERSUMI-I,20180223,315.6,322.25,311.1,321.15,6200,19132800
MOTHERSUMI-II,20180223,320.55,324,313.9,323.05,62,91200
MOTHERSUMI-III,20180223,0,0,0,316.75,0,0
MRF-I,20180223,70610.45,72998.85,70450,72612,1114,43065
MRF-II,20180223,71022.55,73300,71022.55,72977.8,26,360
MRF-III,20180223,0,0,0,71482.05,0,0
MRPL-I,20180223,116.6,117.7,116,117.4,460,6394500
MRPL-II,20180223,117.55,117.55,117.5,117.5,2,22500
MRPL-III,20180223,0,0,0,118,0,0
MUTHOOTFIN-I,20180223,385.4,392,376.7,390.5,1153,2473500
MUTHOOTFIN-II,20180223,0,0,0,375.85,0,15000
MUTHOOTFIN-III,20180223,0,0,0,377.8,0,0
NATIONALUM-I,20180223,65.65,68.5,65.65,68.2,1963,51512000
NATIONALUM-II,20180223,66.4,68.45,66.4,68.45,20,256000
NATIONALUM-III,20180223,0,0,0,66.3,0,0
NBCC-I,20180223,193.65,203.2,193.65,202.6,2641,11130000
NBCC-II,20180223,197.85,203,197.85,203,9,144000
NBCC-III,20180223,0,0,0,196.55,0,0
NCC-I,20180223,123.95,127.5,123.4,126.4,2644,29280000
NCC-II,20180223,124.8,127.5,124.35,127,37,384000
NCC-III,20180223,0,0,0,125.25,0,0
NESTLEIND-I,20180223,7595.45,7654.95,7578,7634.55,340,201600
NESTLEIND-II,20180223,0,0,0,7619.2,0,0
NESTLEIND-III,20180223,0,0,0,7691.2,0,0
NHPC-I,20180223,26.85,27.8,26.65,27.7,360,44388000
NHPC-II,20180223,27.1,27.85,27.1,27.85,4,324000
NHPC-III,20180223,0,0,0,27.15,0,0
NIITTECH-I,20180223,830,842,817.1,836.9,2126,1312500
NIITTECH-II,20180223,0,0,0,929.8,0,0
NIITTECH-III,20180223,0,0,0,838.7,0,0
NMDC-I,20180223,125.75,129,125.3,128.45,1610,35664000
NMDC-II,20180223,126.1,129.3,126.1,128.95,39,432000
NMDC-III,20180223,130.95,130.95,130.95,130.95,2,6000
NTPC-I,20180223,161.45,163.7,161,163.1,1354,25536000
NTPC-II,20180223,162.2,164.15,162,163.45,19,92000
NTPC-III,20180223,0,0,0,163.9,0,0
OFSS-I,20180223,4084.95,4115.05,4040,4065,158,118050
OFSS-II,20180223,0,0,0,4065,0,150
OFSS-III,20180223,0,0,0,4170.8,0,0
OIL-I,20180223,336.5,344.5,336.1,342.85,424,2050730
OIL-II,20180223,0,0,0,332.6,0,6798
OIL-III,20180223,0,0,0,346.95,0,0
ONGC-I,20180223,184.6,188.4,183.8,187.25,2392,31702500
ONGC-II,20180223,185.65,189,184.8,188.35,30,457500
ONGC-III,20180223,186.1,188,186,188,4,7500
ORIENTBANK-I,20180223,106.25,107.55,105.3,106.95,850,13326000
ORIENTBANK-II,20180223,107,107.7,106,107.2,15,252000
ORIENTBANK-III,20180223,0,0,0,107.2,0,0
PAGEIND-I,20180223,22400.05,23006.2,22020.5,22932.65,444,33650
PAGEIND-II,20180223,0,0,0,22332.15,0,0
PAGEIND-III,20180223,0,0,0,22693.55,0,0
PCJEWELLER-I,20180223,329.6,339.7,327,334.5,6732,7053000
PCJEWELLER-II,20180223,334.9,339.85,332.95,335.05,62,187500
PCJEWELLER-III,20180223,0,0,0,333.95,0,0
PEL-I,20180223,2608,2655.1,2608,2639.7,622,1593654
PEL-II,20180223,2661.1,2663.4,2655.85,2660,8,3020
PEL-III,20180223,0,0,0,2640.9,0,0
PETRONET-I,20180223,242.9,246.3,242.65,245.05,857,13968000
PETRONET-II,20180223,245.25,246.85,245.25,246.85,3,63000
PETRONET-III,20180223,0,0,0,245.45,0,0
PFC-I,20180223,104.1,105.85,103.25,105.65,2351,60150000
PFC-II,20180223,104.3,106,104,106.1,39,534000
PFC-III,20180223,104.75,104.75,104.75,104.75,5,30000
PIDILITIND-I,20180223,890.1,904.95,885.6,901,1138,953000
PIDILITIND-II,20180223,891.3,904.8,891.3,904.8,5,3000
PIDILITIND-III,20180223,0,0,0,902.9,0,0
PNB-I,20180223,115.5,117.75,112.8,114.15,16257,58396000
PNB-II,20180223,116.5,118,113.5,114.6,545,1940000
PNB-III,20180223,117,117,115,115.35,18,48000
POWERGRID-I,20180223,191.05,194.25,191.05,194.05,1717,25852000
POWERGRID-II,20180223,192.95,194.95,192.45,194.9,19,224000
POWERGRID-III,20180223,0,0,0,194,0,0
PTC-I,20180223,98.7,101.45,98.35,100.75,845,20912000
PTC-II,20180223,0,0,0,99.75,0,120000
PTC-III,20180223,0,0,0,100.25,0,0
PVR-I,20180223,1398.5,1400,1362.4,1376.6,815,511600
PVR-II,20180223,1378.95,1379,1378.95,1379,3,2000
PVR-III,20180223,0,0,0,1411.7,0,0
RAMCOCEM-I,20180223,716,726.35,711,714.4,291,702400
RAMCOCEM-II,20180223,0,0,0,716,0,7200
RAMCOCEM-III,20180223,0,0,0,728.1,0,0
RAYMOND-I,20180223,936.8,958.95,933.6,956.1,1877,4983200
RAYMOND-II,20180223,947.9,958.95,947.5,955.15,11,20800
RAYMOND-III,20180223,0,0,0,940.1,0,0
RBLBANK-I,20180223,472,491.9,472,490.2,1503,4738000
RBLBANK-II,20180223,482.65,494.55,477.45,491.85,50,33000
RBLBANK-III,20180223,0,0,0,479.1,0,0
RCOM-I,20180223,27.7,28.1,27.5,27.8,1269,81536000
RCOM-II,20180223,27.7,28,27.7,27.8,15,1596000
RCOM-III,20180223,0,0,0,27.9,0,0
RECLTD-I,20180223,138,140.95,137.9,140.75,1442,37878000
RECLTD-II,20180223,139.25,141.1,139.1,141.1,13,444000
RECLTD-III,20180223,0,0,0,139.35,0,0
RELCAPITAL-I,20180223,461.1,479.7,460.35,473,10837,12649500
RELCAPITAL-II,20180223,465.8,481.25,463.1,475.85,89,48750
RELCAPITAL-III,20180223,479,479,479,479,1,750
RELIANCE-I,20180223,928.95,941,925.5,937.2,10901,40022000
RELIANCE-II,20180223,932.35,944.85,931.4,941.3,347,475000
RELIANCE-III,20180223,935.15,946,935.1,943.95,15,10000
RELINFRA-I,20180223,446.5,461.15,443.65,457.45,5676,10077600
RELINFRA-II,20180223,447.05,462,447,460.4,62,66300
RELINFRA-III,20180223,0,0,0,448.6,0,0
REPCOHOME-I,20180223,543.3,555.25,533.95,549.45,517,1136700
REPCOHOME-II,20180223,545.4,549.7,545.4,549,3,4500
REPCOHOME-III,20180223,0,0,0,551.45,0,0
RNAVAL-I,20180223,41.2,41.7,40.75,41.4,838,33543000
RNAVAL-II,20180223,41.5,41.5,41.5,41.5,1,117000
RNAVAL-III,20180223,0,0,0,41.5,0,0
RPOWER-I,20180223,44.6,45.05,44.1,44.7,1240,60619000
RPOWER-II,20180223,44.8,45.1,44.55,45,13,1417000
RPOWER-III,20180223,0,0,0,44.4,0,0
SAIL-I,20180223,85.25,87.95,84.5,87.65,5083,83964000
SAIL-II,20180223,85.5,88.3,85,88.2,79,1152000
SAIL-III,20180223,0,0,0,85.55,0,0
SBIN-I,20180223,274,278.45,273.35,277.1,12339,63684000
SBIN-II,20180223,275.75,279.5,275.75,278.4,136,825000
SBIN-III,20180223,276,278.4,276,277.5,19,39000
SHREECEM-I,20180223,16800,17447.45,16667.4,17310.95,288,56000
SHREECEM-II,20180223,0,0,0,18473.2,0,0
SHREECEM-III,20180223,0,0,0,17057.5,0,0
SIEMENS-I,20180223,1188,1194.4,1164.95,1181.05,2081,820000
SIEMENS-II,20180223,1176.05,1192.35,1175,1185.25,12,6000
SIEMENS-III,20180223,0,0,0,1216.6,0,0
SOUTHBANK-I,20180223,26.85,27.2,26.8,27.1,664,152216613
SOUTHBANK-II,20180223,27.1,27.35,27.1,27.35,8,2651280
SOUTHBANK-III,20180223,27.55,27.55,27.55,27.55,1,33141
SREINFRA-I,20180223,78.2,83.2,78.2,82.3,1062,17645000
SREINFRA-II,20180223,79.8,82.7,79.8,82.55,8,335000
SREINFRA-III,20180223,0,0,0,79.1,0,0
SRF-I,20180223,1895.6,1940,1887.4,1934.45,889,459500
SRF-II,20180223,1938.95,1940.8,1936.9,1940.8,11,5500
SRF-III,20180223,0,0,0,1936.7,0,0
SRTRANSFIN-I,20180223,1305.2,1343,1303.05,1330.5,2185,2694000
SRTRANSFIN-II,20180223,1318.7,1341,1318.7,1332.8,22,8400
SRTRANSFIN-III,20180223,0,0,0,1323.9,0,0
STAR-I,20180223,689,704.2,685.3,698.65,1348,3891000
STAR-II,20180223,699,704.35,699,704.35,2,31200
STAR-III,20180223,0,0,0,694.55,0,0
SUNPHARMA-I,20180223,555.25,578.9,547.05,574.15,66175,57718100
SUNPHARMA-II,20180223,558.2,581,551.05,577.1,1355,724900
SUNPHARMA-III,20180223,566.95,578.85,559.6,577.2,13,13200
SUNTV-I,20180223,925.95,936.95,911.25,934.1,3486,4056000
SUNTV-II,20180223,922,939.95,917.5,937.6,61,35000
SUNTV-III,20180223,0,0,0,926.1,0,0
SUZLON-I,20180223,12.7,13.2,12.6,13.1,2679,354865000
SUZLON-II,20180223,12.75,13.25,12.7,13.2,66,7595000
SUZLON-III,20180223,12.95,12.95,12.95,12.95,2,70000
SYNDIBANK-I,20180223,60.4,61.85,60.3,61.05,1631,29187000
SYNDIBANK-II,20180223,61.5,62,61.35,61.5,9,270000
SYNDIBANK-III,20180223,0,0,0,60.9,0,0
TATACHEM-I,20180223,702,712.85,700.75,711.65,1371,6292500
TATACHEM-II,20180223,705.4,713,705.4,712.9,15,13500
TATACHEM-III,20180223,0,0,0,710.55,0,0
TATACOMM-I,20180223,626,645.35,621.9,642.05,1399,6992800
TATACOMM-II,20180223,628.95,645.85,628.95,645.6,14,12000
TATACOMM-III,20180223,0,0,0,630,0,0
TATAELXSI-I,20180223,1010.4,1030.85,1006,1027.55,2225,1660800
TATAELXSI-II,20180223,1015,1028.6,1015,1028.6,8,4800
TATAELXSI-III,20180223,0,0,0,1017.45,0,0
TATAGLOBAL-I,20180223,264.6,273,264.6,272,5220,26941500
TATAGLOBAL-II,20180223,267.85,273.6,267.65,273.35,28,135000
TATAGLOBAL-III,20180223,0,0,0,267.3,0,0
TATAMOTORS-I,20180223,361.2,366.9,360.55,362.6,10205,67815000
TATAMOTORS-II,20180223,363.1,368.65,363.1,364.6,160,1063500
TATAMOTORS-III,20180223,367.95,367.95,367.95,367.95,1,1500
TATAMTRDVR-I,20180223,204,206.35,203.7,205.15,1311,29470000
TATAMTRDVR-II,20180223,205,207.1,205,206.25,28,160000
TATAMTRDVR-III,20180223,0,0,0,205.95,0,0
TATAPOWER-I,20180223,85.1,86.65,84.8,86.3,1325,57771000
TATAPOWER-II,20180223,85.6,87,85.6,86.2,21,216000
TATAPOWER-III,20180223,0,0,0,86.6,0,0
TATASTEEL-I,20180223,641.1,678.4,641.05,672.2,31456,31404539
TATASTEEL-II,20180223,646.7,677.7,646.7,672.55,467,379838
TATASTEEL-III,20180223,667,674,666.85,674,3,2122
TCS-I,20180223,3059.25,3091.85,3004.15,3084.55,11200,6958500
TCS-II,20180223,3078.45,3105.45,3020.75,3094.45,85,27500
TCS-III,20180223,3050,3050,3050,3050,2,500
TECHM-I,20180223,607.25,625.45,607.1,623.4,5199,11065200
TECHM-II,20180223,616,627,613.2,625.75,59,80400
TECHM-III,20180223,0,0,0,614.45,0,0
TITAN-I,20180223,824.9,827.45,815.6,820.05,3499,10788000
TITAN-II,20180223,829,829,820,824.35,25,57000
TITAN-III,20180223,0,0,0,833.55,0,0
TORNTPHARM-I,20180223,1338.65,1351.45,1325,1341.55,392,710000
TORNTPHARM-II,20180223,0,0,0,1445.8,0,0
TORNTPHARM-III,20180223,0,0,0,1348.15,0,0
TORNTPOWER-I,20180223,256.25,266.4,256.25,265,1417,3600000
TORNTPOWER-II,20180223,257.9,266.9,257.9,266.9,19,45000
TORNTPOWER-III,20180223,0,0,0,259.35,0,0
TV18BRDCST-I,20180223,56.65,58.8,56.25,58.45,1882,66912000
TV18BRDCST-II,20180223,56.65,59.05,56.65,58.75,28,374000
TV18BRDCST-III,20180223,0,0,0,57.25,0,0
TVSMOTOR-I,20180223,637.65,666.5,635.05,664.15,3715,3624000
TVSMOTOR-II,20180223,645,665,642.4,664.2,14,19000
TVSMOTOR-III,20180223,0,0,0,643.8,0,0
UBL-I,20180223,1058,1089.9,1050.85,1084.8,872,644000
UBL-II,20180223,0,0,0,1134.5,0,3500
UBL-III,20180223,0,0,0,1077.1,0,0
UJJIVAN-I,20180223,350,363,348,361.9,1327,4470400
UJJIVAN-II,20180223,353.5,353.5,353.5,353.5,1,20800
UJJIVAN-III,20180223,0,0,0,352.5,0,0
ULTRACEMCO-I,20180223,4116.2,4149.6,4084,4136.05,1505,1614800
ULTRACEMCO-II,20180223,4110.5,4160,4110,4150.6,11,1800
ULTRACEMCO-III,20180223,0,0,0,4180.3,0,0
UNIONBANK-I,20180223,108.65,109.9,108.05,109.35,2840,26800000
UNIONBANK-II,20180223,109.55,110.25,109,109.95,45,408000
UNIONBANK-III,20180223,0,0,0,109.45,0,0
UPL-I,20180223,682.1,706.3,682.1,703.85,4882,12489600
UPL-II,20180223,690,707.7,689.15,707.05,49,44400
UPL-III,20180223,700.8,700.8,700.8,700.8,1,1200
VEDL-I,20180223,325.75,337.75,322.9,334.75,16698,35787500
VEDL-II,20180223,320.5,332.95,318.45,331.3,592,827750
VEDL-III,20180223,0,0,0,335.1,0,0
VGUARD-I,20180223,224.9,232,223.5,231.05,1063,3021000
VGUARD-II,20180223,224,229.5,222.3,228.85,13,87000
VGUARD-III,20180223,0,0,0,229.95,0,0
VOLTAS-I,20180223,584.1,594.75,578.65,592.7,3652,2717000
VOLTAS-II,20180223,589.4,593.95,583,593.95,9,27000
VOLTAS-III,20180223,0,0,0,592.45,0,0
WIPRO-I,20180223,295.1,297.05,293.85,296.3,1721,29104800
WIPRO-II,20180223,296.1,297.2,295.6,296.85,21,50400
WIPRO-III,20180223,0,0,0,298.4,0,0
WOCKPHARMA-I,20180223,772,798.9,772,791.15,4307,3355200
WOCKPHARMA-II,20180223,779.4,801,779.4,793.9,41,247500
WOCKPHARMA-III,20180223,0,0,0,777.15,0,0
YESBANK-I,20180223,318,327,318,324.65,9963,44009000
YESBANK-II,20180223,321,328.45,319.85,326.1,238,399000
YESBANK-III,20180223,324.6,327.95,322.4,325,12,15750
ZEEL-I,20180223,571.45,576.95,568.4,572.85,1526,6890000
ZEEL-II,20180223,572.05,576.5,571.95,574.95,22,31200
ZEEL-III,20180223,0,0,0,578.2,0,0
