BANKNIFTY-I,20181220,27189.4,27371.55,27155,27340.5,130469,1562680
BANKNIFTY-II,20181220,27358.85,27487.95,27260.35,27458,10249,257840
BANKNIFTY-III,20181220,27383.25,27520.9,27309.95,27496.75,276,9100
NIFTY-I,20181220,10905.5,10991,10891.3,10978.2,131614,21026025
NIFTY-II,20181220,10959.55,11033.45,10937.55,11018,16496,3050325
NIFTY-III,20181220,11000.1,11067,10974,11054.4,794,208350
NIFTYIT-I,20181220,14543,14650,14514,14593,262,17400
NIFTYIT-II,20181220,14606,14697,14606,14656,17,2050
NIFTYIT-III,20181220,0,0,0,14739,0,0
NIFTYMID50-I,20181220,0,0,0,4972,0,591800
ACC-I,20181220,1535,1563,1533.75,1541.15,3529,1362000
ACC-II,20181220,1540.75,1569.3,1540.75,1548.7,200,74000
ACC-III,20181220,0,0,0,1570.65,0,1600
ADANIENT-I,20181220,159.05,163.35,159,159.7,630,20760000
ADANIENT-II,20181220,0,0,0,160.5,165,24248000
ADANIENT-III,20181220,0,0,0,155,0,4000
ADANIPORTS-I,20181220,376.6,377.6,370,376.65,2433,18727500
ADANIPORTS-II,20181220,375.8,379.45,372,378.55,452,1370000
ADANIPORTS-III,20181220,377.5,377.5,377.5,377.5,1,10000
ADANIPOWER-I,20181220,52.2,52.65,51.8,52.15,1815,118340000
ADANIPOWER-II,20181220,52.35,52.5,52.35,52.55,863,33540000
ADANIPOWER-III,20181220,52.9,52.9,52.6,52.85,750,15020000
AJANTPHARM-I,20181220,1110,1159.7,1110,1156.05,1759,519500
AJANTPHARM-II,20181220,1126,1163.95,1121.7,1160.9,201,62500
AJANTPHARM-III,20181220,1140,1160,1140,1160,4,3000
ALBK-I,20181220,48.45,50,45.6,46.6,2495,16280000
ALBK-II,20181220,48.7,49.95,45.8,46.75,544,5538000
ALBK-III,20181220,48.5,48.5,47,47,5,117000
AMARAJABAT-I,20181220,745.35,757,744.55,747.85,1153,1179500
AMARAJABAT-II,20181220,749.55,756.8,745.5,747.1,164,90300
AMARAJABAT-III,20181220,0,0,0,737.65,0,0
AMBUJACEM-I,20181220,224.2,229.55,223.45,225.95,2939,16125000
AMBUJACEM-II,20181220,225.4,230.45,225.4,227.05,295,887500
AMBUJACEM-III,20181220,226.5,226.5,226.5,226.5,1,2500
APOLLOHOSP-I,20181220,1230.2,1276,1230.2,1270.7,2042,947500
APOLLOHOSP-II,20181220,1260,1276.95,1254.65,1275.2,79,37500
APOLLOHOSP-III,20181220,0,0,0,1269.4,0,0
APOLLOTYRE-I,20181220,241,245.35,238.75,240.4,5401,9330000
APOLLOTYRE-II,20181220,242.05,246.15,240.05,241.6,692,1344000
APOLLOTYRE-III,20181220,246.35,246.4,245.35,241.3,6,27000
ARVIND-I,20181220,100,101.2,99.25,99.7,2333,6428000
ARVIND-II,20181220,100.95,101.7,99.75,100.2,307,726000
ARVIND-III,20181220,100.95,100.95,100.9,100.9,2,30000
ASHOKLEY-I,20181220,107.5,109.25,106.05,106.5,5340,57040000
ASHOKLEY-II,20181220,108,109.75,106.65,107.05,780,4460000
ASHOKLEY-III,20181220,109.3,109.95,107.35,107.4,24,536000
ASIANPAINT-I,20181220,1400,1432.5,1395.1,1427.75,5710,4864200
ASIANPAINT-II,20181220,1395.5,1439.3,1395.5,1434.65,642,417600
ASIANPAINT-III,20181220,0,0,0,1411,0,600
AUROPHARMA-I,20181220,727.35,738.45,723.05,728.3,6102,20180000
AUROPHARMA-II,20181220,730.75,741.75,726.45,731.6,1865,2098000
AUROPHARMA-III,20181220,738,744,735.8,735.8,7,17000
AXISBANK-I,20181220,637.85,646.95,630.6,634.9,14228,33616800
AXISBANK-II,20181220,638.8,650,634,638.15,2002,3904800
AXISBANK-III,20181220,640.95,650,638.25,641.2,15,123600
BAJAJ-AUTO-I,20181220,2856.55,2906.55,2837,2895.5,3297,1938500
BAJAJ-AUTO-II,20181220,2877.4,2919.9,2855,2911.5,931,263250
BAJAJ-AUTO-III,20181220,0,0,0,2880.15,0,500
BAJAJFINSV-I,20181220,6360,6438.95,6318,6419.4,2409,601375
BAJAJFINSV-II,20181220,6370.5,6473.85,6366.35,6452.45,293,48500
BAJAJFINSV-III,20181220,0,0,0,6216.75,0,0
BAJFINANCE-I,20181220,2571.65,2617.7,2539.5,2599.05,19269,4611750
BAJFINANCE-II,20181220,2580.3,2630,2549.2,2610.7,5582,1685500
BAJFINANCE-III,20181220,0,0,0,2624.4,0,7250
BALKRISIND-I,20181220,938,969.6,937.7,946.15,6537,2732800
BALKRISIND-II,20181220,944.35,974,944,950.6,492,292800
BALKRISIND-III,20181220,0,0,0,935.7,0,1600
BANKBARODA-I,20181220,115.4,117.15,114,115.1,6866,58232000
BANKBARODA-II,20181220,115.3,117.75,114.6,115.75,1610,7348000
BANKBARODA-III,20181220,115.95,118,115.95,116.35,24,148000
BANKINDIA-I,20181220,97.35,100.4,95.65,97.65,8258,24564000
BANKINDIA-II,20181220,98,100.8,96.25,98.1,941,4116000
BANKINDIA-III,20181220,99.4,100.8,97.4,97.4,12,120000
BATAINDIA-I,20181220,1108.25,1117.05,1101.1,1108.3,2267,1884850
BATAINDIA-II,20181220,1108.95,1114.1,1101.35,1106.55,320,316250
BATAINDIA-III,20181220,0,0,0,1124.45,0,1100
BEL-I,20181220,85.5,90.9,85.5,90.4,5372,35694450
BEL-II,20181220,85.5,90.45,85.5,89.95,823,5772000
BEL-III,20181220,86.15,89.5,86.15,89.4,15,630000
BEML-I,20181220,845.8,923.2,842.4,913,17448,1562500
BEML-II,20181220,855.25,922,852.75,913.45,1031,208600
BEML-III,20181220,886.5,911.15,886.5,911.15,9,4900
BERGEPAINT-I,20181220,338.65,344.9,338.55,340.45,914,2371600
BERGEPAINT-II,20181220,338.45,343.2,338,340.35,99,468600
BERGEPAINT-III,20181220,0,0,0,325.9,0,0
BHARATFIN-I,20181220,1017.25,1026.2,1012,1022.85,2062,4773500
BHARATFIN-II,20181220,1022.3,1030.45,1018.1,1028.6,260,380500
BHARATFIN-III,20181220,0,0,0,1053.55,0,0
BHARATFORG-I,20181220,518.5,531.9,515.1,522.5,4361,10038000
BHARATFORG-II,20181220,520,534.15,520,524.9,824,930000
BHARATFORG-III,20181220,0,0,0,524.45,0,6000
BHARTIARTL-I,20181220,319,322,314.35,316.65,7413,35504500
BHARTIARTL-II,20181220,322.5,322.5,316.1,318.55,3188,6392000
BHARTIARTL-III,20181220,0,0,0,323,0,11900
BHEL-I,20181220,69.6,71.25,69.4,70.9,1697,49312500
BHEL-II,20181220,69.5,71.1,69.5,70.8,560,9052500
BHEL-III,20181220,70.4,70.4,70.3,70.3,4,712500
BIOCON-I,20181220,637.05,651.8,635.15,639.95,5545,5270400
BIOCON-II,20181220,639,654.7,638.5,643.25,800,671400
BIOCON-III,20181220,653.2,661.3,649,649,3,18000
BOSCHLTD-I,20181220,19466.8,19840.4,19275,19694.25,2882,144690
BOSCHLTD-II,20181220,19619,19900,19350,19756.2,185,6690
BOSCHLTD-III,20181220,0,0,0,19110,0,30
BPCL-I,20181220,358,371.9,356.4,370.65,4840,14938200
BPCL-II,20181220,352.55,365.45,351,364.45,504,1625400
BPCL-III,20181220,349.5,358,349.5,358,3,36000
BRITANNIA-I,20181220,3209,3241.75,3166.1,3180.45,2361,2400400
BRITANNIA-II,20181220,3236.3,3253.45,3180.15,3194.9,642,397200
BRITANNIA-III,20181220,3238.8,3238.8,3238.8,3238.8,1,200
CADILAHC-I,20181220,342.25,347,342.25,345.8,1374,8172800
CADILAHC-II,20181220,345,348.65,345,347.35,381,897600
CADILAHC-III,20181220,349.9,349.9,349.9,349.9,1,17600
CANBK-I,20181220,272.9,278.3,266.6,268.95,8565,10424000
CANBK-II,20181220,274.55,279.45,267.95,270.25,1203,1446000
CANBK-III,20181220,278.25,278.25,270,270,5,14000
CANFINHOME-I,20181220,284.5,293.5,284.3,290.05,3244,4281250
CANFINHOME-II,20181220,289.95,294.8,287,291.75,546,639000
CANFINHOME-III,20181220,290,293.55,290,293.55,2,5400
CAPF-I,20181220,588,607.5,581.95,605.45,4191,5693600
CAPF-II,20181220,587.55,607.55,582.6,606.35,394,236700
CAPF-III,20181220,603.05,603.05,603.05,603.05,1,1800
CASTROLIND-I,20181220,154.4,157.1,152.7,156.15,652,6095600
CASTROLIND-II,20181220,155,157.9,153.5,157.05,227,1094800
CASTROLIND-III,20181220,156.15,156.9,156.15,156.9,2,81600
CEATLTD-I,20181220,1351.2,1374.4,1350.35,1355.05,3947,880600
CEATLTD-II,20181220,1347.7,1378,1347.7,1360.95,231,76800
CEATLTD-III,20181220,1374,1379.45,1374,1379.45,2,2000
CENTURYTEX-I,20181220,933.1,950.95,930.5,945.4,2972,4010600
CENTURYTEX-II,20181220,939.05,954.1,935,949.6,1074,540000
CENTURYTEX-III,20181220,942,950,942,950,2,600
CESC-I,20181220,696.65,727.8,696.65,722.4,3041,1480050
CESC-II,20181220,706,730.1,706,726.6,303,99550
CESC-III,20181220,0,0,0,715,0,0
CGPOWER-I,20181220,40.75,41.35,39.8,40.25,901,41412000
CGPOWER-II,20181220,41.2,41.55,40.05,40.45,449,4860000
CGPOWER-III,20181220,41.6,41.6,40.8,40.8,3,24000
CHENNPETRO-I,20181220,280.55,290.75,276.4,289.05,1235,1078500
CHENNPETRO-II,20181220,279.1,291.75,279.1,289.85,103,156600
CHENNPETRO-III,20181220,0,0,0,283.2,0,0
CHOLAFIN-I,20181220,1282.9,1298,1260.75,1265,1387,1184000
CHOLAFIN-II,20181220,1287.15,1297.55,1267.15,1269.1,99,48000
CHOLAFIN-III,20181220,0,0,0,1359.45,0,0
CIPLA-I,20181220,524.2,527.1,517.1,521.75,3939,7776000
CIPLA-II,20181220,529.05,529.05,520,524.55,548,636000
CIPLA-III,20181220,0,0,0,530.2,0,1000
COALINDIA-I,20181220,248.3,254.2,248,250.5,7449,29136800
COALINDIA-II,20181220,243.3,247.65,242.6,245.75,3429,7431600
COALINDIA-III,20181220,244,246,241.65,244.6,74,332200
COLPAL-I,20181220,1328,1334.4,1321.85,1328.1,734,1507800
COLPAL-II,20181220,1318.8,1329.5,1318.8,1326.5,28,74900
COLPAL-III,20181220,0,0,0,1322.95,0,700
CONCOR-I,20181220,670,679,655.1,667.1,2263,3637500
CONCOR-II,20181220,670,678.35,659.1,669.2,281,218750
CONCOR-III,20181220,0,0,0,666.3,0,3750
CUMMINSIND-I,20181220,817,832.5,816.15,830.95,1095,1867600
CUMMINSIND-II,20181220,828.15,836.05,820.1,834.25,110,93100
CUMMINSIND-III,20181220,0,0,0,832.35,0,2800
DABUR-I,20181220,451.2,455,440.5,445.3,3439,9841250
DABUR-II,20181220,456.3,457.15,443.15,447.55,894,1047500
DABUR-III,20181220,0,0,0,422.8,0,0
DCBBANK-I,20181220,163,169,161.7,168.3,1224,3996000
DCBBANK-II,20181220,163.65,169.4,163.05,169,159,661500
DCBBANK-III,20181220,167.65,167.65,167.65,167.65,1,22500
DHFL-I,20181220,223.45,243.15,222.95,239.2,20687,14374500
DHFL-II,20181220,219.35,239.8,218.05,236.25,6976,9381000
DHFL-III,20181220,221.95,236.65,221.95,235.2,62,192000
DISHTV-I,20181220,38.25,39.25,38,39,1729,33568000
DISHTV-II,20181220,38.2,39.25,38.2,39.15,793,26088000
DISHTV-III,20181220,38.55,38.55,38.1,38.1,2,88000
DIVISLAB-I,20181220,1506.9,1525.4,1505.4,1516.1,2713,3458800
DIVISLAB-II,20181220,1516.6,1532.5,1515,1524.3,202,102800
DIVISLAB-III,20181220,1533.6,1533.6,1533.6,1533.6,1,400
DLF-I,20181220,193,194.3,186.75,190.35,10251,25695000
DLF-II,20181220,192.9,194.95,187.8,191.1,1188,1705600
DLF-III,20181220,193,193,190.4,192.3,11,46800
DRREDDY-I,20181220,2609.6,2641.4,2604.5,2636.15,3514,3388500
DRREDDY-II,20181220,2623.85,2654.9,2619.25,2649.2,1081,483000
DRREDDY-III,20181220,2657.95,2657.95,2657.95,2657.95,1,1500
EICHERMOT-I,20181220,23844.7,24238,23743.65,24172.65,2597,235550
EICHERMOT-II,20181220,24000,24365,23945.6,24318.75,368,11950
EICHERMOT-III,20181220,0,0,0,23700,0,75
ENGINERSIN-I,20181220,121.65,125.35,121.65,124.65,1766,5190500
ENGINERSIN-II,20181220,122.2,124.85,121.9,124.4,361,1922900
ENGINERSIN-III,20181220,122.9,125.05,122.9,124.35,7,102500
EQUITAS-I,20181220,119,126.5,119,125.1,3080,8660000
EQUITAS-II,20181220,122,127,122,125.85,220,628000
EQUITAS-III,20181220,123.9,123.9,123.9,123.9,1,20000
ESCORTS-I,20181220,672,697,670.6,693.9,5665,4383500
ESCORTS-II,20181220,675,700.55,675,697.7,536,328900
ESCORTS-III,20181220,698,701,698,701,2,2200
EXIDEIND-I,20181220,269.2,273.8,268.25,271.25,2666,5164000
EXIDEIND-II,20181220,270,274.9,270,272.55,203,322000
EXIDEIND-III,20181220,272.6,272.6,272.6,272.6,1,6000
FEDERALBNK-I,20181220,94.5,96.55,94,95.5,3443,39270000
FEDERALBNK-II,20181220,95.2,96.95,94.45,96,591,3297000
FEDERALBNK-III,20181220,95.8,96.45,95.75,96.45,6,210000
GAIL-I,20181220,356,358.45,352.65,354.6,1817,18143601
GAIL-II,20181220,351.7,354.95,349.4,350.65,268,909447
GAIL-III,20181220,347.7,347.7,347.7,347.7,2,16002
GLENMARK-I,20181220,685.9,692,682.1,688.4,1501,3678000
GLENMARK-II,20181220,688.95,694.05,685.7,691.55,117,240000
GLENMARK-III,20181220,0,0,0,666.6,0,3000
GMRINFRA-I,20181220,16.4,16.6,16.3,16.5,697,158265000
GMRINFRA-II,20181220,16.35,16.7,16.35,16.55,210,27540000
GMRINFRA-III,20181220,16.6,16.6,16.6,16.6,1,180000
GODFRYPHLP-I,20181220,904.5,933,893.2,899.45,1072,522900
GODFRYPHLP-II,20181220,910,935.75,899.3,904.85,94,48300
GODFRYPHLP-III,20181220,0,0,0,951.7,0,0
GODREJCP-I,20181220,832.3,838.45,814,829.15,1915,4494000
GODREJCP-II,20181220,838.75,842.45,818.35,832.95,386,210000
GODREJCP-III,20181220,0,0,0,759.15,0,0
GODREJIND-I,20181220,536.95,545.1,536.95,542.05,345,2031000
GODREJIND-II,20181220,544,546.95,540,546.6,23,112500
GODREJIND-III,20181220,0,0,0,548,0,0
GRASIM-I,20181220,849.8,857.75,828.1,831.6,4693,7934250
GRASIM-II,20181220,854,862,832.8,835.2,1839,1346250
GRASIM-III,20181220,846.25,846.25,837,837,2,5250
GSFC-I,20181220,111.3,114.65,110.9,112.75,1341,15124500
GSFC-II,20181220,112.3,115.25,112.3,113.4,421,1959900
GSFC-III,20181220,113.25,114.9,113.25,114.9,7,103400
HAVELLS-I,20181220,701,710.05,701,707.4,2086,4971000
HAVELLS-II,20181220,707,712.55,704.5,710.2,146,280000
HAVELLS-III,20181220,0,0,0,709,0,2000
HCLTECH-I,20181220,951.3,967.75,951.3,962.75,4604,8983800
HCLTECH-II,20181220,960,969.9,960,965.7,557,1002400
HCLTECH-III,20181220,0,0,0,967,0,4200
HDFC-I,20181220,1967.55,1986,1947.1,1980.7,14947,19669000
HDFC-II,20181220,1971.1,1996,1957.65,1991.5,7908,6292500
HDFC-III,20181220,1982.4,2001.05,1970,2001.05,17,21500
HDFCBANK-I,20181220,2127.75,2144,2108.35,2140.55,19854,11492000
HDFCBANK-II,20181220,2126.2,2152.55,2117.4,2149.1,4036,1684250
HDFCBANK-III,20181220,2138.4,2147.2,2126.35,2147.2,16,7750
HEROMOTOCO-I,20181220,3292.95,3390,3275.65,3372.5,5295,1230400
HEROMOTOCO-II,20181220,3310,3404.95,3294,3389.65,563,116800
HEROMOTOCO-III,20181220,3298.2,3362.95,3263.85,3351.7,33,9800
HEXAWARE-I,20181220,326.85,332.5,320.7,322.75,1419,3010500
HEXAWARE-II,20181220,331.85,333.2,322.05,323.85,206,232500
HEXAWARE-III,20181220,0,0,0,330,0,1500
HINDALCO-I,20181220,223,224.9,220.1,224.25,6912,26649000
HINDALCO-II,20181220,224.1,226,221.25,225.4,1091,3633000
HINDALCO-III,20181220,224,224,224,224,1,21000
HINDPETRO-I,20181220,234.25,246.5,233.3,244.85,7368,18936225
HINDPETRO-II,20181220,232.65,242.45,230,241.05,1520,3320100
HINDPETRO-III,20181220,232,240.15,229,240.1,36,401100
HINDUNILVR-I,20181220,1846.5,1859,1827.35,1841.5,4425,9396000
HINDUNILVR-II,20181220,1849.75,1866.55,1835.85,1849.75,783,1020000
HINDUNILVR-III,20181220,0,0,0,1866,0,13200
HINDZINC-I,20181220,282.55,282.55,275.5,278.75,1199,5177600
HINDZINC-II,20181220,279.25,279.25,274.5,277.7,157,572800
HINDZINC-III,20181220,0,0,0,263.4,0,19200
IBULHSGFIN-I,20181220,835,876,828.9,848.8,32386,19868000
IBULHSGFIN-II,20181220,828.65,871.55,828,845.85,2158,1027000
IBULHSGFIN-III,20181220,845.5,870,844.85,847.55,294,249500
ICICIBANK-I,20181220,363.6,365.85,361.3,363,11814,70160750
ICICIBANK-II,20181220,365.05,367.5,363,364.6,2575,11052250
ICICIBANK-III,20181220,366,366,366,366,3,85250
ICICIPRULI-I,20181220,316,326.6,315.65,324.95,2154,3801200
ICICIPRULI-II,20181220,317.95,327.3,317.95,326.1,419,631500
ICICIPRULI-III,20181220,0,0,0,325.65,0,0
IDBI-I,20181220,62.25,62.3,61.35,61.75,880,35270000
IDBI-II,20181220,62.2,62.5,61.8,62.05,307,3940000
IDBI-III,20181220,62.1,62.1,62.1,62.1,1,110000
IDEA-I,20181220,37.5,38.5,37.25,38.25,3453,98364000
IDEA-II,20181220,37.75,38.7,37.75,38.45,854,44244000
IDEA-III,20181220,38,38.7,38,38.7,4,180000
IDFC-I,20181220,41.6,45.05,41.3,44.1,2835,102616800
IDFC-II,20181220,41.5,45.25,41.5,44.35,482,9966000
IDFC-III,20181220,0,0,0,42.55,1,52800
IDFCBANK-I,20181220,42.5,44.05,42.2,43.85,5182,109538000
IDFCBANK-II,20181220,42.6,44.05,42.25,43.85,1993,39408000
IDFCBANK-III,20181220,42.6,44.1,42.6,44.05,77,1908000
IFCI-I,20181220,14.6,15.2,14.25,14.6,1249,34500000
IFCI-II,20181220,14.6,15.25,14.4,14.7,402,15715000
IFCI-III,20181220,14.65,15.35,14.65,15.35,7,1470000
IGL-I,20181220,263.8,264.9,261.85,264.1,591,5651250
IGL-II,20181220,265,265.7,263.15,265.3,71,346500
IGL-III,20181220,265,265,265,265,1,2750
INDIACEM-I,20181220,97.25,99.8,95.55,97.4,5166,14486500
INDIACEM-II,20181220,98,100.4,96.1,97.85,1093,2668500
INDIACEM-III,20181220,98.2,99.9,97.5,97.5,12,90000
INDIANB-I,20181220,248.8,254.1,245.7,247.2,1991,3952000
INDIANB-II,20181220,251.75,255.45,247,248.3,373,668000
INDIANB-III,20181220,0,0,0,248.1,0,10000
INDIGO-I,20181220,1153,1164.9,1144.5,1157.25,3823,2867400
INDIGO-II,20181220,1150,1167.15,1149.85,1162.1,258,175200
INDIGO-III,20181220,0,0,0,1126.1,0,0
INDUSINDBK-I,20181220,1608.1,1626,1600.1,1620.1,6515,5206800
INDUSINDBK-II,20181220,1614.75,1631.45,1610.65,1626.7,1117,569100
INDUSINDBK-III,20181220,0,0,0,1636.3,0,300
INFIBEAM-I,20181220,47.75,49.85,47.4,48.55,1863,13296000
INFIBEAM-II,20181220,47.2,49.1,47.2,48.1,298,1028000
INFIBEAM-III,20181220,0,0,0,48.5,0,24000
INFRATEL-I,20181220,262.7,264.1,259,262.65,845,8780500
INFRATEL-II,20181220,263,265.5,260.8,264.1,143,574000
INFRATEL-III,20181220,0,0,0,259.3,0,4000
INFY-I,20181220,661.95,673.25,658.3,669.05,16894,37663200
INFY-II,20181220,666.85,676.25,661.25,672.15,5378,7453200
INFY-III,20181220,665.85,677.2,663.95,674.15,45,240000
IOC-I,20181220,138.5,140.95,137.3,140.5,7048,72300000
IOC-II,20181220,138.7,141.25,137.6,140.9,1667,10227000
IOC-III,20181220,138.5,140.5,138.5,140.5,8,318500
IRB-I,20181220,161.7,166.2,161.05,164.85,1955,7477500
IRB-II,20181220,162,166.85,162,165.65,234,640000
IRB-III,20181220,163.5,164.15,163.5,164.15,2,41600
ITC-I,20181220,283,284.65,281.15,283.15,7697,64221600
ITC-II,20181220,283.65,286,282.6,284.65,3646,12715200
ITC-III,20181220,286,287.25,284.6,284.6,7,76800
JETAIRWAYS-I,20181220,232.5,239.4,229,233.6,1228,5185200
JETAIRWAYS-II,20181220,225,228.2,224,226.6,20,701800
JETAIRWAYS-III,20181220,0,0,0,240,0,24200
JINDALSTEL-I,20181220,165.5,168.9,164.65,167.85,4444,23748750
JINDALSTEL-II,20181220,166,169.5,165.5,168.75,414,1768500
JINDALSTEL-III,20181220,167.3,167.3,167.3,167.3,1,47250
JISLJALEQS-I,20181220,66.4,69.8,66.15,69.1,2702,31590000
JISLJALEQS-II,20181220,66.5,70,66.5,69.5,402,4455000
JISLJALEQS-III,20181220,69.9,70,69.9,70,2,54000
JPASSOCIAT-I,20181220,7.2,7.6,7.2,7.5,942,90270000
JPASSOCIAT-II,20181220,7.3,7.7,7.3,7.55,266,26785000
JPASSOCIAT-III,20181220,7.35,7.35,7.35,7.35,1,1045000
JSWSTEEL-I,20181220,308.1,311.8,306.6,309.25,5160,43867500
JSWSTEEL-II,20181220,309.5,313.05,308.1,310.65,1438,5071500
JSWSTEEL-III,20181220,312.05,312.05,312.05,312.05,1,12000
JUBLFOOD-I,20181220,1330.7,1374,1328.4,1357.45,7700,1880000
JUBLFOOD-II,20181220,1330.05,1378.95,1330.05,1361.15,977,275000
JUBLFOOD-III,20181220,1370,1376.8,1370,1370,3,1000
JUSTDIAL-I,20181220,488.5,499.4,488.5,495.25,1343,2051000
JUSTDIAL-II,20181220,490.9,496,489.05,492.4,205,512400
JUSTDIAL-III,20181220,0,0,0,506.2,0,0
KAJARIACER-I,20181220,476.95,494.9,476.95,485.4,1410,1984000
KAJARIACER-II,20181220,483.05,496.55,482.05,487.95,220,274300
KAJARIACER-III,20181220,487.95,487.95,487.95,487.95,2,2600
KOTAKBANK-I,20181220,1222.6,1242.8,1219,1240.3,9047,10306400
KOTAKBANK-II,20181220,1230.7,1247.6,1224.35,1245.8,2086,2256800
KOTAKBANK-III,20181220,1249.5,1251.25,1246.25,1250.65,4,18400
KPIT-I,20181220,230,232.6,225,228.65,3125,4801500
KPIT-II,20181220,233.3,233.3,226.4,230.1,779,1775250
KPIT-III,20181220,0,0,0,213.15,0,0
KSCL-I,20181220,589.5,600,587.95,592.85,977,1189500
KSCL-II,20181220,584.75,591.55,581.75,583.6,74,174000
KSCL-III,20181220,580,580,580,580,2,12000
KTKBANK-I,20181220,110.65,113.35,110.3,111.65,2138,14521500
KTKBANK-II,20181220,112.1,113.9,111.35,112.3,493,1955200
KTKBANK-III,20181220,112.35,112.45,112.35,112.45,2,18800
L&TFH-I,20181220,154.9,158.45,153.75,157.4,4889,13702500
L&TFH-II,20181220,155,159,154.4,157.95,626,6219000
L&TFH-III,20181220,158.45,158.9,157.25,158.5,11,99000
LICHSGFIN-I,20181220,481.5,497.4,481.5,489.75,5659,7877100
LICHSGFIN-II,20181220,485.15,499.5,484.5,492,898,782100
LICHSGFIN-III,20181220,492,494.3,491,492.9,6,14300
LT-I,20181220,1430.7,1455.6,1426.2,1453.75,10332,9159750
LT-II,20181220,1435.8,1463,1433.5,1460.95,1922,1107000
LT-III,20181220,1442.05,1467.5,1442.05,1465.95,48,70500
LUPIN-I,20181220,845,862.35,843.3,858.15,5398,8624700
LUPIN-II,20181220,848,866.5,848,862,569,427700
LUPIN-III,20181220,862.65,870.7,860,866.25,10,13300
M&M-I,20181220,780.4,797.35,779.75,796.2,5786,10635000
M&M-II,20181220,787.95,801,786.7,800,2113,2374000
M&M-III,20181220,796,796,796,796,3,5000
M&MFIN-I,20181220,462.9,478.4,460.1,476.45,2922,11025000
M&MFIN-II,20181220,465.15,480.55,464.5,479.05,470,460000
M&MFIN-III,20181220,0,0,0,449.95,0,0
MANAPPURAM-I,20181220,90.95,93.5,90.25,91.95,1357,11838000
MANAPPURAM-II,20181220,90.45,93.9,90.45,92.45,104,666000
MANAPPURAM-III,20181220,92,92,92,92,1,24000
MARICO-I,20181220,392,396.4,380.55,382.05,2089,8080800
MARICO-II,20181220,392.45,397.95,383,384,374,707200
MARICO-III,20181220,0,0,0,369.5,0,0
MARUTI-I,20181220,7851.55,7924.9,7780.05,7827.5,15903,1962600
MARUTI-II,20181220,7883.35,7960,7824.8,7867.65,1841,185325
MARUTI-III,20181220,7939.3,7980,7881,7881,16,3525
MCDOWELL-N-I,20181220,640.3,650.8,635.3,639.65,2981,10431250
MCDOWELL-N-II,20181220,645,653.7,640.1,643,381,576250
MCDOWELL-N-III,20181220,652.1,652.1,648,648,2,7500
MCX-I,20181220,733.1,738.45,726.75,731.5,770,2317000
MCX-II,20181220,742,742,731,734.95,153,161700
MCX-III,20181220,0,0,0,750.7,0,700
MFSL-I,20181220,436.4,447,436.4,441.95,846,2059200
MFSL-II,20181220,440.1,448.2,439.75,443.7,317,375600
MFSL-III,20181220,0,0,0,445,0,2400
MGL-I,20181220,895.55,896,886.5,890,413,884400
MGL-II,20181220,895.7,895.7,890.35,891.35,57,104400
MGL-III,20181220,0,0,0,895.9,0,1800
MINDTREE-I,20181220,845.05,862,845.05,851.7,3030,2415600
MINDTREE-II,20181220,854.05,863,850,854.7,333,222600
MINDTREE-III,20181220,860.4,867.2,860.4,867.2,3,1800
MOTHERSUMI-I,20181220,172.45,174.1,169.25,171.05,2881,22711200
MOTHERSUMI-II,20181220,171.7,174.7,170.15,171.8,983,2630550
MOTHERSUMI-III,20181220,173.5,173.5,171.7,172,15,48450
MRF-I,20181220,69110,70150,69010,69317.7,2210,20660
MRF-II,20181220,69972.05,70462.75,69430.9,69627.1,1094,11110
MRF-III,20181220,69050.35,69050.35,69050.35,69050.35,1,10
MRPL-I,20181220,74.3,78.7,74.05,77.9,852,4423500
MRPL-II,20181220,74.5,79,74.45,78.3,241,1078000
MRPL-III,20181220,76,77,76,77,2,63000
MUTHOOTFIN-I,20181220,499.95,511.95,499.15,501.55,2525,3043500
MUTHOOTFIN-II,20181220,495,505.5,493.15,497.55,182,424500
MUTHOOTFIN-III,20181220,0,0,0,493.8,0,6000
NATIONALUM-I,20181220,63.35,63.4,59.85,62,2887,24744000
NATIONALUM-II,20181220,62.55,62.6,60,62.05,828,7528000
NATIONALUM-III,20181220,62.35,62.4,61.4,61.65,11,408000
NBCC-I,20181220,58.3,59.2,57.55,58.4,1974,30804000
NBCC-II,20181220,58,59.3,57.65,58.5,445,5744000
NBCC-III,20181220,58.85,59,58,58.5,7,216000
NCC-I,20181220,89.4,90,88.05,89.4,5315,46448000
NCC-II,20181220,90,90.3,88.5,89.85,505,3808000
NCC-III,20181220,89.95,90.85,88,89.8,5,40000
NESTLEIND-I,20181220,11293.4,11440,11201.4,11255.6,1110,268350
NESTLEIND-II,20181220,11351.15,11470,11260,11313,113,8050
NESTLEIND-III,20181220,0,0,0,10806.95,0,0
NHPC-I,20181220,26.15,26.25,26,26.2,220,17415000
NHPC-II,20181220,26.05,26.15,25.85,25.95,94,4725000
NHPC-III,20181220,0,0,0,25.9,0,216000
NIITTECH-I,20181220,1128.1,1151.85,1123.65,1129.9,2451,1454250
NIITTECH-II,20181220,1132.5,1157.5,1132.4,1136.2,474,440250
NIITTECH-III,20181220,0,0,0,1094.5,0,750
NMDC-I,20181220,96.55,98.2,95.55,97.7,1002,17676000
NMDC-II,20181220,96,97.95,95.65,97.55,341,3606000
NMDC-III,20181220,97,97,97,97,1,132000
NTPC-I,20181220,148.5,149.85,146.75,149.4,4032,49324000
NTPC-II,20181220,146.55,148.15,145.45,147.7,759,6576000
NTPC-III,20181220,147,147.2,146,146.6,8,220000
OFSS-I,20181220,3649.95,3748,3646.4,3691.95,347,173850
OFSS-II,20181220,3685,3764.6,3685,3713.75,49,7350
OFSS-III,20181220,0,0,0,3470.05,0,0
OIL-I,20181220,179.25,182.4,178.55,179.15,1426,8725233
OIL-II,20181220,176.3,177.95,174.5,175.05,258,1383393
OIL-III,20181220,172.3,172.3,172.3,172.3,1,37389
ONGC-I,20181220,148.15,150.75,146.9,148.5,8200,58098750
ONGC-II,20181220,146.85,149.25,146.25,147.6,1816,8205000
ONGC-III,20181220,146.9,148.5,146,147.3,24,292500
ORIENTBANK-I,20181220,93.5,96.2,91.1,94,3208,10656000
ORIENTBANK-II,20181220,94.25,96.25,91.55,94.5,682,3094000
ORIENTBANK-III,20181220,95.5,95.5,93.65,93.6,4,70000
PAGEIND-I,20181220,24799.85,25347.15,24720.25,24992.5,2812,131925
PAGEIND-II,20181220,24900,25325,24850,24986.9,170,8850
PAGEIND-III,20181220,0,0,0,24849.5,0,25
PCJEWELLER-I,20181220,83.85,86.35,83.25,84.75,4263,6567000
PCJEWELLER-II,20181220,83.95,85.6,82.85,84.15,259,1839500
PCJEWELLER-III,20181220,82.7,85.1,82.7,83.5,11,169000
PEL-I,20181220,2258.75,2321.2,2255.5,2295.7,3572,2816452
PEL-II,20181220,2285,2330,2276.9,2307.6,391,91204
PEL-III,20181220,0,0,0,2198.8,0,0
PETRONET-I,20181220,223.45,225.5,221.55,222.3,987,11583000
PETRONET-II,20181220,224.65,226.35,222.65,223.1,209,1431000
PETRONET-III,20181220,0,0,0,226.3,0,15000
PFC-I,20181220,96.45,100.35,95.9,98.7,5438,39048000
PFC-II,20181220,95.8,100,95.8,98.4,860,4166400
PFC-III,20181220,98.1,98.4,98.1,98.2,5,217000
PIDILITIND-I,20181220,1197.95,1205.15,1185,1194.75,2313,3007000
PIDILITIND-II,20181220,1193,1207.45,1190.05,1197.55,251,123000
PIDILITIND-III,20181220,0,0,0,1200,0,0
PNB-I,20181220,76.8,78.35,75.75,76.2,10755,93742000
PNB-II,20181220,76.8,78.7,76.2,76.6,1993,19656000
PNB-III,20181220,77.65,79.05,77,77.1,76,1197000
POWERGRID-I,20181220,198.65,198.65,195.3,198.35,1817,38088000
POWERGRID-II,20181220,197.1,197.45,194.4,197.25,838,4732000
POWERGRID-III,20181220,194.1,196.45,194.1,196.45,4,44000
PTC-I,20181220,87,89.9,87,89.3,576,6344000
PTC-II,20181220,88.45,90.1,88.45,89.6,80,608000
PVR-I,20181220,1544,1595.8,1542.25,1578.25,2574,1153600
PVR-II,20181220,1564.95,1604,1564.95,1587.45,527,257600
PVR-III,20181220,1590,1610,1590,1610,2,400
RAMCOCEM-I,20181220,657,672.8,653.75,655.7,394,592800
RAMCOCEM-II,20181220,663.2,672.9,657,658.8,78,71200
RAMCOCEM-III,20181220,0,0,0,611.65,0,800
RAYMOND-I,20181220,849.4,871.65,849.4,862.45,2833,3912000
RAYMOND-II,20181220,855,874.3,855,864.8,163,138400
RAYMOND-III,20181220,0,0,0,783,0,1600
RBLBANK-I,20181220,580.05,588.5,577.95,580.9,2414,6350400
RBLBANK-II,20181220,579.3,587.25,577.5,580,715,1286400
RBLBANK-III,20181220,577,577,577,577,1,12000
RCOM-I,20181220,14.1,14.65,14.1,14.4,2323,74088000
RCOM-II,20181220,14.2,14.75,14.15,14.5,336,19380000
RCOM-III,20181220,14.3,14.9,14.3,14.9,7,238000
RECLTD-I,20181220,106.85,111.2,106.55,110,5038,42696000
RECLTD-II,20181220,106.8,110.9,106.65,109.35,970,6054000
RECLTD-III,20181220,106.15,109.2,106.15,108.8,10,294000
RELCAPITAL-I,20181220,217.5,222.85,216.7,219.55,1365,11026500
RELCAPITAL-II,20181220,221,223.5,220,220.75,227,1237500
RELCAPITAL-III,20181220,0,0,0,221.25,0,25500
RELIANCE-I,20181220,1125.1,1133.9,1117.15,1130.9,37328,35672000
RELIANCE-II,20181220,1134.3,1139.3,1123,1136.75,16844,11386000
RELIANCE-III,20181220,1138.1,1144.4,1130,1141.65,37,83000
RELINFRA-I,20181220,292.95,304.35,292.95,303.65,6565,9421100
RELINFRA-II,20181220,295.65,305.95,295.65,305.25,606,1033500
RELINFRA-III,20181220,301,305.5,301,305.5,2,31200
REPCOHOME-I,20181220,367.3,391.3,366.05,383.3,1988,1695600
REPCOHOME-II,20181220,380.6,391.25,378,385.7,362,238700
REPCOHOME-III,20181220,390,390,385,385,3,7700
RPOWER-I,20181220,28.05,28.2,27.6,28.1,995,35308000
RPOWER-II,20181220,28.25,28.4,27.75,28.3,402,13040000
RPOWER-III,20181220,0,0,0,28.8,0,352000
SAIL-I,20181220,53.95,54.65,53.25,53.45,3234,76008000
SAIL-II,20181220,54.1,54.75,53.4,53.6,732,14808000
SAIL-III,20181220,54.6,54.6,54.1,53.75,5,300000
SBIN-I,20181220,298.5,302.4,293.65,294.9,24279,64317000
SBIN-II,20181220,300.35,303.85,295.25,296.45,5232,17190000
SBIN-III,20181220,302,303.75,297,297.35,21,378000
SHREECEM-I,20181220,17550,17599.95,17380.8,17507.45,357,106350
SHREECEM-II,20181220,17492.9,17554.55,17492.9,17503.35,12,2650
SHREECEM-III,20181220,0,0,0,16714.75,0,0
SIEMENS-I,20181220,1010,1024.8,992,1000.2,2245,1879000
SIEMENS-II,20181220,1012.05,1022.45,991.75,1000.25,464,182600
SIEMENS-III,20181220,0,0,0,925.95,0,1100
SOUTHBANK-I,20181220,15.6,16.1,15.45,15.75,1564,111519465
SOUTHBANK-II,20181220,15.8,16.15,15.55,15.85,543,28302414
SOUTHBANK-III,20181220,16.15,16.15,15.8,16.05,11,861666
SREINFRA-I,20181220,35.4,37.75,35.2,36.4,1331,10318000
SREINFRA-II,20181220,35.65,37.9,35.65,36.65,354,4188000
SREINFRA-III,20181220,37.8,37.8,36.5,36.5,7,36000
SRF-I,20181220,2235.1,2283.9,2229.2,2266.4,1820,560500
SRF-II,20181220,2252,2293,2252,2277.5,176,65000
SRF-III,20181220,0,0,0,2193,0,0
SRTRANSFIN-I,20181220,1272.5,1292.35,1255.9,1271.7,3682,3609600
SRTRANSFIN-II,20181220,1270,1297,1265,1277.9,232,119400
SRTRANSFIN-III,20181220,1296,1296,1296,1296,2,3000
STAR-I,20181220,465.3,475.5,465,471.6,2635,2980000
STAR-II,20181220,468.85,478,468.85,474.4,1124,1114300
STAR-III,20181220,0,0,0,458.55,0,2200
SUNPHARMA-I,20181220,423.55,432,423.55,430.05,14634,50560400
SUNPHARMA-II,20181220,426.8,433.95,425.9,432.2,4917,8582200
SUNPHARMA-III,20181220,432.9,434,429,434,22,143000
SUNTV-I,20181220,593.3,607.8,593.1,598.65,5458,4368000
SUNTV-II,20181220,602,610,600,601.75,2481,2431000
SUNTV-III,20181220,608.3,608.3,604.6,604.6,3,5000
SUZLON-I,20181220,5.45,5.55,5.35,5.55,560,253935000
SUZLON-II,20181220,5.45,5.6,5.4,5.6,259,52212000
SUZLON-III,20181220,5.5,5.65,5.5,5.65,7,1444000
SYNDIBANK-I,20181220,37.5,38.45,37.05,37.45,1674,20682000
SYNDIBANK-II,20181220,37.75,38.5,37.25,37.65,453,6810000
SYNDIBANK-III,20181220,38.15,38.15,38.15,38.15,1,90000
TATACHEM-I,20181220,708.15,727.7,704.9,720.55,1739,2583750
TATACHEM-II,20181220,711.05,730.6,711.05,723.4,203,195000
TATACHEM-III,20181220,0,0,0,712.6,0,0
TATACOMM-I,20181220,545.5,558.5,543.55,547.65,1927,2220800
TATACOMM-II,20181220,548.15,560.65,546.15,549.65,271,186000
TATACOMM-III,20181220,0,0,0,539.7,0,0
TATAELXSI-I,20181220,1006.2,1022.75,1002.95,1012.8,1938,1404400
TATAELXSI-II,20181220,1012.75,1028,1010.8,1018.5,223,146800
TATAELXSI-III,20181220,0,0,0,1018,0,1600
TATAGLOBAL-I,20181220,209.5,213.3,209.2,210.8,1652,12521250
TATAGLOBAL-II,20181220,212,214.15,210.35,212,273,884250
TATAGLOBAL-III,20181220,0,0,0,213.1,0,6750
TATAMOTORS-I,20181220,172.6,177.4,171.7,176.25,17729,49972500
TATAMOTORS-II,20181220,173.1,178.2,172.65,177.05,4718,11488000
TATAMOTORS-III,20181220,174.3,178.85,174.2,177.9,85,524000
TATAMTRDVR-I,20181220,95,97.1,94.4,96.75,2121,23640400
TATAMTRDVR-II,20181220,95.2,97.65,94.9,97.25,701,3606200
TATAMTRDVR-III,20181220,96.4,98,95.7,97.6,14,95000
TATAPOWER-I,20181220,78.15,81,76.85,80.45,1715,45918000
TATAPOWER-II,20181220,78.6,81.3,77.95,80.85,176,2322000
TATAPOWER-III,20181220,0,0,0,76.65,0,0
TATASTEEL-I,20181220,522,527.9,521.35,524.8,13238,26198212
TATASTEEL-II,20181220,526.35,530.3,524.55,527.45,6167,7679518
TATASTEEL-III,20181220,531.55,531.55,527.1,528.25,14,82758
TCS-I,20181220,1961.8,1979.15,1948.1,1960.75,13964,9680250
TCS-II,20181220,1975,1983.65,1956.45,1965.9,6039,1930500
TCS-III,20181220,1970,1976.7,1970,1973.45,12,10000
TECHM-I,20181220,705.1,719,705.1,708.6,3891,11702400
TECHM-II,20181220,704.95,722,704.95,712.45,877,1250400
TECHM-III,20181220,725,725,715,715,5,7200
TITAN-I,20181220,928.95,935.95,925,930.25,4492,12382500
TITAN-II,20181220,933.25,940.55,930,934.8,1650,1675500
TITAN-III,20181220,938.5,941.3,935,940,18,23250
TORNTPHARM-I,20181220,1785.75,1816.2,1765.35,1806.35,902,343500
TORNTPHARM-II,20181220,1781,1816.95,1776.25,1811.8,63,36500
TORNTPHARM-III,20181220,0,0,0,1747.05,0,0
TORNTPOWER-I,20181220,266.4,271.4,264.3,265.55,944,1800000
TORNTPOWER-II,20181220,267,271.7,265.2,266.4,81,189000
TORNTPOWER-III,20181220,0,0,0,262,0,3000
TV18BRDCST-I,20181220,37.3,38.25,36.5,36.8,1622,43486000
TV18BRDCST-II,20181220,37.65,38.5,36.75,37.1,712,13364000
TV18BRDCST-III,20181220,0,0,0,37.9,0,26000
TVSMOTOR-I,20181220,573.05,586,570.7,580.75,3955,7514000
TVSMOTOR-II,20181220,577.85,587,571.95,581.45,315,304000
TVSMOTOR-III,20181220,572.95,572.95,572.95,572.95,1,4000
UBL-I,20181220,1354.65,1389.7,1354.35,1370.85,2910,1951600
UBL-II,20181220,1380,1395,1363.95,1376.45,350,427700
UBL-III,20181220,1400,1400,1384,1384,2,5600
UJJIVAN-I,20181220,251.5,278.75,251.5,275.7,9246,3828800
UJJIVAN-II,20181220,258.8,278.75,258.8,276.05,814,507200
UJJIVAN-III,20181220,269.95,279,269.95,279,5,16000
ULTRACEMCO-I,20181220,4050,4138,4021.25,4057.35,3886,1700400
ULTRACEMCO-II,20181220,4070,4154,4039.95,4073.35,531,162400
ULTRACEMCO-III,20181220,4130.25,4130.25,4130.25,4130.25,1,200
UNIONBANK-I,20181220,82.4,84.7,81.55,82.6,2929,37188000
UNIONBANK-II,20181220,83.5,85.1,82.1,83.05,316,3115000
UNIONBANK-III,20181220,84.4,84.4,84.4,84.4,1,63000
UPL-I,20181220,750,776.5,747.7,773.25,5536,13999200
UPL-II,20181220,756.85,780,755.9,776.8,1432,3920400
UPL-III,20181220,760.4,771.8,760.4,771.8,2,8400
VEDL-I,20181220,204.7,205.4,201.6,203.55,10709,32231500
VEDL-II,20181220,206.6,206.8,202.9,204.6,1811,4986400
VEDL-III,20181220,204.15,206.05,203.6,205.3,40,135700
VGUARD-I,20181220,223,227.25,222.15,225,679,2856000
VGUARD-II,20181220,221.5,224.95,221.5,223.15,104,312000
VGUARD-III,20181220,222.65,222.65,222.65,222.65,1,3000
VOLTAS-I,20181220,570.5,584.2,566.15,579.2,4401,6049000
VOLTAS-II,20181220,566,579,563,575.1,458,1142000
VOLTAS-III,20181220,569,569,569,569,1,4000
WIPRO-I,20181220,339.75,341.5,333.6,334.35,4698,24525600
WIPRO-II,20181220,338.6,340.15,333.5,334.1,2556,4910400
WIPRO-III,20181220,339.45,339.45,336,336,14,45600
WOCKPHARMA-I,20181220,519.15,528.8,513,518.65,1840,3387600
WOCKPHARMA-II,20181220,514.2,530.7,512.7,521.25,272,292500
WOCKPHARMA-III,20181220,0,0,0,523.8,0,5400
YESBANK-I,20181220,179,188.2,178.35,187.45,44362,137063500
YESBANK-II,20181220,180,189.1,179.5,188.3,12016,26027750
YESBANK-III,20181220,181.7,190,181.7,189.4,168,444500
ZEEL-I,20181220,466.75,470.8,458.25,463.8,4863,11615500
ZEEL-II,20181220,469.2,472.1,461.1,466.05,1032,1365000
ZEEL-III,20181220,465.4,465.4,465.4,465.4,1,1300
