BANKNIFTY-I,20180525,25968.95,26292.9,25951.2,26242.35,69939,2812320
BANKNIFTY-II,20180525,26000.55,26324.9,26000.55,26285.65,10810,395880
BANKNIFTY-III,20180525,26044.2,26349.95,26044.2,26314.6,178,13000
FTSE100-I,20180525,0,0,0,7982,0,0
FTSE100-II,20180525,0,0,0,7445,0,0
FTSE100-III,20180525,0,0,0,7881,0,0
FTSE100-IIII,20180525,0,0,0,7867,0,0
FTSE100-IIIII,20180525,0,0,0,7947,0,0
FTSE100-IIIIII,20180525,0,0,0,7674,0,0
NIFTY-I,20180525,10527.75,10637.45,10518.25,10602.4,140510,22137525
NIFTY-II,20180525,10522.6,10650,10522.6,10616.2,32449,2457150
NIFTY-III,20180525,10550,10662.85,10550,10633.3,1225,162975
NIFTYCPSE-I,20180525,0,0,0,2627.4,0,0
NIFTYCPSE-II,20180525,0,0,0,2463.55,0,0
NIFTYCPSE-III,20180525,0,0,0,2439.95,0,0
NIFTYINFRA-I,20180525,0,0,0,3441.1,0,0
NIFTYINFRA-II,20180525,0,0,0,3389.3,0,0
NIFTYINFRA-III,20180525,0,0,0,3500.75,0,0
NIFTYIT-I,20180525,13789,13939,13687,13730,679,38650
NIFTYIT-II,20180525,13880,13996,13699,13725,168,10450
NIFTYIT-III,20180525,0,0,0,14272,0,0
NIFTYMID50-I,20180525,5081.65,5081.65,5081.65,5081.65,1,591800
NIFTYMID50-II,20180525,0,0,0,5065.85,0,0
NIFTYMID50-III,20180525,0,0,0,5465.7,0,0
NIFTYPSE-I,20180525,0,0,0,4077.45,0,0
NIFTYPSE-II,20180525,0,0,0,3915.3,0,0
NIFTYPSE-III,20180525,0,0,0,3893.55,0,0
ACC-I,20180525,1334.1,1334.4,1311.25,1325.3,3151,2766800
ACC-II,20180525,1337,1338.4,1318.05,1331.5,1122,598000
ACC-III,20180525,0,0,0,1338,0,1600
ADANIENT-I,20180525,118.6,125.9,117.9,124.65,3641,11748000
ADANIENT-II,20180525,119.5,125.85,118.75,124.7,622,1280000
ADANIENT-III,20180525,121.95,124.7,121.95,124.7,3,24000
ADANIPORTS-I,20180525,370,382.5,367.1,380.5,3784,17250000
ADANIPORTS-II,20180525,373.6,383.8,369.1,382.25,481,757500
ADANIPORTS-III,20180525,376.5,376.5,376.5,376.5,1,15000
ADANIPOWER-I,20180525,18.9,20.6,18.65,20.1,2138,92720000
ADANIPOWER-II,20180525,18.95,20.7,18.8,20.25,828,20900000
ADANIPOWER-III,20180525,19.05,20.6,19,20.3,6,1020000
AJANTPHARM-I,20180525,986.3,1011.9,975,1000.05,1156,1083500
AJANTPHARM-II,20180525,982,1015,982,1004.45,136,99000
AJANTPHARM-III,20180525,0,0,0,1382,0,0
ALBK-I,20180525,39.25,41.15,39.05,40.8,876,15140000
ALBK-II,20180525,40.25,41.25,40.1,41,204,3820000
ALBK-III,20180525,0,0,0,40.85,0,11000
AMARAJABAT-I,20180525,771.75,790,765.2,786.7,1257,1536500
AMARAJABAT-II,20180525,769.9,786.4,766,782.4,319,192500
AMARAJABAT-III,20180525,0,0,0,854.45,0,0
AMBUJACEM-I,20180525,212.55,214.05,209.5,211.9,1652,13115000
AMBUJACEM-II,20180525,213.5,214.1,210.5,212.85,486,1282500
AMBUJACEM-III,20180525,0,0,0,213.35,0,7500
ANDHRABANK-I,20180525,35.5,36.6,35.4,36.35,1040,21390000
ANDHRABANK-II,20180525,35.85,36.8,35.85,36.6,182,4440000
ANDHRABANK-III,20180525,0,0,0,35.9,0,169000
APOLLOHOSP-I,20180525,974.2,1006,956.05,996.8,1817,895500
APOLLOHOSP-II,20180525,980,1010.55,962.5,1001.1,574,179000
APOLLOHOSP-III,20180525,0,0,0,1095.7,0,0
APOLLOTYRE-I,20180525,274.2,279.9,270.95,279.35,1983,8247000
APOLLOTYRE-II,20180525,273.75,280.75,272.1,280.3,229,693000
APOLLOTYRE-III,20180525,275.9,279,275.9,279,3,12000
ARVIND-I,20180525,383.5,394.4,382,393.05,2512,6402000
ARVIND-II,20180525,385.4,395.5,384,394.65,476,1010000
ARVIND-III,20180525,390.65,396.15,390.65,396.15,2,18000
ASHOKLEY-I,20180525,144.75,146.3,143.55,145.5,4564,58807000
ASHOKLEY-II,20180525,146.05,146.9,144.4,146.1,665,10402000
ASHOKLEY-III,20180525,144.1,146.15,143.9,145.15,29,772000
ASIANPAINT-I,20180525,1300.4,1312.55,1283.5,1294.25,2714,5241600
ASIANPAINT-II,20180525,1301,1311.5,1283,1294.45,631,506400
ASIANPAINT-III,20180525,1303.5,1303.5,1291,1291,4,7200
AUROPHARMA-I,20180525,586.4,599.8,577.45,596.05,7443,19736800
AUROPHARMA-II,20180525,590,601.1,579.5,598.5,1453,2232800
AUROPHARMA-III,20180525,586,586,586,586,1,13000
AXISBANK-I,20180525,535.25,541.85,532.6,538.8,7983,39123600
AXISBANK-II,20180525,539.4,544.15,535.45,541.45,2253,10112400
AXISBANK-III,20180525,542,542,537.5,542,3,64800
BAJAJ-AUTO-I,20180525,2745.85,2779.9,2728.5,2762.5,2290,1890000
BAJAJ-AUTO-II,20180525,2749.5,2791.55,2747.2,2774.95,541,213750
BAJAJ-AUTO-III,20180525,2700,2750.8,2700,2730,21,10250
BAJAJFINSV-I,20180525,5865.85,6073.25,5855,6058.85,4957,645125
BAJAJFINSV-II,20180525,5914.85,6096,5905,6083.8,501,57125
BAJAJFINSV-III,20180525,0,0,0,5852.9,0,250
BAJFINANCE-I,20180525,2110.6,2156.8,2108.5,2121.7,9991,5001000
BAJFINANCE-II,20180525,2125,2165.9,2120.5,2131.15,905,489000
BAJFINANCE-III,20180525,2137.7,2160,2137.7,2160,2,2500
BALKRISIND-I,20180525,1087.75,1098,1066,1093.15,996,1012000
BALKRISIND-II,20180525,1082,1102.4,1071.25,1097.9,262,232800
BALKRISIND-III,20180525,0,0,0,1096.85,0,12800
BALRAMCHIN-I,20180525,70.35,71.5,68.7,70.55,1210,15298500
BALRAMCHIN-II,20180525,69.7,71.9,69,70.95,285,2485000
BALRAMCHIN-III,20180525,70.85,70.85,70.85,70.85,1,28000
BANKBARODA-I,20180525,139.55,143,139.25,141.7,6948,49648000
BANKBARODA-II,20180525,141,143.65,139.95,142.35,952,4884000
BANKBARODA-III,20180525,0,0,0,134.1,0,24000
BANKINDIA-I,20180525,99.7,104,99.5,103.35,5898,22554000
BANKINDIA-II,20180525,100.4,104.35,100,103.85,865,4752000
BANKINDIA-III,20180525,102.15,104.3,102.15,104.3,4,78000
BATAINDIA-I,20180525,753.1,773.5,751.05,765.8,1918,2498100
BATAINDIA-II,20180525,756.75,776.8,756.75,769.4,156,161700
BATAINDIA-III,20180525,0,0,0,794.6,0,0
BEL-I,20180525,116.35,119.45,115.7,118.6,1145,29531700
BEL-II,20180525,116.55,120,116.3,119.15,343,4296600
BEL-III,20180525,118.6,119.7,118.55,118.45,6,123750
BEML-I,20180525,939.45,999,937.3,955.75,4386,1833300
BEML-II,20180525,941.7,1003.85,941.7,960,183,177600
BEML-III,20180525,0,0,0,1129,0,1000
BERGEPAINT-I,20180525,290.5,301.65,288.4,297.2,1551,2103200
BERGEPAINT-II,20180525,290.5,299,286.9,294,228,435600
BERGEPAINT-III,20180525,294.9,294.9,294.9,294.9,1,2200
BHARATFIN-I,20180525,1134,1162.4,1130,1159.05,2760,4873000
BHARATFIN-II,20180525,1139.1,1166.6,1136,1164.1,1105,667500
BHARATFIN-III,20180525,1157.75,1173.95,1157.75,1169,5,8000
BHARATFORG-I,20180525,648.9,670.8,645.35,667.15,3330,7994400
BHARATFORG-II,20180525,652,673.55,649.1,669.6,1170,1664400
BHARATFORG-III,20180525,0,0,0,657.15,0,10800
BHARTIARTL-I,20180525,366.1,380.4,366.1,376.8,6268,38244900
BHARTIARTL-II,20180525,373.8,381.95,369.5,378.5,2108,14035200
BHARTIARTL-III,20180525,374.75,382.6,374.75,378.65,6,49300
BHEL-I,20180525,75.3,75.65,74.75,75.3,1261,41272500
BHEL-II,20180525,75.8,76,75.2,75.7,552,8257500
BHEL-III,20180525,0,0,0,75.7,0,375000
BIOCON-I,20180525,647.6,665.75,639.2,662.35,6539,6195600
BIOCON-II,20180525,648.25,665,640,662.15,1455,1783800
BIOCON-III,20180525,644.1,661.1,644.1,661.1,4,42300
BOSCHLTD-I,20180525,17760,17914.35,17664.2,17851.7,494,142975
BOSCHLTD-II,20180525,17862.75,17944.55,17700,17889.55,177,7625
BOSCHLTD-III,20180525,0,0,0,18300,0,0
BPCL-I,20180525,371.65,384,368.35,382,7016,11669400
BPCL-II,20180525,370.5,382.9,368.05,381.05,773,1652400
BPCL-III,20180525,372.5,382,372.5,381.45,7,21600
BRITANNIA-I,20180525,5721,5848,5709.35,5832.65,1194,738400
BRITANNIA-II,20180525,5750,5872.7,5745.05,5857.05,487,84600
BRITANNIA-III,20180525,5933.95,5934,5878.1,5880,8,1400
CADILAHC-I,20180525,360.25,396.75,351.55,383.35,9642,8027200
CADILAHC-II,20180525,361.8,397.65,354,385,1929,2124800
CADILAHC-III,20180525,381.15,381.15,381.15,381.15,2,8000
CANBK-I,20180525,246,256.5,244.75,253.95,8016,12270400
CANBK-II,20180525,247,257.5,246.05,255.55,1040,1718400
CANBK-III,20180525,251.7,254,251.7,253.55,3,24000
CANFINHOME-I,20180525,354.55,364.65,354.55,361.7,1536,4768750
CANFINHOME-II,20180525,356.5,366.5,356.45,363.3,610,925000
CANFINHOME-III,20180525,366.15,366.15,366.15,366.15,1,12500
CAPF-I,20180525,542.05,560,541.05,557.25,2123,7241600
CAPF-II,20180525,544.9,561.25,543.95,558.4,1086,1271200
CAPF-III,20180525,0,0,0,550.1,0,2400
CASTROLIND-I,20180525,163.5,176.25,163.4,175.7,1642,10567200
CASTROLIND-II,20180525,161.25,177,161.25,176.45,387,1047200
CASTROLIND-III,20180525,0,0,0,195.8,0,0
CEATLTD-I,20180525,1310.35,1366.45,1301.25,1359.35,4231,1733900
CEATLTD-II,20180525,1321.15,1369.75,1308,1362.45,675,235550
CEATLTD-III,20180525,0,0,0,1274.25,0,1050
CENTURYTEX-I,20180525,953,973.7,947.05,952.5,5752,5487350
CENTURYTEX-II,20180525,960.75,977.45,951,957.2,1794,1298000
CENTURYTEX-III,20180525,976.4,976.4,956.7,956.85,18,17600
CESC-I,20180525,1026.7,1052.4,1024.55,1043.05,3317,5304200
CESC-II,20180525,1034.1,1057,1031.85,1047.85,684,1027950
CESC-III,20180525,0,0,0,1025.95,0,550
CGPOWER-I,20180525,72.4,75,72.4,74.3,477,15372000
CGPOWER-II,20180525,72.8,75.25,72.7,74.7,70,1740000
CGPOWER-III,20180525,0,0,0,74,0,48000
CHENNPETRO-I,20180525,269.05,283.5,268,282.1,1376,3510000
CHENNPETRO-II,20180525,269.9,284.3,269.75,282.85,99,136500
CHENNPETRO-III,20180525,0,0,0,295.45,0,6000
CHOLAFIN-I,20180525,1499,1525.05,1497,1512.35,1082,1205500
CHOLAFIN-II,20180525,1504,1530,1504,1518.65,194,86500
CHOLAFIN-III,20180525,0,0,0,1630.75,0,500
CIPLA-I,20180525,534.05,539.1,528.25,537.15,2510,11767000
CIPLA-II,20180525,534.35,541.05,531,540,237,495000
CIPLA-III,20180525,540.25,540.25,538.25,538.25,4,13000
COALINDIA-I,20180525,280,283.3,273.2,276,4369,15283400
COALINDIA-II,20180525,280.2,283.4,273.8,276.4,534,1493800
COALINDIA-III,20180525,282.3,282.3,274.65,274.65,14,61600
COLPAL-I,20180525,1220.55,1260.5,1220.55,1244.9,1341,2272900
COLPAL-II,20180525,1231.5,1256.05,1231.5,1243.65,174,177800
COLPAL-III,20180525,1252.4,1252.4,1202.25,1243.05,3,700
CONCOR-I,20180525,1387,1397.85,1372,1380.55,891,1970000
CONCOR-II,20180525,1400.95,1401,1378.65,1386.95,90,45625
CONCOR-III,20180525,0,0,0,1315.85,0,0
CUMMINSIND-I,20180525,689.7,721.7,689.7,705.05,3145,727800
CUMMINSIND-II,20180525,701.35,722.05,692.75,706.05,330,72600
CUMMINSIND-III,20180525,0,0,0,758.95,0,0
DABUR-I,20180525,371.1,381.15,370.8,379.45,1579,14187500
DABUR-II,20180525,373.8,382.45,373.05,381,273,615000
DABUR-III,20180525,377,377,377,377,4,20000
DALMIABHA-I,20180525,2559,2672.25,2540.35,2657.75,736,601500
DALMIABHA-II,20180525,2595,2680.35,2595,2668.45,166,45900
DALMIABHA-III,20180525,0,0,0,3058.15,0,0
DCBBANK-I,20180525,182.4,185,181.75,184.4,765,7947000
DCBBANK-II,20180525,183.5,185.75,182.75,185.3,127,823500
DCBBANK-III,20180525,0,0,0,184,0,31500
DHFL-I,20180525,604.25,624.2,602.8,615.95,5114,13815000
DHFL-II,20180525,605.4,622.35,604.05,613.6,3945,11553000
DHFL-III,20180525,0,0,0,631.05,0,1500
DISHTV-I,20180525,74.5,75.25,74,75.05,978,47187000
DISHTV-II,20180525,74.85,75.5,74.45,75.4,229,4291000
DISHTV-III,20180525,0,0,0,70.8,0,8000
DIVISLAB-I,20180525,1130,1156,1117.4,1149.6,1198,2567200
DIVISLAB-II,20180525,1133.9,1160.5,1124.15,1154.65,207,387200
DIVISLAB-III,20180525,1128.5,1128.5,1128.5,1128.5,1,3200
DLF-I,20180525,196.8,205.9,196.65,202.8,9556,34945000
DLF-II,20180525,198.25,207,197.8,203.85,1890,6165000
DLF-III,20180525,0,0,0,199,0,35000
DRREDDY-I,20180525,1976.95,1996.15,1964.6,1974.4,3536,4490250
DRREDDY-II,20180525,1992.65,2004.55,1975,1982.4,632,754000
DRREDDY-III,20180525,1995,1995,1972.1,1974.75,11,28250
EICHERMOT-I,20180525,29634.95,30298.4,29634.95,30211.75,1441,186450
EICHERMOT-II,20180525,29910.95,30442.65,29804.35,30349.2,324,11050
EICHERMOT-III,20180525,30250,30569.95,30250,30569.95,2,150
ENGINERSIN-I,20180525,134.75,140.2,134.1,139.3,932,8358000
ENGINERSIN-II,20180525,135.45,141.4,135,139.8,442,2359000
ENGINERSIN-III,20180525,0,0,0,135,0,3500
EQUITAS-I,20180525,156.25,162.35,155.8,159.9,1361,20598400
EQUITAS-II,20180525,156.95,162.9,156.95,160.5,316,1062400
EQUITAS-III,20180525,159.4,161.3,159.4,161.3,2,16000
ESCORTS-I,20180525,893.95,923.45,888.3,919.55,6132,4247100
ESCORTS-II,20180525,898.15,927.3,893,924.05,1045,983400
ESCORTS-III,20180525,0,0,0,890,0,6600
EXIDEIND-I,20180525,244.6,260.55,244.6,258.5,2161,6440000
EXIDEIND-II,20180525,247.25,261.35,247.25,259.45,408,1112000
EXIDEIND-III,20180525,257.95,260,257.95,260,2,8000
FEDERALBNK-I,20180525,82.95,85,82.9,84.65,3646,71984000
FEDERALBNK-II,20180525,83.8,85.5,83.4,85.05,975,9806500
FEDERALBNK-III,20180525,83.75,85,83.7,84.7,111,1072500
GAIL-I,20180525,311.5,323.95,310.5,320.25,6520,14249781
GAIL-II,20180525,313.4,324.95,311.7,321.65,764,864108
GAIL-III,20180525,324.8,324.8,324.8,324.8,1,10668
GLENMARK-I,20180525,529,540.6,522.6,536.35,2093,5250600
GLENMARK-II,20180525,528.05,541.95,525,537.55,546,697500
GLENMARK-III,20180525,537,537,537,537,1,6000
GMRINFRA-I,20180525,17.35,18.05,17.35,17.9,1680,249795000
GMRINFRA-II,20180525,17.45,18.15,17.45,18.1,852,48465000
GMRINFRA-III,20180525,18.05,18.05,18.05,18.05,1,1125000
GODFRYPHLP-I,20180525,766.45,785.9,753.55,779.75,443,545500
GODFRYPHLP-II,20180525,774.4,787,771,782.8,68,62000
GODFRYPHLP-III,20180525,0,0,0,877.85,0,1400
GODREJCP-I,20180525,1120.35,1126.95,1101,1123.05,1122,2110400
GODREJCP-II,20180525,1124.1,1130,1106.5,1127.85,251,176000
GODREJCP-III,20180525,0,0,0,1106,0,0
GODREJIND-I,20180525,546.65,572.5,546.65,567.2,962,2397000
GODREJIND-II,20180525,553,574.75,552.25,569.95,125,162000
GODREJIND-III,20180525,0,0,0,590.9,0,1500
GRANULES-I,20180525,81.3,82.3,77.75,79.8,3959,13905000
GRANULES-II,20180525,80.2,82.6,78.2,80.2,891,2935000
GRANULES-III,20180525,80.75,81.4,80.75,81.4,2,45000
GRASIM-I,20180525,1027.95,1040.9,1008.85,1032,2181,5666250
GRASIM-II,20180525,1020,1045,1014,1036.65,516,449250
GRASIM-III,20180525,1023,1044,1023,1044,2,0
GSFC-I,20180525,112,115.75,112,114.5,1348,16663500
GSFC-II,20180525,113,116.25,112.65,115.05,343,1980000
GSFC-III,20180525,116.8,116.8,116.8,116.8,1,49500
HAVELLS-I,20180525,538.75,545.55,533.55,544.35,1633,4471000
HAVELLS-II,20180525,541,548,538.25,546.7,398,473000
HAVELLS-III,20180525,540.2,544,540.2,544,4,4000
HCC-I,20180525,15.15,15.55,14.9,15.45,815,39015000
HCC-II,20180525,15.15,15.6,15.05,15.55,171,7110000
HCC-III,20180525,15.35,15.5,15.35,15.45,5,270000
HCLTECH-I,20180525,915.7,925,913.5,917,2686,11449900
HCLTECH-II,20180525,918.55,929.35,918.55,921.45,458,797300
HCLTECH-III,20180525,924.4,924.4,924.4,924.4,1,8400
HDFC-I,20180525,1812.05,1830,1801.4,1820.55,8191,15041000
HDFC-II,20180525,1822.75,1838.4,1810.2,1829.2,4527,7942500
HDFC-III,20180525,1815.65,1830.9,1803.25,1820,51,82000
HDFCBANK-I,20180525,1977.2,2004.9,1977.2,1998.2,9853,20424000
HDFCBANK-II,20180525,1984,2007,1984,2000.4,4104,3143500
HDFCBANK-III,20180525,1984.2,2009.1,1984.2,2003,30,507500
HEROMOTOCO-I,20180525,3477.55,3573.95,3468.05,3554.6,2113,1358800
HEROMOTOCO-II,20180525,3489.05,3588.9,3489.05,3570.6,264,83800
HEROMOTOCO-III,20180525,3513.65,3563.65,3513.65,3563.25,8,8200
HEXAWARE-I,20180525,434.65,450.2,434.65,444.6,4192,5628000
HEXAWARE-II,20180525,431.1,441.85,431.1,435.85,602,583500
HEXAWARE-III,20180525,0,0,0,402.45,0,9000
HINDALCO-I,20180525,234.2,245.35,234.2,243.85,11310,36340500
HINDALCO-II,20180525,236.1,246.2,235.9,244.95,1834,3969000
HINDALCO-III,20180525,241,246.6,241,246.6,17,31500
HINDPETRO-I,20180525,286.8,298.25,279,296.2,14188,27770400
HINDPETRO-II,20180525,284.8,296.8,278.1,295.1,2555,5455800
HINDPETRO-III,20180525,285.75,296.4,280.2,295.1,18,77175
HINDUNILVR-I,20180525,1568.1,1595.8,1562.35,1578.9,3514,8895000
HINDUNILVR-II,20180525,1565.7,1590,1558,1574.45,697,509400
HINDUNILVR-III,20180525,0,0,0,1595,0,1200
HINDZINC-I,20180525,285.6,294.5,283.45,291.3,1127,15324800
HINDZINC-II,20180525,285.75,296,285,292.95,409,1225600
HINDZINC-III,20180525,0,0,0,325.6,0,0
IBULHSGFIN-I,20180525,1123.45,1177.05,1116.7,1171.2,9210,13027600
IBULHSGFIN-II,20180525,1127,1182.25,1121.05,1177.6,2437,4012800
IBULHSGFIN-III,20180525,1145,1176.3,1145,1176.3,4,7000
ICICIBANK-I,20180525,297.75,300.3,295.1,296.25,10840,80729000
ICICIBANK-II,20180525,297.95,301.45,296.4,297.75,2646,12738000
ICICIBANK-III,20180525,299,300.95,297.3,298.65,11,253000
ICICIPRULI-I,20180525,405.15,422.75,405.15,421.35,1795,4304300
ICICIPRULI-II,20180525,406,421.55,404.85,419.95,587,715000
ICICIPRULI-III,20180525,410,413,410,413,4,32500
IDBI-I,20180525,67.75,68.25,64,65.15,6897,62220000
IDBI-II,20180525,67.9,68.4,64.3,65.45,1081,5810000
IDBI-III,20180525,67.8,68.25,67.8,68.25,4,180000
IDEA-I,20180525,57.45,61.2,57.05,59.7,8663,127288000
IDEA-II,20180525,57.9,61.45,57.5,59.95,3432,25438000
IDEA-III,20180525,58.6,61.35,58.6,60.1,24,518000
IDFC-I,20180525,49.6,51.4,49.6,51.3,964,143074800
IDFC-II,20180525,49.9,51.6,49.8,51.55,363,19087200
IDFC-III,20180525,50.4,51.4,50.35,51.4,22,963600
IDFCBANK-I,20180525,40,41.15,39.9,41.1,4309,178227000
IDFCBANK-II,20180525,40.1,41.35,40,41.3,2796,45288000
IDFCBANK-III,20180525,40.15,41.3,40.1,41.15,40,3344000
IFCI-I,20180525,16.9,19.7,16.8,18.95,3013,57530000
IFCI-II,20180525,17,19.75,16.9,19.05,628,14036000
IFCI-III,20180525,17.15,19.1,17.15,19.1,6,300000
IGL-I,20180525,255.5,259.8,252.4,257.9,1911,8021750
IGL-II,20180525,255.65,260.9,254,259.1,351,1366750
IGL-III,20180525,0,0,0,264.65,0,22000
INDIACEM-I,20180525,123.25,134.25,123.25,130.55,9467,23254000
INDIACEM-II,20180525,125,134.75,124.1,131.15,1282,3489500
INDIACEM-III,20180525,127.05,133.6,127.05,131.6,13,31500
INDIANB-I,20180525,308.5,319.45,307.8,317.5,2199,2780000
INDIANB-II,20180525,304.6,314.95,304.6,313.35,259,464000
INDIANB-III,20180525,0,0,0,302.4,0,8000
INDIGO-I,20180525,1170,1224.9,1164.05,1216.35,4341,3437400
INDIGO-II,20180525,1178.65,1217.95,1158.8,1207.25,548,215400
INDIGO-III,20180525,0,0,0,1524.8,0,0
INDUSINDBK-I,20180525,1867.95,1914.7,1858.1,1911.4,7404,6246300
INDUSINDBK-II,20180525,1848.25,1898.75,1842.9,1895.25,3794,1884900
INDUSINDBK-III,20180525,1874,1881.8,1874,1881.8,11,13800
INFIBEAM-I,20180525,165.05,165.4,164.2,164.6,1546,21896000
INFIBEAM-II,20180525,165,165,164.05,164.3,1212,11212000
INFIBEAM-III,20180525,164.8,164.8,164.8,164.8,2,28000
INFRATEL-I,20180525,318.15,318.15,312.7,315.75,1173,6397100
INFRATEL-II,20180525,314.5,315.05,311.4,314,232,759900
INFRATEL-III,20180525,307.45,307.45,303.15,306,16,62900
INFY-I,20180525,1232.15,1249,1221.25,1228.5,16334,29617800
INFY-II,20180525,1206,1220.9,1194.05,1200.5,4313,8391600
INFY-III,20180525,1215,1225,1205.35,1205.85,18,44400
IOC-I,20180525,157.1,164.1,156.55,163.55,7391,37347000
IOC-II,20180525,157.85,164.7,157.15,164.05,1317,7494000
IOC-III,20180525,158.8,165.2,158.6,164.5,30,84000
IRB-I,20180525,232,239.4,231.9,236.35,2051,17710000
IRB-II,20180525,233.9,240.35,233.5,237.7,589,2667500
IRB-III,20180525,0,0,0,266.75,0,0
ITC-I,20180525,271.75,275,269.25,272.7,6261,50380800
ITC-II,20180525,272.8,276.2,270.5,274,1777,35220000
ITC-III,20180525,272.1,277,272.1,275.8,14,228000
JETAIRWAYS-I,20180525,393,411.2,384.6,406.55,2424,6372000
JETAIRWAYS-II,20180525,397,411.95,387,409.4,271,771600
JETAIRWAYS-III,20180525,0,0,0,395,0,3600
JINDALSTEL-I,20180525,230.55,237.65,228.6,235.6,9264,29189250
JINDALSTEL-II,20180525,230.9,238.75,229.8,236.55,1135,3548250
JINDALSTEL-III,20180525,233.05,239.4,233.05,237.25,7,112500
JISLJALEQS-I,20180525,97.55,105.35,97.55,104,1816,32490000
JISLJALEQS-II,20180525,98.7,105.75,98.7,104.45,385,7695000
JISLJALEQS-III,20180525,100,105.5,100,105.5,2,27000
JPASSOCIAT-I,20180525,15.8,16.4,15.4,16.2,1059,179792000
JPASSOCIAT-II,20180525,15.8,16.45,15.55,16.35,298,25024000
JPASSOCIAT-III,20180525,15.9,15.9,15.7,15.7,2,476000
JSWSTEEL-I,20180525,315.75,327.45,314.1,326.2,9919,44127000
JSWSTEEL-II,20180525,316.5,328.65,316.05,327.85,4467,22002000
JSWSTEEL-III,20180525,316.7,327.1,316.7,326.95,4,72000
JUBLFOOD-I,20180525,2669.95,2697,2656,2668.9,8216,2299250
JUBLFOOD-II,20180525,2679,2706.4,2670,2681.9,1046,307500
JUBLFOOD-III,20180525,2700,2700,2694,2697.9,6,6750
JUSTDIAL-I,20180525,462.25,512.8,456,508,8731,4018000
JUSTDIAL-II,20180525,458.55,503.7,452.1,500.9,879,565600
JUSTDIAL-III,20180525,478,495,478,497.95,3,5600
KAJARIACER-I,20180525,544.05,553,544.05,549.8,650,1544800
KAJARIACER-II,20180525,549.75,556.25,549.7,552.1,202,165600
KAJARIACER-III,20180525,552.5,552.5,552.5,552.5,1,1000
KOTAKBANK-I,20180525,1278.95,1305,1272.05,1295.25,5846,13735200
KOTAKBANK-II,20180525,1279.55,1309.35,1277.75,1299.95,1613,2230400
KOTAKBANK-III,20180525,1290.95,1290.95,1290.9,1290.9,2,5600
KPIT-I,20180525,271.95,278,270.35,271.9,3802,8172000
KPIT-II,20180525,274.2,279,271.95,273.15,443,2038500
KPIT-III,20180525,0,0,0,259.55,0,31500
KSCL-I,20180525,511.15,522.65,486.2,512.55,3161,2040000
KSCL-II,20180525,513,522.6,487.5,513.25,574,378000
KSCL-III,20180525,509,509,492,502,7,13500
KTKBANK-I,20180525,115.45,119.5,115.45,119,1266,22974800
KTKBANK-II,20180525,116.05,120,116.05,119.55,466,2933600
KTKBANK-III,20180525,115.85,117.65,115.85,117.65,8,265500
L&TFH-I,20180525,163.45,169.4,163.05,168.65,3176,28498500
L&TFH-II,20180525,164.25,170,163.8,169.45,771,4063500
L&TFH-III,20180525,166.15,168.7,165.5,167.5,11,85500
LICHSGFIN-I,20180525,471.9,486.4,470.7,483.65,3332,12830400
LICHSGFIN-II,20180525,475,488.1,474.15,486,1146,2239600
LICHSGFIN-III,20180525,477.65,489,477.65,488.65,11,28600
LT-I,20180525,1343.8,1349.75,1334.15,1344.7,4642,12684750
LT-II,20180525,1347.9,1355.25,1340.1,1350.1,786,707250
LT-III,20180525,1357,1357,1356,1356,2,17250
LUPIN-I,20180525,743.75,749.45,734,746.9,4828,13027200
LUPIN-II,20180525,747.5,752.6,738,750.25,1317,1336200
LUPIN-III,20180525,740,754.05,740,751.9,17,79800
M&M-I,20180525,845.95,861.9,845.3,858.6,3716,12168000
M&M-II,20180525,851.75,865.75,851.75,863,1268,2703000
M&M-III,20180525,853,863.7,853,863.7,3,30000
M&MFIN-I,20180525,456.95,477.9,456,474.65,4137,9328750
M&MFIN-II,20180525,462.25,480,461.1,477.4,391,447500
M&MFIN-III,20180525,464.5,468.9,464.5,468.9,2,2500
MANAPPURAM-I,20180525,106.75,107.95,104.8,105.8,1420,18288000
MANAPPURAM-II,20180525,107.1,108.35,105.4,106.2,367,2610000
MANAPPURAM-III,20180525,108,108.7,106.8,106.8,6,66000
MARICO-I,20180525,316.45,320.6,315.2,318.85,419,5137600
MARICO-II,20180525,318.7,321.1,316.65,319.9,120,416000
MARICO-III,20180525,0,0,0,317.95,0,2600
MARUTI-I,20180525,8435.05,8594,8413.5,8570.3,10061,2463225
MARUTI-II,20180525,8504.2,8630.7,8458.4,8610.9,1751,385425
MARUTI-III,20180525,8540,8666,8540,8666,19,6825
MCDOWELL-N-I,20180525,3188.05,3345.25,3167,3258.05,19887,2250750
MCDOWELL-N-II,20180525,3225,3359.5,3182.4,3274.2,2522,370750
MCDOWELL-N-III,20180525,0,0,0,3200,0,500
MCX-I,20180525,738,836,738,820.55,16508,3411500
MCX-II,20180525,764.65,839.2,744,823.9,1881,342000
MCX-III,20180525,762.4,825.85,750,825.85,28,10500
MFSL-I,20180525,457.05,477.95,457.05,475.8,1195,2702000
MFSL-II,20180525,462.95,479.25,462.6,478.3,289,341000
MFSL-III,20180525,0,0,0,515.7,0,0
MGL-I,20180525,791,800.7,786,793.05,593,2457600
MGL-II,20180525,793.25,802.6,793.25,797.4,175,210000
MGL-III,20180525,0,0,0,808,0,6600
MINDTREE-I,20180525,1042.6,1054,1022.25,1026.2,3811,3775200
MINDTREE-II,20180525,1044,1054,1021,1027.15,425,350400
MINDTREE-III,20180525,1031.8,1031.8,1031.8,1031.8,1,4800
MOTHERSUMI-I,20180525,304.5,313.8,297.15,312.8,4255,12812800
MOTHERSUMI-II,20180525,305,315.15,298.8,314.25,975,1244800
MOTHERSUMI-III,20180525,314,315.05,314,315.05,4,12800
MRF-I,20180525,73898,74498.15,73710.05,74095.05,386,31320
MRF-II,20180525,74400,74757.95,74276.2,74438.45,83,1770
MRF-III,20180525,0,0,0,77844.5,0,0
MRPL-I,20180525,95.5,99.4,94.1,98.15,1371,4720500
MRPL-II,20180525,96.15,99.55,94,97.5,409,603000
MRPL-III,20180525,94.1,94.9,94.1,94.9,2,27000
MUTHOOTFIN-I,20180525,397.5,403.8,397.5,400.4,829,1965000
MUTHOOTFIN-II,20180525,399.55,405.35,399.55,402.55,86,196500
MUTHOOTFIN-III,20180525,405,405,405,405,1,1500
NATIONALUM-I,20180525,71,73.55,70.95,73.3,1259,49848000
NATIONALUM-II,20180525,71.5,73.95,71.35,73.65,386,4216000
NATIONALUM-III,20180525,0,0,0,72.8,0,32000
NBCC-I,20180525,95.5,98.65,94.95,98.2,1477,16632000
NBCC-II,20180525,96,99.15,95.5,98.7,392,2526000
NBCC-III,20180525,0,0,0,94.8,0,72000
NCC-I,20180525,115.75,120.15,115.55,118.9,7632,34048000
NCC-II,20180525,116.85,120.5,116.1,119.5,968,5304000
NCC-III,20180525,119.15,120.5,117.9,120.05,45,232000
NESTLEIND-I,20180525,9703.35,9825,9650,9755.75,587,285700
NESTLEIND-II,20180525,9717.3,9860,9692.15,9802.45,117,17100
NESTLEIND-III,20180525,0,0,0,9200.8,0,0
NHPC-I,20180525,26.55,27.4,26.5,27.2,534,23490000
NHPC-II,20180525,26.7,27.45,26.7,27.3,112,4509000
NHPC-III,20180525,27.15,27.15,27.15,27.15,1,108000
NIITTECH-I,20180525,1094.2,1138.45,1092.35,1123.55,8735,1729500
NIITTECH-II,20180525,1095.4,1138.05,1095.4,1122.45,684,189000
NIITTECH-III,20180525,1112.6,1120.15,1112.6,1120.15,2,2250
NMDC-I,20180525,115.1,117.7,114.55,117,868,23586000
NMDC-II,20180525,114.95,118.3,114.95,117.45,274,4020000
NMDC-III,20180525,0,0,0,117.45,2,192000
NTPC-I,20180525,166,168.2,165.5,165.75,1679,41372000
NTPC-II,20180525,167,168.7,166.05,166.2,382,1708000
NTPC-III,20180525,0,0,0,175,0,0
OFSS-I,20180525,3881.95,3899,3856.95,3867.7,153,144000
OFSS-II,20180525,3905.95,3907.35,3865,3876.8,15,2700
OFSS-III,20180525,0,0,0,4261.95,0,0
OIL-I,20180525,211,219.25,209.5,218.05,721,2865357
OIL-II,20180525,210.9,218.65,209.55,217.85,176,550638
OIL-III,20180525,0,0,0,239.25,0,0
ONGC-I,20180525,165.65,176.25,163.35,175.6,5471,38430000
ONGC-II,20180525,166.65,176.85,164.2,176.15,1158,4650000
ONGC-III,20180525,168.05,177.5,168.05,177.2,18,112500
ORIENTBANK-I,20180525,79.05,79.65,77.05,79,1561,13578000
ORIENTBANK-II,20180525,77.6,79.95,77.6,79.3,410,3054000
ORIENTBANK-III,20180525,0,0,0,79.3,0,48000
PAGEIND-I,20180525,23439.8,24970,23340,24600.05,4955,58775
PAGEIND-II,20180525,23679.95,25070,23679.95,24754,461,8275
PAGEIND-III,20180525,0,0,0,24360.2,0,0
PCJEWELLER-I,20180525,193.1,198.8,186.5,192.95,6353,6771000
PCJEWELLER-II,20180525,189,200.6,187.3,194,510,1176000
PCJEWELLER-III,20180525,190.95,194,189.95,190.15,12,186000
PEL-I,20180525,2419.65,2440,2358,2417.75,1275,2072928
PEL-II,20180525,2425,2448,2370,2430.6,381,121706
PEL-III,20180525,0,0,0,2571.85,0,302
PETRONET-I,20180525,212.55,213.5,203.4,210.85,1767,23148000
PETRONET-II,20180525,210.4,214.5,204.6,211.9,367,1458000
PETRONET-III,20180525,207.95,212.75,207.95,212.75,5,105000
PFC-I,20180525,75.75,78.75,73.9,75.75,12994,79830000
PFC-II,20180525,76.1,79,74.3,76.15,2657,15540000
PFC-III,20180525,75.95,78.5,75.1,76.5,15,174000
PIDILITIND-I,20180525,1072.05,1148.85,1047.7,1140.7,8001,2127000
PIDILITIND-II,20180525,1074.6,1143.35,1044.65,1135.1,924,321000
PIDILITIND-III,20180525,1133.05,1133.05,1133,1133,3,3000
PNB-I,20180525,81.9,84.85,81.5,83.65,7786,64772000
PNB-II,20180525,82.25,85.35,82,84,2061,12972000
PNB-III,20180525,83.2,85.35,83.2,83.85,21,627000
POWERGRID-I,20180525,211.65,213,211.4,212.4,2422,31824000
POWERGRID-II,20180525,212.95,213.4,212.4,212.65,203,1388000
POWERGRID-III,20180525,213.6,213.6,213.6,213.6,1,20000
PTC-I,20180525,81.3,84.65,81.3,83.9,820,25504000
PTC-II,20180525,82.1,84.95,82.05,84.4,171,2184000
PTC-III,20180525,85.2,85.35,85.2,85.35,2,96000
PVR-I,20180525,1339.95,1375,1335.95,1347.95,426,973200
PVR-II,20180525,1341.75,1377.15,1341.75,1354.6,105,128800
PVR-III,20180525,0,0,0,1443.2,0,400
RAMCOCEM-I,20180525,792.6,796.9,784,788,518,1053600
RAMCOCEM-II,20180525,791.95,791.95,781,785.65,101,164000
RAMCOCEM-III,20180525,0,0,0,824.3,0,0
RAYMOND-I,20180525,1001.95,1041,999,1032.05,1774,4802400
RAYMOND-II,20180525,1006.85,1045,1004.35,1036.7,416,356000
RAYMOND-III,20180525,1039.8,1039.8,1039.8,1039.8,1,4800
RBLBANK-I,20180525,494.75,518.45,494.75,516.7,1746,3546000
RBLBANK-II,20180525,498.1,518.85,498.1,517.5,427,456000
RBLBANK-III,20180525,508.25,517.45,508.25,517.4,4,4800
RCOM-I,20180525,14.1,14.75,13.85,14.45,566,74676000
RCOM-II,20180525,14.3,14.55,14.3,14.5,101,10612000
RCOM-III,20180525,0,0,0,14.55,0,840000
RECLTD-I,20180525,114.1,116.7,112,113.65,3855,33540000
RECLTD-II,20180525,114.2,117,112.6,114.25,684,6306000
RECLTD-III,20180525,114,116.6,114,114.7,8,324000
RELCAPITAL-I,20180525,382.45,402.35,379,396.55,9573,10083000
RELCAPITAL-II,20180525,383.25,403.75,381.1,398.2,1638,1368000
RELCAPITAL-III,20180525,391.4,400,391.4,400,5,45000
RELIANCE-I,20180525,918.1,924.95,914.6,922.6,13210,43347000
RELIANCE-II,20180525,918,926.65,917.15,924.5,2717,5525000
RELIANCE-III,20180525,923.4,928.8,923.4,926.9,45,232000
RELINFRA-I,20180525,405.2,424.8,404.5,419.05,6221,7662200
RELINFRA-II,20180525,406,425.6,405.4,420.35,728,1660100
RELINFRA-III,20180525,408,424.5,408,424.5,2,23400
REPCOHOME-I,20180525,565.05,575.95,550,573.2,423,585900
REPCOHOME-II,20180525,566.45,574.75,555.1,571.5,35,27900
REPCOHOME-III,20180525,0,0,0,605.7,0,0
RNAVAL-I,20180525,14.05,14.5,13.75,14.1,851,34092000
RNAVAL-II,20180525,14,14.5,13.85,14.15,203,4005000
RPOWER-I,20180525,33.1,35.15,33,34.75,1636,49387000
RPOWER-II,20180525,33.55,35.3,33.2,35,423,12636000
RPOWER-III,20180525,34,35.4,33.8,35.1,7,533000
SAIL-I,20180525,70.5,73.25,70.2,72.75,4020,84924000
SAIL-II,20180525,71,73.5,70.55,73.1,837,13020000
SAIL-III,20180525,71.05,73.8,71.05,73.45,15,528000
SBIN-I,20180525,268.4,269,263.2,267.65,18106,73104000
SBIN-II,20180525,268.75,270.15,264.5,268.85,2896,15279000
SBIN-III,20180525,268.8,271,265.7,270.3,44,441000
SHREECEM-I,20180525,16150.05,16300,16080,16217.5,216,65000
SHREECEM-II,20180525,16225,16340,16150,16281.35,37,4900
SHREECEM-III,20180525,0,0,0,17528.05,0,0
SIEMENS-I,20180525,1027,1053.5,1023.65,1049.65,777,1295500
SIEMENS-II,20180525,1030.2,1058.3,1030.2,1053.7,90,104500
SIEMENS-III,20180525,0,0,0,1029.45,0,500
SOUTHBANK-I,20180525,24.25,24.6,24.1,24.5,611,142937133
SOUTHBANK-II,20180525,24.7,24.7,24.3,24.65,254,29130939
SOUTHBANK-III,20180525,24.25,24.45,24.05,24.35,17,3446664
SREINFRA-I,20180525,72.3,75.25,71.85,74.4,634,17240000
SREINFRA-II,20180525,72.5,75.55,72.4,74.85,115,1310000
SREINFRA-III,20180525,74.95,74.95,74.95,74.95,1,294000
SRF-I,20180525,1805.15,1928.8,1801.9,1872.9,4374,561000
SRF-II,20180525,1822,1929.25,1812,1876.3,365,76500
SRF-III,20180525,0,0,0,1816.95,0,1000
SRTRANSFIN-I,20180525,1471.45,1509.4,1471.45,1502.25,2362,3051000
SRTRANSFIN-II,20180525,1498.35,1515,1486.55,1508.45,586,508800
SRTRANSFIN-III,20180525,1493.6,1506,1493.6,1506,3,3000
STAR-I,20180525,419.95,423.3,407.6,417.75,2998,2285400
STAR-II,20180525,424,424,410,418.9,443,616200
STAR-III,20180525,0,0,0,418,0,6400
SUNPHARMA-I,20180525,465.2,469.95,456.45,467.6,13573,43984600
SUNPHARMA-II,20180525,467.5,471.95,459,469.35,4924,14186700
SUNPHARMA-III,20180525,465.95,473,462.95,472.1,26,78100
SUNTV-I,20180525,936.95,959.35,932.15,952.1,3385,5807000
SUNTV-II,20180525,942.8,963,937.15,956.45,242,280000
SUNTV-III,20180525,963.3,963.3,956.1,956.15,3,4000
SUZLON-I,20180525,9.05,9.2,8.95,9.1,907,249690000
SUZLON-II,20180525,9.1,9.25,9.05,9.15,610,70245000
SUZLON-III,20180525,9.25,9.3,9.2,9.25,13,5355000
SYNDIBANK-I,20180525,46.7,48.25,46.7,47.8,1039,27549000
SYNDIBANK-II,20180525,47.2,48.4,47.1,48.1,327,4500000
SYNDIBANK-III,20180525,0,0,0,44.7,0,18000
TATACHEM-I,20180525,721.9,743.5,720.5,734.75,2713,4369500
TATACHEM-II,20180525,725.4,746.8,725.4,738.45,417,380250
TATACHEM-III,20180525,712.4,719,712.4,719,2,24750
TATACOMM-I,20180525,617.8,635,616,633.95,1106,5780000
TATACOMM-II,20180525,620.5,637.85,619,636.35,137,148000
TATACOMM-III,20180525,0,0,0,622,0,800
TATAELXSI-I,20180525,1203.45,1243.05,1197.5,1231.85,4476,1913600
TATAELXSI-II,20180525,1204.8,1247,1201.25,1236.75,447,171200
TATAELXSI-III,20180525,0,0,0,1215.5,0,7200
TATAGLOBAL-I,20180525,254.4,258.5,252.1,257.5,3443,18038250
TATAGLOBAL-II,20180525,253.75,257.4,251.2,256.25,776,4164750
TATAGLOBAL-III,20180525,256.2,256.5,256.2,256.5,3,67500
TATAMOTORS-I,20180525,292.95,297.6,286.65,294.45,19984,72294000
TATAMOTORS-II,20180525,291.5,298.7,288.35,295.7,6439,19159500
TATAMOTORS-III,20180525,294,299.65,290.3,297.1,118,526500
TATAMTRDVR-I,20180525,169.3,173,165.65,171.95,3825,22820000
TATAMTRDVR-II,20180525,169.5,173.75,166.75,172.85,1034,4132500
TATAMTRDVR-III,20180525,170.6,174.05,170.6,174.05,4,56000
TATAPOWER-I,20180525,76.45,81.65,76.1,81.15,1527,41427000
TATAPOWER-II,20180525,76.85,81.95,76.75,81.5,407,4068000
TATAPOWER-III,20180525,77,80.5,77,80.05,6,252000
TATASTEEL-I,20180525,552,571.9,552,568.5,18846,20475178
TATASTEEL-II,20180525,556.1,574.5,555.55,571.1,3307,5417466
TATASTEEL-III,20180525,551,567,549,564.05,51,335276
TCS-I,20180525,3654.9,3654.9,3541,3554.6,10881,5011000
TCS-II,20180525,3614.95,3649,3551,3563.65,2415,1017500
TCS-III,20180525,3643.95,3652,3590.3,3590.3,12,8500
TECHM-I,20180525,714.85,718.9,698.05,703.85,6849,13422000
TECHM-II,20180525,718,722,701.45,707.25,769,1111200
TECHM-III,20180525,715.65,718.5,699.4,703.35,27,91200
TITAN-I,20180525,922.05,940.75,916.2,927.25,6884,10065750
TITAN-II,20180525,924.2,945,920.9,931.7,2413,3244500
TITAN-III,20180525,933.5,933.5,933.5,933.5,1,16500
TORNTPHARM-I,20180525,1311.7,1353,1311.5,1323.6,424,413500
TORNTPHARM-II,20180525,1333,1350,1319.95,1325.75,64,22500
TORNTPHARM-III,20180525,0,0,0,1420.1,0,0
TORNTPOWER-I,20180525,217.2,232,216.5,230.8,737,3552000
TORNTPOWER-II,20180525,217.7,230.75,217.7,230,129,423000
TORNTPOWER-III,20180525,0,0,0,241.8,0,0
TV18BRDCST-I,20180525,53.45,56.4,53.2,55.6,1596,77248000
TV18BRDCST-II,20180525,53.85,56.6,53.5,55.85,777,14373500
TV18BRDCST-III,20180525,55.4,55.4,55.4,55.4,1,93500
TVSMOTOR-I,20180525,543.9,569.85,538.05,565.1,3976,4714000
TVSMOTOR-II,20180525,545,571,540.1,566.1,624,625000
TVSMOTOR-III,20180525,553.5,558,553.45,558,3,8000
UBL-I,20180525,1224.8,1269,1171.75,1187.85,11614,1238300
UBL-II,20180525,1234.4,1273.95,1177,1192.95,957,139300
UBL-III,20180525,0,0,0,1093.25,0,0
UJJIVAN-I,20180525,372.15,388.45,372.15,387.75,1359,5900800
UJJIVAN-II,20180525,380.2,390.25,377.95,389.6,354,512000
UJJIVAN-III,20180525,380,380,380,380,1,12800
ULTRACEMCO-I,20180525,3689,3711.7,3668,3695.8,1545,1881400
ULTRACEMCO-II,20180525,3697.5,3723.15,3684.6,3709.75,563,191800
ULTRACEMCO-III,20180525,0,0,0,4000,0,200
UNIONBANK-I,20180525,87.25,90.2,86.95,89.5,3623,30468000
UNIONBANK-II,20180525,87.9,90.5,87.5,90.1,825,4700000
UNIONBANK-III,20180525,88.7,90.95,88.2,90.95,6,162000
UPL-I,20180525,695,702.8,689.8,698.8,2364,11547600
UPL-II,20180525,696.7,702.8,690.8,699.3,631,1251600
UPL-III,20180525,0,0,0,692.3,0,25200
VEDL-I,20180525,248.6,257.3,241.7,252.35,26977,35012250
VEDL-II,20180525,248.7,258.3,242.9,253.35,6170,11992750
VEDL-III,20180525,248,257.9,245,254.1,67,129500
VGUARD-I,20180525,227.15,228.35,225.05,226.6,594,2652000
VGUARD-II,20180525,226.95,227.95,224.85,226.35,108,411000
VGUARD-III,20180525,0,0,0,241.95,0,0
VOLTAS-I,20180525,534.75,541,528.15,539.45,2911,3728000
VOLTAS-II,20180525,536,542.75,530.5,541.5,495,577000
VOLTAS-III,20180525,541.85,542,541.8,542,4,10000
WIPRO-I,20180525,266.25,266.7,264.5,265.5,2386,28756800
WIPRO-II,20180525,267,267.3,265.45,266.3,602,2222400
WIPRO-III,20180525,0,0,0,266,0,12000
WOCKPHARMA-I,20180525,667,686.75,656.5,683.6,2677,2727000
WOCKPHARMA-II,20180525,669.25,689.45,659.7,686.7,439,688500
WOCKPHARMA-III,20180525,0,0,0,739,0,1800
YESBANK-I,20180525,333.95,341.35,332.05,339.75,11922,37786000
YESBANK-II,20180525,333,340.35,331.65,338.8,2339,15825250
YESBANK-III,20180525,334.4,341.4,333.9,339.9,30,248500
ZEEL-I,20180525,557.05,564,552.6,562,2242,9181900
ZEEL-II,20180525,560.1,566.85,555.15,564.7,254,291200
ZEEL-III,20180525,0,0,0,560,0,1300
