BANKNIFTY-I,20180523,25770,25840,25550,25601.05,77527,3118680
BANKNIFTY-II,20180523,25742.45,25898,25600.05,25664.8,4470,157720
BANKNIFTY-III,20180523,25838.1,25900,25650,25684.6,143,9720
FTSE100-I,20180523,0,0,0,7982,0,0
FTSE100-II,20180523,0,0,0,7445,0,0
FTSE100-III,20180523,0,0,0,7881,0,0
FTSE100-IIII,20180523,0,0,0,7867,0,0
FTSE100-IIIII,20180523,0,0,0,7947,0,0
FTSE100-IIIIII,20180523,0,0,0,7674,0,0
NIFTY-I,20180523,10525,10539.75,10413.55,10426.6,135503,23082300
NIFTY-II,20180523,10550,10558.45,10430.35,10442.85,12756,1560075
NIFTY-III,20180523,10563.3,10563.3,10455,10464.75,1004,136725
NIFTYCPSE-I,20180523,0,0,0,2627.4,0,0
NIFTYCPSE-II,20180523,0,0,0,2463.55,0,0
NIFTYCPSE-III,20180523,0,0,0,2439.95,0,0
NIFTYINFRA-I,20180523,0,0,0,3441.1,0,0
NIFTYINFRA-II,20180523,0,0,0,3389.3,0,0
NIFTYINFRA-III,20180523,0,0,0,3500.75,0,0
NIFTYIT-I,20180523,13550,13613,13440,13471,330,55850
NIFTYIT-II,20180523,13643,13661,13490,13507,7,600
NIFTYIT-III,20180523,0,0,0,14272,0,0
NIFTYMID50-I,20180523,4822,4822,4822,4822,1,591600
NIFTYMID50-II,20180523,0,0,0,5065.85,0,0
NIFTYMID50-III,20180523,0,0,0,5465.7,0,0
NIFTYPSE-I,20180523,0,0,0,4077.45,0,0
NIFTYPSE-II,20180523,0,0,0,3915.3,0,0
NIFTYPSE-III,20180523,0,0,0,3893.55,0,0
ACC-I,20180523,1327.7,1332.8,1313.05,1316.2,2998,2832400
ACC-II,20180523,1334,1340.05,1318.95,1322.4,362,301600
ACC-III,20180523,0,0,0,1418,0,800
ADANIENT-I,20180523,121.85,122.15,117,117.7,2257,13252000
ADANIENT-II,20180523,121.9,122.9,117.9,118.25,130,680000
ADANIENT-III,20180523,0,0,0,122.8,0,24000
ADANIPORTS-I,20180523,379.65,383.45,374.25,375.05,2190,16475000
ADANIPORTS-II,20180523,384.2,384.2,376.5,376.8,77,437500
ADANIPORTS-III,20180523,380.5,380.5,379.5,379.5,4,7500
ADANIPOWER-I,20180523,20.1,20.5,19.75,20.15,1252,94200000
ADANIPOWER-II,20180523,20.35,20.55,19.95,20.3,250,8560000
ADANIPOWER-III,20180523,20.7,20.7,20.2,20.2,8,380000
AJANTPHARM-I,20180523,1000,1012.65,984.05,990.3,995,1215500
AJANTPHARM-II,20180523,1003.95,1015,990,997.6,76,63000
AJANTPHARM-III,20180523,0,0,0,1382,0,0
ALBK-I,20180523,38.5,41.6,38.35,40.45,2259,16220000
ALBK-II,20180523,38.4,41.7,38.4,40.7,184,2880000
ALBK-III,20180523,0,0,0,40.85,0,11000
AMARAJABAT-I,20180523,794.15,809.3,769.35,772.55,1941,1737400
AMARAJABAT-II,20180523,795.7,807.75,769.75,772.65,113,102900
AMARAJABAT-III,20180523,0,0,0,854.45,0,0
AMBUJACEM-I,20180523,208,209.3,206.7,207.4,976,14080000
AMBUJACEM-II,20180523,209.1,209.95,207.85,208.3,112,577500
AMBUJACEM-III,20180523,213.1,213.1,208,208,2,0
ANDHRABANK-I,20180523,33.35,37.8,33.35,36.45,4234,23400000
ANDHRABANK-II,20180523,33.75,38,33.65,36.6,376,2750000
ANDHRABANK-III,20180523,34.95,37,34.95,36.9,9,130000
APOLLOHOSP-I,20180523,976.6,982.65,959.6,967.45,617,1000000
APOLLOHOSP-II,20180523,978,984.1,967,971.95,41,54500
APOLLOHOSP-III,20180523,0,0,0,1095.7,0,0
APOLLOTYRE-I,20180523,273.5,277.8,271.5,274.4,2364,8748000
APOLLOTYRE-II,20180523,273.25,278.3,273.25,275.3,83,549000
APOLLOTYRE-III,20180523,0,0,0,289.9,0,3000
ARVIND-I,20180523,390.35,392.9,381.1,382.85,2075,6112000
ARVIND-II,20180523,391.2,394.45,383.55,384.65,185,562000
ARVIND-III,20180523,388,388,385.2,386.4,3,16000
ASHOKLEY-I,20180523,141.8,146,141.6,145.4,9171,62328000
ASHOKLEY-II,20180523,142.9,146.6,142.4,146.05,750,8239000
ASHOKLEY-III,20180523,141,145,141,144.6,46,660000
ASIANPAINT-I,20180523,1290.2,1295.6,1275.1,1283.05,2669,5459400
ASIANPAINT-II,20180523,1288.55,1288.55,1275,1283.3,352,261600
ASIANPAINT-III,20180523,1284.05,1290,1281.3,1290,3,5400
AUROPHARMA-I,20180523,582.1,589.45,573.1,576.05,4313,20968000
AUROPHARMA-II,20180523,581.55,590.95,575.8,577.9,537,1159200
AUROPHARMA-III,20180523,585,590,580,580,4,12000
AXISBANK-I,20180523,522.5,529.9,520.55,521.6,8950,41653200
AXISBANK-II,20180523,524.1,532.25,523.35,524.15,826,7602000
AXISBANK-III,20180523,528.55,528.55,526,526,2,67200
BAJAJ-AUTO-I,20180523,2820.05,2833.95,2776.35,2785,2450,1913500
BAJAJ-AUTO-II,20180523,2819.2,2826.9,2792,2796.65,182,92250
BAJAJ-AUTO-III,20180523,2755.9,2755.9,2755,2755,2,3750
BAJAJFINSV-I,20180523,5978.85,5978.85,5789.6,5803.8,3376,647375
BAJAJFINSV-II,20180523,5980.05,6031.85,5819,5833.35,262,24500
BAJAJFINSV-III,20180523,5852.9,5852.9,5852.9,5852.9,1,250
BAJFINANCE-I,20180523,2154.95,2154.95,2074,2085.7,10269,5294000
BAJFINANCE-II,20180523,2160,2160,2084.9,2096.1,517,312000
BAJFINANCE-III,20180523,2091,2104,2091,2104,2,2500
BALKRISIND-I,20180523,1102.05,1137.4,1102.05,1109.15,825,997600
BALKRISIND-II,20180523,1125.55,1142.1,1109.05,1114.55,74,100800
BALKRISIND-III,20180523,1132.25,1132.25,1115,1115,5,11200
BALRAMCHIN-I,20180523,72.9,74.8,67.65,68.25,2341,14514500
BALRAMCHIN-II,20180523,72.6,74.8,68,68.45,225,941500
BALRAMCHIN-III,20180523,0,0,0,60.25,0,21000
BANKBARODA-I,20180523,132.2,141,131.9,136.6,13280,50208000
BANKBARODA-II,20180523,132.7,141.6,132.7,137.2,751,3532000
BANKBARODA-III,20180523,0,0,0,134.1,0,24000
BANKINDIA-I,20180523,98.5,103.75,97.85,98.8,8054,25488000
BANKINDIA-II,20180523,99,104.1,98.45,99.35,373,2706000
BANKINDIA-III,20180523,0,0,0,98.7,0,60000
BATAINDIA-I,20180523,760,784.1,755.3,761.55,5796,2610300
BATAINDIA-II,20180523,769,786.2,760,765.45,169,69300
BATAINDIA-III,20180523,0,0,0,794.6,0,0
BEL-I,20180523,117,118.9,116.45,117.1,853,30576150
BEL-II,20180523,117.3,119.3,117.1,117.65,111,2866050
BEL-III,20180523,118.8,119.2,118.8,118.8,5,99000
BEML-I,20180523,948,969.9,914.35,928.6,2217,2007000
BEML-II,20180523,960,973.9,916.95,935.55,204,167700
BEML-III,20180523,0,0,0,1129,0,1000
BERGEPAINT-I,20180523,292.6,294.05,279.05,280.1,1648,2074600
BERGEPAINT-II,20180523,291,291.8,276.35,277.75,104,281600
BERGEPAINT-III,20180523,0,0,0,278.45,0,6600
BHARATFIN-I,20180523,1150.05,1150.05,1128.45,1131.9,2237,5197000
BHARATFIN-II,20180523,1152,1153.85,1134.8,1137.45,105,146000
BHARATFIN-III,20180523,0,0,0,1183.05,0,6000
BHARATFORG-I,20180523,685,699.85,679.85,688.8,3557,9282000
BHARATFORG-II,20180523,695.35,703.1,685,691.85,243,390000
BHARATFORG-III,20180523,692.85,692.85,692.85,692.85,4,9600
BHARTIARTL-I,20180523,362.05,366.2,355.55,357.9,5409,48339500
BHARTIARTL-II,20180523,364,368,356.3,359.55,1292,4229600
BHARTIARTL-III,20180523,363.5,363.6,360,360,9,52700
BHEL-I,20180523,76.35,76.85,75.2,75.4,1131,42652500
BHEL-II,20180523,76.9,77.15,75.65,75.75,256,5137500
BHEL-III,20180523,76.7,76.7,76.1,76.1,7,352500
BIOCON-I,20180523,642.65,650.35,633.8,638.9,3854,6885900
BIOCON-II,20180523,642.5,650.7,635,639.6,569,928800
BIOCON-III,20180523,0,0,0,647.5,0,40500
BOSCHLTD-I,20180523,18080.35,18254.75,17962.2,18011.5,565,148025
BOSCHLTD-II,20180523,18175.95,18200.05,18021.95,18045.05,21,2400
BOSCHLTD-III,20180523,0,0,0,18300,0,0
BPCL-I,20180523,393.9,394.8,370.7,373.7,9521,11529000
BPCL-II,20180523,393.7,393.7,371,374.05,690,1110600
BPCL-III,20180523,378.4,378.4,374.05,374.05,2,7200
BRITANNIA-I,20180523,5595.5,5734.2,5595.5,5711.85,1733,779800
BRITANNIA-II,20180523,5690,5754.65,5648.6,5736.9,79,18000
BRITANNIA-III,20180523,0,0,0,5579.85,0,400
CADILAHC-I,20180523,343.5,355,342.95,348.05,1509,8915200
CADILAHC-II,20180523,345.8,356.3,344.85,350.2,133,390400
CADILAHC-III,20180523,352.75,352.75,346.5,346.5,4,8000
CANBK-I,20180523,244.45,257.5,239.4,243.2,15619,12176000
CANBK-II,20180523,244.6,258.1,241,244.6,989,1118400
CANBK-III,20180523,254,254,250,250,4,12000
CANFINHOME-I,20180523,357,364.9,355,356.5,1034,5110000
CANFINHOME-II,20180523,360.65,366.75,357.25,358.25,128,412500
CANFINHOME-III,20180523,0,0,0,362.6,0,12500
CAPF-I,20180523,562.5,563.55,551.65,553.05,1376,8098400
CAPF-II,20180523,562.5,562.5,553.2,553.95,198,440800
CAPF-III,20180523,0,0,0,560,0,800
CASTROLIND-I,20180523,168.45,170.5,166.45,167,472,11950400
CASTROLIND-II,20180523,169.2,171.2,167.7,167.9,118,705600
CASTROLIND-III,20180523,0,0,0,195.8,0,0
CEATLTD-I,20180523,1332,1343.75,1308,1313.35,3530,1807750
CEATLTD-II,20180523,1317.15,1350,1315,1320.35,300,138600
CEATLTD-III,20180523,0,0,0,1319.8,0,700
CENTURYTEX-I,20180523,1005,1013.35,931.7,938.5,8827,6290900
CENTURYTEX-II,20180523,1009,1016.95,935.8,942.75,775,351450
CENTURYTEX-III,20180523,952,952,952,952,8,7150
CESC-I,20180523,1020.2,1043.85,997.5,1010.9,8340,5882800
CESC-II,20180523,1018.65,1045.85,1004,1015.1,390,834900
CESC-III,20180523,1025.95,1025.95,1025.95,1025.95,1,550
CGPOWER-I,20180523,74.55,74.8,71.7,72.15,319,17292000
CGPOWER-II,20180523,75.4,75.4,72.2,72.6,59,1296000
CGPOWER-III,20180523,74,74,74,74,1,48000
CHENNPETRO-I,20180523,282.05,284.4,268.65,270.15,683,3715500
CHENNPETRO-II,20180523,278,278,270.75,271.35,17,90000
CHENNPETRO-III,20180523,0,0,0,295.45,0,6000
CHOLAFIN-I,20180523,1541.75,1543.8,1482.1,1494.2,1088,1172500
CHOLAFIN-II,20180523,1542.5,1542.5,1494.9,1508,60,25000
CHOLAFIN-III,20180523,0,0,0,1630.75,0,500
CIPLA-I,20180523,518.5,563.9,518.5,533.85,15498,12528000
CIPLA-II,20180523,527.7,563.8,527.05,536.35,709,312000
CIPLA-III,20180523,558,558,536.5,536.5,3,9000
COALINDIA-I,20180523,277.75,280.35,275.6,277.1,3376,17703400
COALINDIA-II,20180523,278.25,281.25,276.75,278.05,251,1113200
COALINDIA-III,20180523,277.85,278.8,277.85,278.25,6,19800
COLPAL-I,20180523,1215.25,1233.45,1202.05,1223.6,1545,2361100
COLPAL-II,20180523,1210.05,1231.15,1206.45,1222.6,103,109900
COLPAL-III,20180523,0,0,0,1165,0,0
CONCOR-I,20180523,1407.95,1408,1369.25,1390.45,1103,1884375
CONCOR-II,20180523,1400.95,1400.95,1379.4,1396,11,15000
CONCOR-III,20180523,0,0,0,1315.85,0,0
CUMMINSIND-I,20180523,740.7,747.7,734.1,736.95,603,716400
CUMMINSIND-II,20180523,741.95,745.35,738,738.35,14,15600
CUMMINSIND-III,20180523,0,0,0,758.95,0,0
DABUR-I,20180523,373.95,377.7,368,369.55,1157,14147500
DABUR-II,20180523,377.2,377.95,370,370.95,118,295000
DABUR-III,20180523,0,0,0,369.05,0,7500
DALMIABHA-I,20180523,2731.35,2752.5,2670,2714,491,576600
DALMIABHA-II,20180523,2745.05,2745.05,2690,2723,38,10800
DALMIABHA-III,20180523,0,0,0,3058.15,0,0
DCBBANK-I,20180523,184.15,185.2,181.2,183.2,597,8284500
DCBBANK-II,20180523,185.4,186,183,184,35,378000
DCBBANK-III,20180523,0,0,0,182.1,0,27000
DHFL-I,20180523,607.3,610.6,597.4,603.6,1114,21096000
DHFL-II,20180523,605.3,610.9,602.7,605,431,4680000
DHFL-III,20180523,0,0,0,631.05,0,1500
DISHTV-I,20180523,71.95,73.55,71.85,72.6,1558,47642000
DISHTV-II,20180523,72.55,73.9,72.5,73,377,2961000
DISHTV-III,20180523,0,0,0,70.8,0,8000
DIVISLAB-I,20180523,1120.65,1127.1,1084,1094.05,1755,2758400
DIVISLAB-II,20180523,1131,1131,1092,1100.1,133,345600
DIVISLAB-III,20180523,1079.4,1079.4,1079.4,1079.4,1,2400
DLF-I,20180523,197.05,203.05,194.65,195.6,11790,38917500
DLF-II,20180523,199,204.5,195.85,196.55,769,2935000
DLF-III,20180523,196.8,196.8,196.8,196.8,1,35000
DRREDDY-I,20180523,1975.05,1997.35,1938,1956.95,7268,4794500
DRREDDY-II,20180523,1998.75,2005,1949.85,1968.25,1011,624750
DRREDDY-III,20180523,1959.2,1986.25,1959.2,1960,12,23000
EICHERMOT-I,20180523,29985.35,29985.35,29367,29420.95,2086,194475
EICHERMOT-II,20180523,29912,30020.4,29510.35,29554.3,132,8850
EICHERMOT-III,20180523,0,0,0,29800,0,100
ENGINERSIN-I,20180523,135.4,140.05,134.55,138.2,1206,8813000
ENGINERSIN-II,20180523,135.15,140.55,135.15,139,126,1417500
ENGINERSIN-III,20180523,0,0,0,157.85,0,0
EQUITAS-I,20180523,158.7,161.9,156.6,157.25,1240,20092800
EQUITAS-II,20180523,158.9,163,157.2,158.15,118,585600
EQUITAS-III,20180523,160.75,160.75,159.5,159.5,2,20000
ESCORTS-I,20180523,895.15,905.45,871.65,876.15,4019,4995100
ESCORTS-II,20180523,902.3,909.85,877,880.15,240,440000
ESCORTS-III,20180523,0,0,0,890,0,6600
EXIDEIND-I,20180523,248.1,253,248,249,915,6520000
EXIDEIND-II,20180523,251.95,253.5,249,249.9,50,676000
EXIDEIND-III,20180523,0,0,0,247,0,8000
FEDERALBNK-I,20180523,83.45,83.7,82.05,82.35,2933,78050500
FEDERALBNK-II,20180523,83.4,84,82.5,82.75,372,6121500
FEDERALBNK-III,20180523,82.9,83.7,82.3,82.65,23,924000
GAIL-I,20180523,330.05,330.05,320.6,323.95,1625,13788390
GAIL-II,20180523,329.3,329.3,322.05,325.35,70,256032
GAIL-III,20180523,0,0,0,331.05,0,0
GLENMARK-I,20180523,516.85,523.45,511.55,516.45,1999,5317200
GLENMARK-II,20180523,518.2,524.9,514.05,518.65,157,437400
GLENMARK-III,20180523,0,0,0,517,0,4000
GMRINFRA-I,20180523,17.4,17.45,16.85,16.95,816,266220000
GMRINFRA-II,20180523,17.35,17.6,17,17.05,110,21195000
GMRINFRA-III,20180523,17.2,17.2,17.2,17.2,1,1080000
GODFRYPHLP-I,20180523,787,790,760.2,765.4,216,616500
GODFRYPHLP-II,20180523,790.3,794.9,767,770.45,39,29500
GODFRYPHLP-III,20180523,0,0,0,877.85,0,1400
GODREJCP-I,20180523,1077.05,1108.35,1077.05,1105,974,2332800
GODREJCP-II,20180523,1092.4,1112.1,1092.15,1109.9,39,34400
GODREJCP-III,20180523,0,0,0,1080,0,0
GODREJIND-I,20180523,567.95,567.95,555,559.9,608,2395500
GODREJIND-II,20180523,564,564,564,564,4,28500
GODREJIND-III,20180523,0,0,0,590.9,0,1500
GRANULES-I,20180523,90.15,92.65,88.7,89.9,1541,14105000
GRANULES-II,20180523,91.3,93.2,89.25,90.15,119,1045000
GRANULES-III,20180523,0,0,0,91.5,0,15000
GRASIM-I,20180523,1045.2,1055.95,1028.45,1047.45,6480,5729250
GRASIM-II,20180523,1036,1059,1030,1052.6,301,259500
GRASIM-III,20180523,0,0,0,1092.05,0,0
GSFC-I,20180523,113.4,115.35,109.6,110.3,995,17757000
GSFC-II,20180523,114.3,116,110.3,110.9,118,1269000
GSFC-III,20180523,112,112.9,112,112.9,2,45000
HAVELLS-I,20180523,545.9,551.35,541.1,544.15,2392,4649000
HAVELLS-II,20180523,550.2,553.25,544.1,546.35,105,350000
HAVELLS-III,20180523,0,0,0,553.5,0,3000
HCC-I,20180523,16.25,16.6,15.7,15.8,489,40740000
HCC-II,20180523,16.55,16.55,15.85,15.9,40,4650000
HCC-III,20180523,0,0,0,16.45,0,216000
HCLTECH-I,20180523,912.7,919.75,894.85,897.45,4492,11860800
HCLTECH-II,20180523,920,923.05,899.1,901.55,435,415800
HCLTECH-III,20180523,910,910,908,908,8,7700
HDFC-I,20180523,1808.8,1813.6,1786.5,1790.25,5199,16382000
HDFC-II,20180523,1824.3,1824.35,1794.25,1798.05,2138,6052500
HDFC-III,20180523,1807.25,1808.5,1788,1790.4,60,59000
HDFCBANK-I,20180523,1982,1982.6,1949.75,1954.25,10948,22406500
HDFCBANK-II,20180523,1990,1990,1953,1958.55,2745,1530500
HDFCBANK-III,20180523,1978.2,1989.25,1960.9,1962.45,101,515000
HEROMOTOCO-I,20180523,3485.25,3510.95,3466.5,3492.1,981,1433200
HEROMOTOCO-II,20180523,3504.15,3512,3487.2,3508.8,83,60600
HEROMOTOCO-III,20180523,3490.1,3493.3,3467,3485.05,15,6000
HEXAWARE-I,20180523,418.1,439.95,418.1,424.8,3514,5961000
HEXAWARE-II,20180523,419,433,417.45,419.3,242,286500
HEXAWARE-III,20180523,0,0,0,402.45,0,9000
HINDALCO-I,20180523,232.2,234.8,228.05,229.1,8752,36032500
HINDALCO-II,20180523,234.25,235.5,229.3,230,538,1603000
HINDALCO-III,20180523,233.8,233.8,233.15,233.15,2,31500
HINDPETRO-I,20180523,305.5,312.15,283.4,287.4,18554,27508950
HINDPETRO-II,20180523,305.05,310.75,282.75,286.3,3723,3516975
HINDPETRO-III,20180523,307.5,310.2,285,288,37,56700
HINDUNILVR-I,20180523,1575.95,1589.4,1567.35,1573.9,2263,9172800
HINDUNILVR-II,20180523,1580,1581.1,1562.45,1568.8,152,243600
HINDUNILVR-III,20180523,0,0,0,1595,0,1200
HINDZINC-I,20180523,288.05,288.05,283.4,285.35,983,15945600
HINDZINC-II,20180523,286.4,289.25,284.75,286.7,87,444800
HINDZINC-III,20180523,0,0,0,325.6,0,0
IBULHSGFIN-I,20180523,1115,1137.15,1108.45,1122.95,4833,14046800
IBULHSGFIN-II,20180523,1125,1140.65,1124,1128.95,303,3282400
IBULHSGFIN-III,20180523,1133,1133,1133,1133,2,5000
ICICIBANK-I,20180523,289.95,298.5,289.95,291.35,14810,83921750
ICICIBANK-II,20180523,291.8,299.75,291.6,292.65,1486,7768750
ICICIBANK-III,20180523,294.4,299,291.95,293.2,27,239250
ICICIPRULI-I,20180523,421.05,423.75,408.7,409.65,1638,4568200
ICICIPRULI-II,20180523,420.3,422,407.65,408.4,178,293800
ICICIPRULI-III,20180523,412.6,412.6,412.6,412.6,1,31200
IDBI-I,20180523,62.2,68.25,62.2,66.6,6073,65830000
IDBI-II,20180523,62.9,68.5,62.6,66.6,267,2820000
IDBI-III,20180523,63.35,63.35,63.05,63.05,2,160000
IDEA-I,20180523,54.7,56.1,54.3,54.7,2978,154644000
IDEA-II,20180523,55,56.4,54.85,55,285,11312000
IDEA-III,20180523,56.35,56.35,55.1,55.1,3,420000
IDFC-I,20180523,50.95,51.5,49.9,50.05,755,147127200
IDFC-II,20180523,51.25,51.25,50.15,50.3,150,11431200
IDFC-III,20180523,51.15,51.15,50.8,50.8,5,686400
IDFCBANK-I,20180523,41.2,41.3,40.5,40.55,1847,189369000
IDFCBANK-II,20180523,41.3,41.4,40.7,40.75,585,24156000
IDFCBANK-III,20180523,41.3,41.3,40.65,40.7,57,2992000
IFCI-I,20180523,17.25,17.5,16.95,17.05,581,63206000
IFCI-II,20180523,17.3,17.6,17.05,17.15,180,10186000
IFCI-III,20180523,17.55,17.55,17.2,17.3,8,250000
IGL-I,20180523,263,266.35,257.1,263.95,3434,10320750
IGL-II,20180523,264.1,267.15,258.7,265.05,256,761750
IGL-III,20180523,268.4,268.4,268.4,268.4,1,16500
INDIACEM-I,20180523,129.7,130.8,127.45,128.1,1478,24059000
INDIACEM-II,20180523,131.05,131.35,128.3,128.7,112,1711500
INDIACEM-III,20180523,130.5,130.5,130.5,130.5,1,17500
INDIANB-I,20180523,306.9,313.2,304.7,308.6,2217,3048000
INDIANB-II,20180523,301,308.7,301,304.45,69,354000
INDIANB-III,20180523,0,0,0,302.4,0,8000
INDIGO-I,20180523,1135,1168.9,1121,1159.5,3305,3927000
INDIGO-II,20180523,1138.4,1169.45,1130.55,1157.5,143,116400
INDIGO-III,20180523,0,0,0,1524.8,0,0
INDUSINDBK-I,20180523,1885.65,1894.4,1847.9,1852.25,6629,7305000
INDUSINDBK-II,20180523,1878,1878,1836.6,1840.6,1077,862800
INDUSINDBK-III,20180523,1850.6,1855,1847,1848.7,4,10500
INFIBEAM-I,20180523,165.35,165.8,164.1,164.7,988,23520000
INFIBEAM-II,20180523,164.45,165.9,164.25,164.9,559,9000000
INFIBEAM-III,20180523,165,165,165,165,2,20000
INFRATEL-I,20180523,310.95,317,310.9,316.25,642,6837400
INFRATEL-II,20180523,310.8,315.75,310.8,315.05,39,695300
INFRATEL-III,20180523,0,0,0,303,0,35700
INFY-I,20180523,1193.8,1206.65,1183.7,1187.05,8448,33970200
INFY-II,20180523,1169.85,1178,1156.45,1159.1,875,6345600
INFY-III,20180523,1176,1182,1162.45,1162.45,18,38400
IOC-I,20180523,161,161.05,152.85,153.8,8171,39732000
IOC-II,20180523,161.9,161.9,153.6,154.4,841,6243000
IOC-III,20180523,160,160,154.5,154.85,16,102000
IRB-I,20180523,230.15,239.25,227.15,227.95,1893,19242500
IRB-II,20180523,236,240.2,228.5,229.15,113,1497500
IRB-III,20180523,0,0,0,266.75,0,0
ITC-I,20180523,274.95,275.4,268.75,269.3,5735,52785600
ITC-II,20180523,276.35,276.35,270,270.45,1496,32875200
ITC-III,20180523,276,276.25,271.5,271.9,28,211200
JETAIRWAYS-I,20180523,417.2,437,411.45,419.65,1765,6204000
JETAIRWAYS-II,20180523,435,436,406.4,421.25,54,235200
JETAIRWAYS-III,20180523,0,0,0,533.3,0,1200
JINDALSTEL-I,20180523,238.8,243.1,225.3,226.65,11922,31216500
JINDALSTEL-II,20180523,242.55,244,226.75,227.85,1366,2074500
JINDALSTEL-III,20180523,243.15,243.15,228,228,20,114750
JISLJALEQS-I,20180523,101.2,103.9,101.2,102.5,1461,39402000
JISLJALEQS-II,20180523,102.9,104.35,102,103,129,3816000
JISLJALEQS-III,20180523,104.9,104.9,104.9,104.9,1,18000
JPASSOCIAT-I,20180523,15.65,15.95,14.95,15.05,1327,179350000
JPASSOCIAT-II,20180523,15.8,15.85,15.05,15.15,115,11288000
JPASSOCIAT-III,20180523,15.2,15.2,15.2,15.2,2,408000
JSWSTEEL-I,20180523,318.9,323.3,308.5,310.2,7480,58737000
JSWSTEEL-II,20180523,321,324.5,310.45,310.95,931,7941000
JSWSTEEL-III,20180523,317,317,311.2,311.6,4,90000
JUBLFOOD-I,20180523,2523.05,2589,2519.95,2568.5,9594,2497750
JUBLFOOD-II,20180523,2540,2598.55,2539.8,2578.15,590,219750
JUBLFOOD-III,20180523,2569.9,2589,2569.9,2588.95,19,6000
JUSTDIAL-I,20180523,432,437.35,409.15,420.3,1419,3192000
JUSTDIAL-II,20180523,424.3,427.75,412,415.8,25,93800
JUSTDIAL-III,20180523,0,0,0,410.15,0,1400
KAJARIACER-I,20180523,550.85,560.85,543,545.9,864,1676000
KAJARIACER-II,20180523,550,565,546,548.15,68,56800
KAJARIACER-III,20180523,0,0,0,510.85,0,0
KOTAKBANK-I,20180523,1258.1,1265.45,1243,1252.95,6017,14629600
KOTAKBANK-II,20180523,1263.5,1270,1247.95,1258.05,653,1144000
KOTAKBANK-III,20180523,1270,1270,1260,1266.8,4,4800
KPIT-I,20180523,249.7,262.9,249.4,258.95,3345,8131500
KPIT-II,20180523,250.9,263,250.9,259.4,93,193500
KPIT-III,20180523,260.05,260.05,258.85,259.55,3,31500
KSCL-I,20180523,492.95,494.3,463.55,472.5,826,2128500
KSCL-II,20180523,492.5,492.5,471,478.1,18,94500
KSCL-III,20180523,489.95,489.95,467.75,472.45,7,15000
KTKBANK-I,20180523,117.65,121.4,117.65,118.7,1627,24620200
KTKBANK-II,20180523,118.25,121.45,118.25,119.2,191,1546600
KTKBANK-III,20180523,117.3,118.15,116.75,117.1,6,211500
L&TFH-I,20180523,166.4,167.4,162.4,162.85,1937,33241500
L&TFH-II,20180523,167.65,167.95,163.3,163.6,250,2056500
L&TFH-III,20180523,166.9,166.9,166.9,166.9,2,31500
LICHSGFIN-I,20180523,480.7,484.75,475,475.95,2234,14054700
LICHSGFIN-II,20180523,485.6,486.6,477.5,478.55,360,1301300
LICHSGFIN-III,20180523,483.4,488.75,481.15,481.15,8,26400
LT-I,20180523,1323.2,1347.5,1315.05,1326.2,5314,12900000
LT-II,20180523,1330,1353,1325.75,1332,544,438750
LT-III,20180523,1329.4,1352.95,1329.4,1335,9,15000
LUPIN-I,20180523,743.3,751.55,734.3,736.2,4086,13679400
LUPIN-II,20180523,746.9,753.9,738.2,739.7,451,832200
LUPIN-III,20180523,741.05,741.05,739,739.15,11,71400
M&M-I,20180523,831.35,839,824,834.5,2973,13840000
M&M-II,20180523,832.45,842.8,829.05,838.3,406,1162000
M&M-III,20180523,829.5,829.5,829.5,829.5,1,29000
M&MFIN-I,20180523,466.65,470.7,457.3,463.85,1931,9690000
M&MFIN-II,20180523,469.1,470.7,460,467,55,100000
M&MFIN-III,20180523,0,0,0,505,0,1250
MANAPPURAM-I,20180523,113.55,114.9,109,110.15,1583,18132000
MANAPPURAM-II,20180523,114.4,115.3,109.7,110.55,95,930000
MANAPPURAM-III,20180523,0,0,0,117.5,0,66000
MARICO-I,20180523,312.35,314.95,310.5,311.6,385,5426200
MARICO-II,20180523,316.1,316.1,312.3,313.15,85,145600
MARICO-III,20180523,0,0,0,326.3,0,0
MARUTI-I,20180523,8568.95,8568.95,8480,8497.35,7348,2579100
MARUTI-II,20180523,8600.1,8600.1,8520.45,8536.35,956,294450
MARUTI-III,20180523,8501.8,8669.95,8501.8,8585.95,27,5475
MCDOWELL-N-I,20180523,3230.95,3274.5,3192,3223.8,3857,2606000
MCDOWELL-N-II,20180523,3260,3285,3210.25,3237.75,173,139250
MCDOWELL-N-III,20180523,0,0,0,3200,0,500
MCX-I,20180523,738.05,740.8,721,725.05,2292,3629000
MCX-II,20180523,741.95,743.65,725.45,729.55,150,140500
MCX-III,20180523,746.05,746.05,736,737.35,3,6300
MFSL-I,20180523,479.9,491.95,465.1,468.25,535,2775000
MFSL-II,20180523,484,492,468.25,469.55,28,91000
MFSL-III,20180523,0,0,0,515.7,0,0
MGL-I,20180523,795,806.95,785.15,798.4,1802,2571000
MGL-II,20180523,803.45,812.35,789,802.55,109,124800
MGL-III,20180523,0,0,0,800,0,6000
MINDTREE-I,20180523,1026.45,1047.8,1020.85,1036.15,5099,4057200
MINDTREE-II,20180523,1029.9,1048,1024,1038.1,183,157200
MINDTREE-III,20180523,0,0,0,1025.1,0,4800
MOTHERSUMI-I,20180523,331.85,340.8,314.55,318.45,13208,13361600
MOTHERSUMI-II,20180523,335.3,342,315,319.15,692,481600
MOTHERSUMI-III,20180523,0,0,0,325.95,0,9600
MRF-I,20180523,73850.5,74550,73738.45,74065,394,31650
MRF-II,20180523,74419.95,74834.45,74151.1,74393.35,25,1230
MRF-III,20180523,0,0,0,77844.5,0,0
MRPL-I,20180523,99.9,100.6,95.05,96.2,645,5026500
MRPL-II,20180523,100,100,95.15,96.6,59,247500
MRPL-III,20180523,0,0,0,101.3,0,13500
MUTHOOTFIN-I,20180523,400.45,403.5,396.4,398.95,773,1977000
MUTHOOTFIN-II,20180523,404.25,405,398.6,400.55,42,121500
MUTHOOTFIN-III,20180523,0,0,0,451.2,0,0
NATIONALUM-I,20180523,73.7,73.75,70.2,70.75,1702,50232000
NATIONALUM-II,20180523,73.5,73.5,70.75,71.25,161,2016000
NATIONALUM-III,20180523,0,0,0,72.8,0,32000
NBCC-I,20180523,92.6,95,92,92.2,469,17640000
NBCC-II,20180523,94.2,95.3,92.5,92.7,127,1356000
NBCC-III,20180523,94.3,94.3,94.1,94.1,2,72000
NCC-I,20180523,106,109.55,104.1,105.2,2769,33800000
NCC-II,20180523,106.6,110,104.8,105.65,221,3368000
NCC-III,20180523,107,110.5,107,110.5,3,88000
NESTLEIND-I,20180523,9650,9759.85,9624.8,9681.25,427,296700
NESTLEIND-II,20180523,9750,9750,9662.15,9730.15,11,7900
NESTLEIND-III,20180523,0,0,0,9200.8,0,0
NHPC-I,20180523,26.65,27.1,26.6,27,237,24678000
NHPC-II,20180523,26.75,27.2,26.75,27.15,24,3510000
NHPC-III,20180523,0,0,0,26.7,0,81000
NIITTECH-I,20180523,1059.6,1090,1053.2,1075.25,5899,2069250
NIITTECH-II,20180523,1056,1093,1056,1075.35,233,95250
NIITTECH-III,20180523,0,0,0,992,0,750
NMDC-I,20180523,113.8,114.6,112.15,113,872,25764000
NMDC-II,20180523,114,114.55,112.75,113.6,94,2190000
NMDC-III,20180523,114.1,114.65,113.75,114.1,4,180000
NTPC-I,20180523,166.65,168.35,165.2,166.9,1038,40748000
NTPC-II,20180523,167.5,168.8,167.2,167.45,69,792000
NTPC-III,20180523,0,0,0,175,0,0
OFSS-I,20180523,3799.05,3872.05,3795.35,3838.2,130,146100
OFSS-II,20180523,0,0,0,3800,0,1500
OFSS-III,20180523,0,0,0,4261.95,0,0
OIL-I,20180523,237.65,238.4,228.25,229.8,446,2590038
OIL-II,20180523,235.4,236.45,231.05,231.05,22,180147
OIL-III,20180523,0,0,0,239.25,0,0
ONGC-I,20180523,184.25,185.75,174.8,175.9,3113,35508750
ONGC-II,20180523,185.9,186.15,175.8,176.75,443,1953750
ONGC-III,20180523,184.4,184.4,179.8,177.75,10,75000
ORIENTBANK-I,20180523,76.85,80.5,76.45,77.2,2091,15462000
ORIENTBANK-II,20180523,77.7,80.7,77,77.6,135,2100000
ORIENTBANK-III,20180523,0,0,0,79.3,0,48000
PAGEIND-I,20180523,23450,23690,23076.5,23489.85,740,58200
PAGEIND-II,20180523,22992.15,23799.95,22992.15,23799.95,6,750
PAGEIND-III,20180523,0,0,0,24360.2,0,0
PCJEWELLER-I,20180523,193.65,210.25,192,197.45,9054,7245000
PCJEWELLER-II,20180523,192.15,209,192.15,196.8,316,961500
PCJEWELLER-III,20180523,200.55,200.55,195,195.25,10,178500
PEL-I,20180523,2378.1,2415.55,2350.05,2355.45,767,2078666
PEL-II,20180523,2400.65,2423.9,2362.85,2366.85,97,38958
PEL-III,20180523,0,0,0,2571.85,0,302
PETRONET-I,20180523,212.35,214.95,209.5,211,1726,24441000
PETRONET-II,20180523,211.4,215.35,210.35,211.7,99,720000
PETRONET-III,20180523,213.6,213.6,212,212.05,4,84000
PFC-I,20180523,73.9,74.6,72.05,72.35,2833,80766000
PFC-II,20180523,74.3,74.95,72.5,72.65,388,6750000
PFC-III,20180523,73.1,73.35,73.1,73.35,2,120000
PIDILITIND-I,20180523,1112.85,1132.55,1080.4,1088.65,4126,1831000
PIDILITIND-II,20180523,1118,1133.65,1081.4,1090.9,220,111000
PIDILITIND-III,20180523,0,0,0,1104.7,0,0
PNB-I,20180523,81.3,83.85,79.9,80.75,10897,69304000
PNB-II,20180523,81.5,84,80.3,81.15,1207,9248000
PNB-III,20180523,82.9,83.5,81.35,81.75,20,555500
POWERGRID-I,20180523,209.95,212.4,209.95,211.7,1901,27796000
POWERGRID-II,20180523,211.05,212.95,211.05,212,59,820000
POWERGRID-III,20180523,213.5,213.5,213.5,213.5,1,16000
PTC-I,20180523,80.8,83,80.4,81.2,1025,27168000
PTC-II,20180523,81.05,83.3,81,81.55,85,1248000
PTC-III,20180523,0,0,0,85.5,0,80000
PVR-I,20180523,1355.05,1373.6,1341.05,1350.35,423,1003200
PVR-II,20180523,1363.5,1363.5,1349.95,1353.3,9,104000
PVR-III,20180523,0,0,0,1443.2,0,400
RAMCOCEM-I,20180523,781.65,799,746.7,793.55,2104,1240000
RAMCOCEM-II,20180523,778.3,793.55,745.05,789.75,202,108000
RAMCOCEM-III,20180523,0,0,0,824.3,0,0
RAYMOND-I,20180523,1010,1021.05,995.4,1000.55,1147,5081600
RAYMOND-II,20180523,1019,1025,1002,1005.7,70,121600
RAYMOND-III,20180523,0,0,0,1017,0,4800
RBLBANK-I,20180523,503.85,503.85,496.25,499.9,856,3878000
RBLBANK-II,20180523,500.3,505,498.55,501.9,109,316000
RBLBANK-III,20180523,0,0,0,510,0,2400
RCOM-I,20180523,14.6,14.95,14,14.3,764,79100000
RCOM-II,20180523,14.7,14.7,14.15,14.4,54,8680000
RCOM-III,20180523,0,0,0,14.55,0,840000
RECLTD-I,20180523,108.95,111.1,108.1,108.4,1471,36972000
RECLTD-II,20180523,109.85,111.65,108.6,108.9,299,4260000
RECLTD-III,20180523,111.7,111.7,110.2,108.5,9,270000
RELCAPITAL-I,20180523,374.95,385.9,369,373.05,6903,11813250
RELCAPITAL-II,20180523,378.85,387.5,371.2,375.2,496,678750
RELCAPITAL-III,20180523,382.6,386,380.5,381,8,46500
RELIANCE-I,20180523,928.85,929.5,910.6,914.15,11226,45354000
RELIANCE-II,20180523,930,930.15,912.4,916.35,1729,4006000
RELIANCE-III,20180523,930,933,915.05,919,67,202000
RELINFRA-I,20180523,393.45,409.3,392.35,401.3,6380,8626800
RELINFRA-II,20180523,394,409.7,393.95,402.1,436,1119300
RELINFRA-III,20180523,0,0,0,396.9,0,23400
REPCOHOME-I,20180523,570,577.45,562.6,569.6,333,649800
REPCOHOME-II,20180523,576,577.95,564.8,564.8,44,17100
REPCOHOME-III,20180523,0,0,0,605.7,0,0
RNAVAL-I,20180523,14.75,15.1,14.1,14.35,858,34137000
RNAVAL-II,20180523,14.65,15.05,14.25,14.4,70,1935000
RPOWER-I,20180523,33.8,34.4,33.3,33.65,927,51350000
RPOWER-II,20180523,33.6,34.5,33.55,33.9,151,7462000
RPOWER-III,20180523,34.45,34.45,33.85,33.85,3,364000
SAIL-I,20180523,72.05,72.5,68.25,68.65,5407,93468000
SAIL-II,20180523,72.4,72.85,68.65,68.95,582,9276000
SAIL-III,20180523,72.5,72.5,69.5,69.5,29,612000
SBIN-I,20180523,255.4,269.45,255,262.8,61836,77796000
SBIN-II,20180523,255.85,270.65,255.85,264.15,4938,9723000
SBIN-III,20180523,259.3,271,257.7,264.5,159,414000
SHREECEM-I,20180523,16300,16479.5,15919.65,16058.2,424,65450
SHREECEM-II,20180523,16011.1,16125.6,16000,16025.8,21,1950
SHREECEM-III,20180523,0,0,0,17528.05,0,0
SIEMENS-I,20180523,1024.95,1032.7,1009.65,1023.8,841,1354000
SIEMENS-II,20180523,1018,1035,1018,1027.35,29,79000
SIEMENS-III,20180523,0,0,0,1029.45,0,500
SOUTHBANK-I,20180523,25.15,25.15,24.6,24.7,562,146880912
SOUTHBANK-II,20180523,25.2,25.3,24.75,24.9,94,15543129
SOUTHBANK-III,20180523,25.05,25.05,24.6,24.8,25,2850126
SREINFRA-I,20180523,73.5,73.7,70.45,71.9,507,17410000
SREINFRA-II,20180523,72.05,74,71.9,72.1,45,885000
SREINFRA-III,20180523,73.85,73.85,72.3,72.4,3,287000
SRF-I,20180523,1877.05,1898,1796.6,1804.35,3254,693000
SRF-II,20180523,1886.4,1900,1805,1810.5,80,52000
SRF-III,20180523,1816.95,1816.95,1816.95,1816.95,1,1000
SRTRANSFIN-I,20180523,1438.05,1467.35,1438.05,1452.2,1941,3736200
SRTRANSFIN-II,20180523,1453,1471.7,1451,1457.95,56,111000
SRTRANSFIN-III,20180523,0,0,0,1587,0,600
STAR-I,20180523,398.95,436.8,397.05,403.1,21709,2659800
STAR-II,20180523,394,437.1,394,404.5,1097,475800
STAR-III,20180523,433.4,433.4,433.4,433.4,1,5600
SUNPHARMA-I,20180523,455.05,462.35,450.6,453.3,10808,50574700
SUNPHARMA-II,20180523,456.6,464.45,453.1,455.45,1440,8311600
SUNPHARMA-III,20180523,461,466.35,458.1,460.05,20,66000
SUNTV-I,20180523,954,956.4,932.25,939.85,3873,5944000
SUNTV-II,20180523,954.15,958.15,937,944.2,201,166000
SUNTV-III,20180523,0,0,0,972,0,1000
SUZLON-I,20180523,8.85,9.2,8.8,9,1004,270830000
SUZLON-II,20180523,8.9,9.25,8.9,9.05,373,44765000
SUZLON-III,20180523,9.05,9.25,9.05,9.2,4,4590000
SYNDIBANK-I,20180523,45.8,47.9,45.75,46.4,1592,29313000
SYNDIBANK-II,20180523,46,48.1,45.8,46.65,143,2664000
SYNDIBANK-III,20180523,0,0,0,44.7,0,18000
TATACHEM-I,20180523,726.65,735.7,721,723.8,1337,4671000
TATACHEM-II,20180523,737.05,738.65,724.5,727.5,136,134250
TATACHEM-III,20180523,712,712,709,709,3,9750
TATACOMM-I,20180523,613.85,620,609.75,612.3,829,6055200
TATACOMM-II,20180523,615.1,621.35,613.25,614.6,23,77600
TATACOMM-III,20180523,0,0,0,622,0,800
TATAELXSI-I,20180523,1178.35,1221,1167,1202.25,5383,2007200
TATAELXSI-II,20180523,1175.55,1221.45,1175.55,1205.15,239,116800
TATAELXSI-III,20180523,1200,1211,1200,1211,2,6400
TATAGLOBAL-I,20180523,247.15,252,246.05,249.85,3259,21296250
TATAGLOBAL-II,20180523,247,250.9,245.5,248.6,333,2814750
TATAGLOBAL-III,20180523,0,0,0,244.45,0,65250
TATAMOTORS-I,20180523,310.7,317.65,305.8,310,25540,75391500
TATAMOTORS-II,20180523,313.65,318.8,307.15,311.35,3763,10725000
TATAMOTORS-III,20180523,315.8,319.45,310.45,312.75,63,313500
TATAMTRDVR-I,20180523,179.6,181.75,175.2,176.3,4285,23410000
TATAMTRDVR-II,20180523,180.9,182.7,176.2,177.25,388,2167500
TATAMTRDVR-III,20180523,180,180,174.8,174.8,2,30800
TATAPOWER-I,20180523,78.7,78.7,77.1,77.45,604,46062000
TATAPOWER-II,20180523,78.6,79,77.6,77.9,61,1098000
TATAPOWER-III,20180523,77.75,77.75,76.75,76.75,6,225000
TATASTEEL-I,20180523,576.85,577.2,538.7,541.45,30255,22830598
TATASTEEL-II,20180523,577.8,577.8,541.8,543.8,4205,3708195
TATASTEEL-III,20180523,567.75,567.75,535.8,538.2,159,285409
TCS-I,20180523,3510.25,3526.95,3465.5,3478.85,5783,5302000
TCS-II,20180523,3534.75,3538,3481.3,3493.25,1001,932000
TCS-III,20180523,3506.45,3537.95,3506.4,3537.95,4,6500
TECHM-I,20180523,689.5,708.2,686.25,699.75,6728,15649200
TECHM-II,20180523,692,711,689.15,702.8,374,704400
TECHM-III,20180523,703.85,704.8,701.2,701.2,3,56400
TITAN-I,20180523,917.45,924.75,911.15,921.6,6749,11834250
TITAN-II,20180523,926.5,928.65,916.05,925.6,707,937500
TITAN-III,20180523,0,0,0,927,0,15750
TORNTPHARM-I,20180523,1316.85,1338.85,1308.45,1331.85,266,403500
TORNTPHARM-II,20180523,1330,1330.95,1308.15,1308.15,5,7500
TORNTPHARM-III,20180523,0,0,0,1420.1,0,0
TORNTPOWER-I,20180523,222,225,212.35,214,827,4173000
TORNTPOWER-II,20180523,223.5,223.5,212,213.65,66,309000
TORNTPOWER-III,20180523,0,0,0,241.8,0,0
TV18BRDCST-I,20180523,55.25,55.5,53.5,53.85,1065,78225500
TV18BRDCST-II,20180523,55.6,55.6,53.9,54.15,200,3230000
TV18BRDCST-III,20180523,0,0,0,54.5,0,85000
TVSMOTOR-I,20180523,565.05,576.6,563.1,565.5,2779,5680000
TVSMOTOR-II,20180523,564.55,577,564.55,567.6,176,411000
TVSMOTOR-III,20180523,568,569.75,566.3,566.3,3,8000
UBL-I,20180523,1181.9,1194,1170.1,1178.2,1578,1319500
UBL-II,20180523,1189.65,1196.05,1176,1182.95,36,42000
UBL-III,20180523,0,0,0,1093.25,0,0
UJJIVAN-I,20180523,385.55,388.4,380.05,381.65,834,6313600
UJJIVAN-II,20180523,387.2,390.25,382,382.85,57,219200
UJJIVAN-III,20180523,388,388,385.3,385.3,2,11200
ULTRACEMCO-I,20180523,3761,3761,3697.25,3707.75,1857,1953400
ULTRACEMCO-II,20180523,3740.15,3759.35,3715,3725.2,250,68000
ULTRACEMCO-III,20180523,0,0,0,4000,0,200
UNIONBANK-I,20180523,87.75,91.9,85.85,87.1,5976,32128000
UNIONBANK-II,20180523,88.1,92.15,86.25,87.6,664,2872000
UNIONBANK-III,20180523,90,91,87.9,87.95,7,144000
UPL-I,20180523,685.8,697.1,682.3,685.7,2159,12289200
UPL-II,20180523,688.7,697.6,684,687.25,260,681600
UPL-III,20180523,692,698,689,689,11,26400
VEDL-I,20180523,265.8,265.85,250.45,252.7,22309,40302500
VEDL-II,20180523,263.4,264.75,251.75,253.65,2280,5496750
VEDL-III,20180523,257.8,264.1,254.25,255.1,39,85750
VGUARD-I,20180523,223.4,225,220.3,222.2,381,2907000
VGUARD-II,20180523,221,222.1,219.7,220.95,18,330000
VGUARD-III,20180523,0,0,0,241.95,0,0
VOLTAS-I,20180523,548.55,552.05,544.1,545.3,1946,4017000
VOLTAS-II,20180523,550.95,553.05,545.85,547.4,99,321000
VOLTAS-III,20180523,549,549,549,549,4,12000
WIPRO-I,20180523,266.8,267,263.8,264.35,1272,28821600
WIPRO-II,20180523,267.5,267.5,264.9,265.15,199,1053600
WIPRO-III,20180523,266.95,266.95,266.5,266.5,2,9600
WOCKPHARMA-I,20180523,654.95,670.95,637.85,642.8,2663,3157200
WOCKPHARMA-II,20180523,661.1,673.65,643,645.8,201,178200
WOCKPHARMA-III,20180523,0,0,0,739,0,1800
YESBANK-I,20180523,335.25,338.5,331.9,333.25,9987,39361000
YESBANK-II,20180523,335.25,337.1,331,332.35,955,14071750
YESBANK-III,20180523,338.65,338.65,333,333.25,29,236250
ZEEL-I,20180523,563.7,564.85,552.6,553.85,1459,9417200
ZEEL-II,20180523,563.05,563.05,555.7,556.5,52,118300
ZEEL-III,20180523,0,0,0,560,0,1300
