BANKNIFTY-I,20180322,24352.35,24368.55,24110.1,24171.7,98511,1987640
BANKNIFTY-II,20180322,24390.65,24447.95,24202,24256,3794,287200
BANKNIFTY-III,20180322,24400,24487.1,24255,24291.7,518,150560
FTSE100-I,20180322,0,0,0,7832,0,0
FTSE100-II,20180322,0,0,0,7364,0,0
FTSE100-III,20180322,0,0,0,7982,0,0
FTSE100-IIII,20180322,0,0,0,7867,0,0
FTSE100-IIIII,20180322,0,0,0,7947,0,0
FTSE100-IIIIII,20180322,0,0,0,7674,0,0
NIFTY-I,20180322,10195.85,10237.85,10110,10127.85,167097,22854525
NIFTY-II,20180322,10220,10273.5,10155.05,10168.75,21665,4701750
NIFTY-III,20180322,10239,10290,10175.15,10193.15,4443,1394325
NIFTYCPSE-I,20180322,0,0,0,2729.2,0,0
NIFTYCPSE-II,20180322,0,0,0,2827.05,0,0
NIFTYCPSE-III,20180322,0,0,0,2627.4,0,0
NIFTYINFRA-I,20180322,0,0,0,3662.6,0,0
NIFTYINFRA-II,20180322,0,0,0,3716.6,0,0
NIFTYINFRA-III,20180322,0,0,0,3441.1,0,0
NIFTYIT-I,20180322,12688,12688,12490,12512,245,44500
NIFTYIT-II,20180322,12622,12670,12555,12570,13,1900
NIFTYIT-III,20180322,0,0,0,12980,0,0
NIFTYMID50-I,20180322,0,0,0,5080,0,513600
NIFTYMID50-II,20180322,0,0,0,5562.4,0,0
NIFTYMID50-III,20180322,0,0,0,5152,0,0
NIFTYPSE-I,20180322,0,0,0,4378.2,0,0
NIFTYPSE-II,20180322,0,0,0,4380.6,0,0
NIFTYPSE-III,20180322,0,0,0,4077.45,0,0
ACC-I,20180322,1558.35,1568.65,1538,1546.3,2192,1224400
ACC-II,20180322,1562.5,1570,1545,1552.55,343,128800
ACC-III,20180322,0,0,0,1599,0,800
ADANIENT-I,20180322,162.7,164.3,158.8,159.85,4550,16844000
ADANIENT-II,20180322,164.5,164.9,159.75,160.6,237,2464000
ADANIENT-III,20180322,161.1,161.1,160,161,6,1052000
ADANIPORTS-I,20180322,364.3,366,355.4,359.15,3597,14190000
ADANIPORTS-II,20180322,366.25,367.6,357.35,361.1,330,1642500
ADANIPORTS-III,20180322,365.5,365.5,362.25,362.95,264,537500
ADANIPOWER-I,20180322,25.65,26.1,24.95,25.15,1577,90860000
ADANIPOWER-II,20180322,26,26.2,25.15,25.35,228,11240000
ADANIPOWER-III,20180322,25.5,25.65,25.5,25.65,2,1140000
AJANTPHARM-I,20180322,1380.15,1387.9,1333.25,1347.7,1041,606000
AJANTPHARM-II,20180322,1390,1390,1342.95,1356.65,139,97000
AJANTPHARM-III,20180322,1350,1350,1350,1350,1,500
ALBK-I,20180322,49.8,49.9,48.4,48.65,1202,14330000
ALBK-II,20180322,49.6,49.9,48.7,48.9,85,3320000
ALBK-III,20180322,0,0,0,51.75,0,80000
AMARAJABAT-I,20180322,792.95,802.8,776.5,779.85,1143,1327900
AMARAJABAT-II,20180322,798.6,805,781.5,782.9,119,83300
AMARAJABAT-III,20180322,787,787,787,787,1,2800
AMBUJACEM-I,20180322,231.05,233.35,227.85,228.6,2252,17040000
AMBUJACEM-II,20180322,231.5,233.8,228.75,229.55,358,6010000
AMBUJACEM-III,20180322,0,0,0,231,2,40000
ANDHRABANK-I,20180322,42.95,43.4,41.8,42.2,1299,21070000
ANDHRABANK-II,20180322,43.3,43.3,42.15,42.4,378,6560000
ANDHRABANK-III,20180322,43.25,43.25,43.25,43.25,1,70000
APOLLOHOSP-I,20180322,1032.85,1037.9,1018.2,1026.7,1134,1064500
APOLLOHOSP-II,20180322,1030.9,1040.05,1022,1029.3,103,80000
APOLLOHOSP-III,20180322,0,0,0,1270.9,0,0
APOLLOTYRE-I,20180322,262.95,264,259.5,260.25,1524,9921000
APOLLOTYRE-II,20180322,264.4,265,261.1,261.7,138,771000
APOLLOTYRE-III,20180322,265,265,265,265,3,126000
ARVIND-I,20180322,391.5,394.55,384,385,2004,5118000
ARVIND-II,20180322,393.2,396.1,385.9,386.85,301,596000
ARVIND-III,20180322,0,0,0,399.55,0,90000
ASHOKLEY-I,20180322,148.5,148.5,141.85,142.4,6443,48202000
ASHOKLEY-II,20180322,148.85,149.2,142.6,143.15,1037,9170000
ASHOKLEY-III,20180322,148.75,148.75,143.5,143.85,12,511000
ASIANPAINT-I,20180322,1104.2,1111.3,1102.6,1106.9,1558,4067400
ASIANPAINT-II,20180322,1113.55,1116,1108.55,1112.15,201,336000
ASIANPAINT-III,20180322,0,0,0,1115,0,111600
AUROPHARMA-I,20180322,565.95,569.7,556.8,558.2,6531,18939200
AUROPHARMA-II,20180322,569.65,572.3,560,561.05,2136,4322400
AUROPHARMA-III,20180322,573.55,573.55,563.25,565,32,82400
AXISBANK-I,20180322,524,526.65,517.4,518.8,7910,38908800
AXISBANK-II,20180322,526.15,528.55,520.15,521.2,651,1896000
AXISBANK-III,20180322,529.5,529.5,525.1,525.3,3,70800
BAJAJ-AUTO-I,20180322,2865,2877.95,2828.05,2838.1,2450,1943750
BAJAJ-AUTO-II,20180322,2873.45,2890,2843.4,2852.85,1017,225000
BAJAJ-AUTO-III,20180322,0,0,0,3075,0,2000
BAJAJFINSV-I,20180322,5105.5,5138.2,5075,5116.3,675,690875
BAJAJFINSV-II,20180322,5130.1,5152.15,5120,5136.1,150,25125
BAJAJFINSV-III,20180322,0,0,0,5022.05,0,500
BAJFINANCE-I,20180322,1706.95,1723.9,1693.1,1695.8,5890,4884000
BAJFINANCE-II,20180322,1707.95,1732.2,1702,1704.6,526,250000
BAJFINANCE-III,20180322,1730,1730,1730,1730,2,4000
BALKRISIND-I,20180322,1084,1090,1063,1068.95,319,926400
BALKRISIND-II,20180322,1085,1092.4,1071.3,1075.6,43,56800
BALKRISIND-III,20180322,0,0,0,1096.1,0,0
BALRAMCHIN-I,20180322,93.55,94.15,86.1,87.15,3176,13349000
BALRAMCHIN-II,20180322,92.6,92.6,85.35,86.7,630,3237500
BALRAMCHIN-III,20180322,88.2,88.85,87.3,88.85,3,584500
BANKBARODA-I,20180322,135.75,137.1,133.75,135.2,5978,52756000
BANKBARODA-II,20180322,136.65,137.5,134.45,135.9,473,7456000
BANKBARODA-III,20180322,137.2,137.2,137.1,137.1,2,932000
BANKINDIA-I,20180322,104.1,104.6,101.7,102.5,3026,21642000
BANKINDIA-II,20180322,103.95,104.4,102.45,102.9,302,5706000
BANKINDIA-III,20180322,104.1,104.1,104.1,104.1,1,1458000
BATAINDIA-I,20180322,708.05,720.1,706.5,708.35,1358,2387000
BATAINDIA-II,20180322,712.85,723,710,712,144,149600
BATAINDIA-III,20180322,0,0,0,690,0,2200
BEL-I,20180322,148.2,149.45,143.2,143.95,2482,22720500
BEL-II,20180322,149.1,150.25,144,144.7,675,3608550
BEL-III,20180322,0,0,0,151.05,0,544500
BEML-I,20180322,1098.35,1106.55,1076.9,1082.35,2478,1727400
BEML-II,20180322,1108,1108,1083,1087.75,359,546300
BEML-III,20180322,0,0,0,1105,0,226500
BERGEPAINT-I,20180322,243.15,245,240.85,243.85,5273,1166000
BERGEPAINT-II,20180322,243.5,245.05,242,244.4,75,136400
BERGEPAINT-III,20180322,0,0,0,245.35,0,0
BHARATFIN-I,20180322,1082,1094.95,1079.45,1088.4,2690,4328000
BHARATFIN-II,20180322,1088.2,1098.9,1085.9,1093.5,454,592000
BHARATFIN-III,20180322,0,0,0,1069.05,0,2000
BHARATFORG-I,20180322,707.1,712,693.65,701.3,3244,5343600
BHARATFORG-II,20180322,709.7,714.95,697.5,705.2,1011,1707600
BHARATFORG-III,20180322,0,0,0,771.05,0,0
BHARTIARTL-I,20180322,415.2,420.9,413.5,416.1,7183,41049900
BHARTIARTL-II,20180322,417.3,423,415.75,418.3,2754,13334800
BHARTIARTL-III,20180322,424.95,424.95,418.05,422.1,12,171700
BHEL-I,20180322,83.45,83.55,81.55,81.75,2223,44250000
BHEL-II,20180322,83.8,84,82,82.15,786,9532500
BHEL-III,20180322,83.65,83.65,82.5,82.5,8,172500
BIOCON-I,20180322,584.15,587.85,576,580.9,2720,5358600
BIOCON-II,20180322,587.15,587.15,575.75,580.05,681,2250000
BIOCON-III,20180322,586.55,586.55,576.75,581.4,6,46800
BOSCHLTD-I,20180322,17660,17688.35,17215.35,17314.95,1023,162650
BOSCHLTD-II,20180322,17770,17770,17304.55,17386.25,170,9375
BOSCHLTD-III,20180322,0,0,0,18100,0,125
BPCL-I,20180322,430.75,431.65,415.1,416.25,4138,10638000
BPCL-II,20180322,427.7,429,416.75,417.55,455,1027800
BPCL-III,20180322,424,424,420,420,2,21600
BRITANNIA-I,20180322,4869.95,4889.75,4846,4854.95,404,844800
BRITANNIA-II,20180322,4893.95,4904.9,4873,4876.05,35,14200
BRITANNIA-III,20180322,0,0,0,4951.05,0,0
CADILAHC-I,20180322,381.7,383.95,377.1,378.2,542,5465600
CADILAHC-II,20180322,384.8,385.95,379.6,380.2,89,422400
CADILAHC-III,20180322,0,0,0,379.85,0,9600
CANBK-I,20180322,258.3,259.55,254.2,254.95,6569,12025600
CANBK-II,20180322,259.75,259.9,255.7,256.25,523,1998400
CANBK-III,20180322,256.2,258.35,256.2,257.3,8,1088000
CANFINHOME-I,20180322,522.75,522.75,512,513.55,1441,4366250
CANFINHOME-II,20180322,525.55,525.55,515,516.15,365,873750
CANFINHOME-III,20180322,0,0,0,525,0,336250
CAPF-I,20180322,638.6,644.9,634.2,635.7,1613,5988000
CAPF-II,20180322,641.6,648.1,638,639.1,713,2261600
CAPF-III,20180322,0,0,0,638.95,0,203200
CASTROLIND-I,20180322,203.4,204,200.25,201.2,509,9979200
CASTROLIND-II,20180322,202,202.5,198.85,199.55,190,1178800
CASTROLIND-III,20180322,0,0,0,201.8,0,8400
CEATLTD-I,20180322,1518.05,1530.85,1466.65,1477.05,2674,1121400
CEATLTD-II,20180322,1524.55,1537.85,1475.8,1483.95,209,115500
CEATLTD-III,20180322,0,0,0,1602.25,0,0
CENTURYTEX-I,20180322,1161.35,1166.8,1140.7,1154.15,3750,4453350
CENTURYTEX-II,20180322,1166.4,1172.8,1147.55,1160.15,1820,1780350
CENTURYTEX-III,20180322,0,0,0,1152.7,0,2200
CESC-I,20180322,884.35,891.8,863.35,885.3,3236,5997750
CESC-II,20180322,888.25,896.65,868,889.6,487,581900
CESC-III,20180322,0,0,0,890,0,2200
CGPOWER-I,20180322,77.35,77.65,76,76.25,409,21264000
CGPOWER-II,20180322,77.75,77.85,76.55,76.7,191,4260000
CGPOWER-III,20180322,78.3,78.3,78.3,78.3,1,84000
CHENNPETRO-I,20180322,332,341.9,332,338.9,593,2518500
CHENNPETRO-II,20180322,338.75,343.9,336.95,340.85,44,136500
CHENNPETRO-III,20180322,0,0,0,367,0,0
CHOLAFIN-I,20180322,1449.55,1455.95,1421.1,1429.75,367,416000
CHOLAFIN-II,20180322,1456.5,1456.5,1431.3,1437.5,15,11000
CHOLAFIN-III,20180322,0,0,0,1406.05,0,0
CIPLA-I,20180322,555.25,556.65,540.5,542.6,2503,7660000
CIPLA-II,20180322,558.25,559.35,543.2,545.15,360,838000
CIPLA-III,20180322,560,560,546,550,104,450000
COALINDIA-I,20180322,272.9,273.9,268.6,269.45,2548,16359200
COALINDIA-II,20180322,272,275.05,270.1,270.4,707,2959000
COALINDIA-III,20180322,275,275,275,275,1,640200
COLPAL-I,20180322,1039.95,1050.75,1027.1,1044.1,2916,1344700
COLPAL-II,20180322,1043.85,1054,1032.75,1049.85,98,41300
COLPAL-III,20180322,0,0,0,1062.6,0,0
CONCOR-I,20180322,1192.5,1197.15,1170.1,1183.45,298,1109375
CONCOR-II,20180322,1199.8,1203.6,1178.7,1189.2,59,125625
CONCOR-III,20180322,0,0,0,1358.85,0,0
CUMMINSIND-I,20180322,743.3,743.3,729,733.9,706,699600
CUMMINSIND-II,20180322,742.9,744.2,733,738.5,131,129000
CUMMINSIND-III,20180322,0,0,0,833,0,0
DABUR-I,20180322,322.75,325,316.6,317.95,1030,14290000
DABUR-II,20180322,324.45,326.3,318,318.9,289,795000
DABUR-III,20180322,0,0,0,333.55,0,0
DALMIABHA-I,20180322,2848.2,2890,2807.95,2859.3,825,680100
DALMIABHA-II,20180322,2865.05,2899,2825,2870.2,27,30600
DALMIABHA-III,20180322,0,0,0,2899.05,0,1500
DCBBANK-I,20180322,163.75,167,162.25,163.75,497,4329000
DCBBANK-II,20180322,164.15,167.5,163.7,164.6,88,522000
DCBBANK-III,20180322,0,0,0,165.6,0,0
DHFL-I,20180322,525.95,535,518,520.05,9828,23943000
DHFL-II,20180322,528,537.7,521.35,522.95,1048,1215000
DHFL-III,20180322,533,533,533,533,1,9000
DISHTV-I,20180322,66.45,68.25,65.9,67.3,1830,46858000
DISHTV-II,20180322,66.8,68.45,66.2,67.6,539,5376000
DISHTV-III,20180322,0,0,0,71.25,0,742000
DIVISLAB-I,20180322,1092,1098.5,1070.3,1072.75,1828,2150400
DIVISLAB-II,20180322,1094,1103.8,1075.65,1077.9,249,293600
DIVISLAB-III,20180322,0,0,0,1039.25,0,160000
DLF-I,20180322,215.95,216.45,211.3,212.5,5759,42985000
DLF-II,20180322,217.55,217.65,212.55,213.6,818,5720000
DLF-III,20180322,0,0,0,217.85,0,425000
DRREDDY-I,20180322,2151.5,2158.2,2103,2114.95,3236,4043500
DRREDDY-II,20180322,2162.4,2165,2114.55,2125.15,812,318500
DRREDDY-III,20180322,0,0,0,2163.7,0,4000
EICHERMOT-I,20180322,28221.35,28560,28027.05,28093.1,1977,193375
EICHERMOT-II,20180322,28050.25,28659,28050.25,28215.8,276,9025
EICHERMOT-III,20180322,28691.5,28691.5,28691.5,28691.5,1,50
ENGINERSIN-I,20180322,155.65,156.2,152.6,154,1278,8382500
ENGINERSIN-II,20180322,156.5,157,153.85,154.8,185,1470000
ENGINERSIN-III,20180322,155.1,155.1,155.1,155.1,1,14000
EQUITAS-I,20180322,140.9,142.05,139,141.6,706,17977600
EQUITAS-II,20180322,140.9,142.75,140,142.4,198,1401600
EQUITAS-III,20180322,0,0,0,142.25,0,6400
ESCORTS-I,20180322,828.25,828.25,810.85,812.8,2364,3044800
ESCORTS-II,20180322,827.7,830.55,815.2,817.15,284,455400
ESCORTS-III,20180322,0,0,0,888.5,0,0
EXIDEIND-I,20180322,217.9,218.7,216,217.45,1048,8800000
EXIDEIND-II,20180322,217.55,219.6,217.5,218.6,118,652000
EXIDEIND-III,20180322,0,0,0,206.6,0,0
FEDERALBNK-I,20180322,91.45,91.8,90.9,91.2,1675,52701000
FEDERALBNK-II,20180322,91.9,92.2,91.45,91.7,556,7474500
FEDERALBNK-III,20180322,92.7,92.7,92,92,8,170500
FORTIS-I,20180322,156.55,157.2,153.6,154.75,1820,24857000
FORTIS-II,20180322,155.95,156.9,154.1,154.8,89,539000
FORTIS-III,20180322,0,0,0,157.3,0,21000
GAIL-I,20180322,439.85,442.2,436.2,437.6,2236,11668000
GAIL-II,20180322,438.2,443,437,437.8,692,2026000
GAIL-III,20180322,439,439,439,439,3,14000
GLENMARK-I,20180322,545.2,551,542.65,545.15,795,5280300
GLENMARK-II,20180322,550.25,552.65,546,547.85,189,509400
GLENMARK-III,20180322,0,0,0,554.1,0,5400
GMRINFRA-I,20180322,17.9,18.1,17.35,17.5,1335,273510000
GMRINFRA-II,20180322,18.2,18.2,17.5,17.65,292,40365000
GMRINFRA-III,20180322,0,0,0,18.15,0,2205000
GODFRYPHLP-I,20180322,802.45,839.65,802.45,816.55,235,612500
GODFRYPHLP-II,20180322,801.95,843.15,801.95,822.95,33,70000
GODFRYPHLP-III,20180322,0,0,0,884.95,0,0
GODREJCP-I,20180322,1087.4,1090.75,1075.05,1087.85,566,2267200
GODREJCP-II,20180322,1090.85,1093.45,1081.35,1091.35,168,276800
GODREJCP-III,20180322,0,0,0,1065,0,1600
GODREJIND-I,20180322,521.15,536.25,517.65,529.4,1493,1971000
GODREJIND-II,20180322,525.15,538.5,520.8,531.85,211,202500
GODREJIND-III,20180322,528,528,525.15,525.15,3,4500
GRANULES-I,20180322,107.45,107.45,104.6,104.9,906,14205000
GRANULES-II,20180322,107.2,107.9,105.3,105.5,336,1955000
GRANULES-III,20180322,106.5,106.5,106.5,106.5,1,25000
GRASIM-I,20180322,1099.2,1099.3,1088.25,1095.8,1210,4251750
GRASIM-II,20180322,1100.65,1103.2,1094,1101.15,203,228750
GRASIM-III,20180322,0,0,0,1143.45,0,3750
GSFC-I,20180322,123.3,124,120.4,121.2,1562,16303500
GSFC-II,20180322,124.55,124.8,121.05,121.7,366,2335500
GSFC-III,20180322,122.2,122.2,122.2,122.2,2,31500
HAVELLS-I,20180322,503.65,503.65,495,497.35,1345,4542000
HAVELLS-II,20180322,504.5,504.75,497.75,499.65,149,306000
HAVELLS-III,20180322,0,0,0,508.15,0,12000
HCC-I,20180322,28.8,28.9,23.3,23.95,9297,39195000
HCC-II,20180322,28.85,28.85,23.4,24.1,2430,13530000
HCC-III,20180322,28.35,28.35,23.85,24.1,51,510000
HCLTECH-I,20180322,947.5,950.55,928.55,933.3,2250,10313100
HCLTECH-II,20180322,951,954.5,933.2,936.45,577,468300
HCLTECH-III,20180322,0,0,0,936.45,0,211400
HDFC-I,20180322,1814.45,1838.65,1805.15,1811.25,6715,14863500
HDFC-II,20180322,1829,1847.6,1815,1820.85,2505,2345500
HDFC-III,20180322,1828.35,1829.95,1828.35,1829.95,2,1000
HDFCBANK-I,20180322,1858.65,1879.25,1858,1866.2,9123,14078500
HDFCBANK-II,20180322,1864.2,1884,1863.5,1871.65,1445,1778500
HDFCBANK-III,20180322,1868.2,1885.95,1868.2,1872.2,13,14000
HDIL-I,20180322,42.2,42.45,40.9,41.2,446,29169000
HDIL-II,20180322,42.25,42.65,41.45,41.5,145,4140000
HEROMOTOCO-I,20180322,3474.95,3493.65,3449.05,3460.45,2308,1410600
HEROMOTOCO-II,20180322,3485.85,3508,3468,3478.8,242,89400
HEROMOTOCO-III,20180322,3500,3504.6,3500,3502.3,2,3000
HEXAWARE-I,20180322,371.6,380.5,370.2,377,2361,4353000
HEXAWARE-II,20180322,366.5,374,366.5,370.35,137,723000
HEXAWARE-III,20180322,370.05,370.05,370.05,370.05,2,129000
HINDALCO-I,20180322,214.95,219.6,213.05,216.65,8135,44292500
HINDALCO-II,20180322,215.95,220.5,214.25,217.65,902,2632000
HINDALCO-III,20180322,216,220.85,215.85,220.4,18,612500
HINDPETRO-I,20180322,352.45,354.5,342.2,344.1,3484,22617000
HINDPETRO-II,20180322,353.5,355.9,343.75,345.55,416,1201725
HINDPETRO-III,20180322,351,353.55,347,348,7,34650
HINDUNILVR-I,20180322,1318.95,1324.4,1311,1312.7,1639,7903800
HINDUNILVR-II,20180322,1325.9,1329.8,1317.3,1318.85,186,327600
HINDUNILVR-III,20180322,0,0,0,1302.7,0,600
HINDZINC-I,20180322,305.2,309.15,304.95,306.6,1570,15152000
HINDZINC-II,20180322,307.85,310.5,306.4,308.25,173,1984000
HINDZINC-III,20180322,0,0,0,308.5,0,6400
IBULHSGFIN-I,20180322,1221.05,1240.8,1213.4,1224.9,6172,15151600
IBULHSGFIN-II,20180322,1229.35,1247.75,1223,1230.1,1805,1866800
IBULHSGFIN-III,20180322,1230.25,1230.25,1227.35,1227.35,2,8000
ICICIBANK-I,20180322,290.95,290.95,281.95,284.4,15656,90260500
ICICIBANK-II,20180322,293,293,283.4,285.8,4367,13235750
ICICIBANK-III,20180322,292,292,284.75,286.7,330,693000
ICICIPRULI-I,20180322,384.95,384.95,375.45,378.8,1089,4716400
ICICIPRULI-II,20180322,386.85,386.9,378,380.85,134,338000
ICICIPRULI-III,20180322,0,0,0,393,0,2600
IDBI-I,20180322,77.1,77.7,75.55,77.15,1532,36330000
IDBI-II,20180322,76.5,77.7,76.2,77.05,265,4630000
IDBI-III,20180322,0,0,0,75.8,0,110000
IDEA-I,20180322,78.7,79.95,76.8,77.75,2942,100660000
IDEA-II,20180322,79.05,80.4,77.15,78.15,1336,9863000
IDEA-III,20180322,0,0,0,79.3,0,420000
IDFC-I,20180322,50.3,52.8,50.3,51.15,3984,137874000
IDFC-II,20180322,50.7,53.05,50.65,51.45,1474,39890400
IDFC-III,20180322,51.4,53,51.4,51.95,8,290400
IDFCBANK-I,20180322,49.55,50,49.15,49.25,2589,155466000
IDFCBANK-II,20180322,49.75,50.2,49.45,49.55,1211,54756000
IDFCBANK-III,20180322,49.9,50.2,49.7,49.85,9,351000
IFCI-I,20180322,20.35,20.9,20,20.15,369,77572000
IFCI-II,20180322,20.45,20.85,20.3,20.3,132,13750000
IFCI-III,20180322,0,0,0,21.05,0,1430000
IGL-I,20180322,295.5,296.9,290.2,292.35,1012,4108500
IGL-II,20180322,298,298.75,292,293.9,142,660000
IGL-III,20180322,0,0,0,286.05,0,13750
INDIACEM-I,20180322,144.7,145.3,140.05,140.8,2118,22603000
INDIACEM-II,20180322,145.5,146.1,140.9,141.5,639,3020500
INDIACEM-III,20180322,144.25,144.25,144,144,4,98000
INDIANB-I,20180322,292,294.65,287.6,289.85,1786,3200000
INDIANB-II,20180322,294.25,295.5,289.35,290.9,521,912000
INDIANB-III,20180322,0,0,0,312.3,0,0
INDIGO-I,20180322,1255.05,1271.8,1245.95,1252.6,1583,3731400
INDIGO-II,20180322,1247,1266,1245.1,1251.25,326,289200
INDIGO-III,20180322,0,0,0,1248,0,4200
INDUSINDBK-I,20180322,1744.65,1766.65,1739.75,1755.6,6878,4524900
INDUSINDBK-II,20180322,1743.4,1768,1737.85,1757.95,1473,1503000
INDUSINDBK-III,20180322,1746,1747.7,1738.7,1747.7,5,129900
INFIBEAM-I,20180322,149.35,150.9,149.3,150.2,712,23312000
INFIBEAM-II,20180322,149.4,149.95,148.7,149.15,498,15916000
INFIBEAM-III,20180322,0,0,0,160.4,0,0
INFRATEL-I,20180322,336.05,344.1,330.8,335.15,1212,5497800
INFRATEL-II,20180322,337,339.65,327.55,331.2,107,683400
INFRATEL-III,20180322,329.3,330.15,329.3,330.15,2,311100
INFY-I,20180322,1168.75,1179.35,1157.3,1161.3,9097,32725200
INFY-II,20180322,1174.2,1184.7,1163,1166.85,5134,4475400
INFY-III,20180322,1184.2,1184.2,1163.15,1163.15,4,32400
IOC-I,20180322,173.5,174.35,170.2,170.75,3388,27882000
IOC-II,20180322,174.5,175,170.9,171.55,875,14595000
IOC-III,20180322,174.5,175.8,171.7,172.4,83,1350000
IRB-I,20180322,220,220.3,217.4,218.95,1193,9192500
IRB-II,20180322,220.7,220.7,218.85,220.35,456,6720000
IRB-III,20180322,0,0,0,221.3,0,175000
ITC-I,20180322,260.05,262.2,258.1,258.95,4873,81571200
ITC-II,20180322,261.7,263.55,259.4,260.3,1226,7063200
ITC-III,20180322,263.1,263.1,260.15,260.5,15,228000
JETAIRWAYS-I,20180322,670.5,671.5,640.2,643.35,5652,6456000
JETAIRWAYS-II,20180322,668.85,670.55,645,646.85,659,805200
JETAIRWAYS-III,20180322,666.05,666.05,643.85,643.85,3,106800
JINDALSTEL-I,20180322,231.2,231.75,223.3,225.35,2665,31081500
JINDALSTEL-II,20180322,232.5,232.5,225,226.7,183,3357000
JINDALSTEL-III,20180322,0,0,0,221,0,81000
JISLJALEQS-I,20180322,107.65,107.7,105.05,105.45,1071,35451000
JISLJALEQS-II,20180322,108.5,108.5,105.75,106.05,126,3942000
JISLJALEQS-III,20180322,0,0,0,109,0,630000
JPASSOCIAT-I,20180322,19.3,19.5,17.7,18.15,1042,147900000
JPASSOCIAT-II,20180322,19,19.4,18.2,18.3,383,35666000
JPASSOCIAT-III,20180322,0,0,0,20.8,0,510000
JSWSTEEL-I,20180322,289.1,291.35,286.2,287.15,7259,42117000
JSWSTEEL-II,20180322,289.95,292.5,287.65,288.65,3746,26079000
JSWSTEEL-III,20180322,0,0,0,293,0,714000
JUBLFOOD-I,20180322,2225,2299.7,2215.05,2274.1,17212,1791000
JUBLFOOD-II,20180322,2258,2306.45,2228,2281.15,1586,357000
JUBLFOOD-III,20180322,0,0,0,2148,80,83500
JUSTDIAL-I,20180322,443.15,449.5,437.3,443.7,1769,4047400
JUSTDIAL-II,20180322,443,448.75,439.75,445.35,157,800800
JUSTDIAL-III,20180322,0,0,0,445.9,0,320600
KAJARIACER-I,20180322,575,581.65,556.95,564.1,7269,1505600
KAJARIACER-II,20180322,577.35,583.25,559.95,567.7,131,129600
KAJARIACER-III,20180322,0,0,0,565,0,800
KOTAKBANK-I,20180322,1056.6,1063.7,1051.1,1055.15,3141,10116000
KOTAKBANK-II,20180322,1059.55,1068.3,1056.05,1059.85,577,989600
KOTAKBANK-III,20180322,1068,1068,1061,1061,3,204000
KPIT-I,20180322,229.85,232.4,226.7,227.55,1863,8712000
KPIT-II,20180322,232,233.6,228.2,228.8,147,733500
KPIT-III,20180322,0,0,0,235,0,22500
KSCL-I,20180322,475.35,488.5,473.5,484.85,806,2518500
KSCL-II,20180322,480,489.75,479.35,487.35,33,93000
KSCL-III,20180322,0,0,0,493,0,0
KTKBANK-I,20180322,120.6,121.4,117.75,118.2,1332,20383200
KTKBANK-II,20180322,121.1,122,118.5,118.9,638,5616400
KTKBANK-III,20180322,122.05,122.05,122.05,122.05,1,554800
L&TFH-I,20180322,156.65,156.95,154,155.3,1542,29938500
L&TFH-II,20180322,157.6,157.65,155.05,156.1,315,4729500
L&TFH-III,20180322,156.8,156.8,156.8,156.8,1,720000
LICHSGFIN-I,20180322,522.2,526.9,521.25,525.8,2949,13512400
LICHSGFIN-II,20180322,525,529.3,524.15,528.4,316,1039500
LICHSGFIN-III,20180322,0,0,0,525,0,23100
LT-I,20180322,1314.6,1321.4,1288.15,1296,5370,12544500
LT-II,20180322,1319,1327,1294.6,1301.95,922,852750
LT-III,20180322,1331,1331,1299.3,1307.7,23,21750
LUPIN-I,20180322,771,777.5,758.15,760.2,3503,12006000
LUPIN-II,20180322,776.3,781.8,762.3,764.15,1361,2616000
LUPIN-III,20180322,782.5,782.5,769.5,769.5,14,291000
M&M-I,20180322,749.95,750.95,728,732.2,2890,13520000
M&M-II,20180322,750.35,751.55,732,735.75,425,1476000
M&M-III,20180322,0,0,0,742.5,0,5000
M&MFIN-I,20180322,453,453.6,431.55,434.2,2659,7527500
M&MFIN-II,20180322,455,455.5,434,436.55,490,705000
M&MFIN-III,20180322,0,0,0,448.7,0,206250
MANAPPURAM-I,20180322,104.4,105,102.75,103.05,630,20754000
MANAPPURAM-II,20180322,104.85,105.35,103.3,103.55,96,1872000
MANAPPURAM-III,20180322,0,0,0,104.1,0,30000
MARICO-I,20180322,323.95,327.7,321.6,323,940,3900000
MARICO-II,20180322,327.4,328.75,324.15,324.7,95,949000
MARICO-III,20180322,0,0,0,308.85,0,650000
MARUTI-I,20180322,8890,8920,8704,8722.95,9332,2177925
MARUTI-II,20180322,8941.2,8959,8750,8766.9,1626,221400
MARUTI-III,20180322,8974.15,8989.1,8789.1,8806,78,29250
MCDOWELL-N-I,20180322,3058,3090.1,3044,3056.95,2359,1897750
MCDOWELL-N-II,20180322,3086,3100.8,3062.4,3074.05,635,264500
MCDOWELL-N-III,20180322,0,0,0,3056.35,0,4750
MCX-I,20180322,764.95,770.85,744.1,745.7,1643,3238500
MCX-II,20180322,772,774.45,748.5,749.15,755,520000
MCX-III,20180322,0,0,0,759.3,0,0
MFSL-I,20180322,434.95,442.15,426.45,439.45,1090,3017000
MFSL-II,20180322,439,443.75,430,441.45,134,182000
MFSL-III,20180322,0,0,0,504.65,0,0
MGL-I,20180322,988,990.65,962,966.6,432,1047000
MGL-II,20180322,990.65,995.85,968.75,971.8,64,97800
MGL-III,20180322,0,0,0,1005.35,0,0
MINDTREE-I,20180322,794.9,795,770.3,775.6,2891,2067600
MINDTREE-II,20180322,795,795,772.25,777.95,138,236400
MINDTREE-III,20180322,0,0,0,768.5,0,4800
MOTHERSUMI-I,20180322,310.45,314.4,309.1,311.35,2310,16200000
MOTHERSUMI-II,20180322,313.05,315.55,310.75,312.65,343,1784000
MOTHERSUMI-III,20180322,318.5,318.5,313,313,2,401600
MRF-I,20180322,70379.9,70449.95,69360.05,69561.65,528,40110
MRF-II,20180322,70230,70733.35,69800,69913.55,133,3120
MRF-III,20180322,0,0,0,71482.05,0,0
MRPL-I,20180322,111.4,114.5,108.25,111.9,1511,4653000
MRPL-II,20180322,113,114.9,108.75,112.45,144,513000
MRPL-III,20180322,0,0,0,118,0,0
MUTHOOTFIN-I,20180322,393.9,400,388.3,390.15,686,1779000
MUTHOOTFIN-II,20180322,398.55,402.4,391.5,392,102,153000
MUTHOOTFIN-III,20180322,0,0,0,377.8,0,0
NATIONALUM-I,20180322,65.1,70.25,64.9,69.15,4519,37944000
NATIONALUM-II,20180322,65.85,70.4,65.35,69.55,840,6176000
NATIONALUM-III,20180322,66.5,69.4,66.5,69.4,2,48000
NBCC-I,20180322,196.95,198.75,194,197,1046,9294000
NBCC-II,20180322,198.05,199.75,195.15,198.1,196,1665000
NBCC-III,20180322,0,0,0,201.1,0,519000
NCC-I,20180322,120.35,122.7,118.75,119.3,1701,25536000
NCC-II,20180322,121.4,122.95,119.6,120,406,3544000
NCC-III,20180322,122.7,122.85,120.4,120.4,8,80000
NESTLEIND-I,20180322,7849.9,7935.5,7801.05,7859.5,239,234000
NESTLEIND-II,20180322,7950.9,7950.9,7900,7903.4,62,7800
NESTLEIND-III,20180322,0,0,0,7691.2,0,0
NHPC-I,20180322,26.55,26.55,26.2,26.25,142,41580000
NHPC-II,20180322,26.5,26.7,26.35,26.45,56,5913000
NHPC-III,20180322,0,0,0,26.85,0,243000
NIITTECH-I,20180322,949,949,927.5,933.95,4069,1330500
NIITTECH-II,20180322,934,940,923.5,927.8,247,322500
NIITTECH-III,20180322,0,0,0,943.05,0,181500
NMDC-I,20180322,120.8,122.4,119.45,121.15,1545,29844000
NMDC-II,20180322,120.75,123,120.1,121.8,356,3774000
NMDC-III,20180322,123.25,123.25,123.25,123.25,1,114000
NTPC-I,20180322,169.35,170.65,168.6,170.35,1503,28840000
NTPC-II,20180322,170.15,171.1,169.2,170.9,227,1316000
NTPC-III,20180322,169.35,169.35,169.35,169.35,2,16000
OFSS-I,20180322,3853.9,3853.9,3761.4,3824.2,129,118200
OFSS-II,20180322,3770.05,3836.65,3770.05,3836.65,2,2250
OFSS-III,20180322,0,0,0,4170.8,0,0
OIL-I,20180322,333.35,339.5,332.1,335.45,870,2050730
OIL-II,20180322,330.95,338.5,330.95,334.15,125,401082
OIL-III,20180322,0,0,0,335.35,0,2266
ONGC-I,20180322,177.25,182,177.25,179.25,4270,32786250
ONGC-II,20180322,178.4,182.8,177.95,180.1,513,3356250
ONGC-III,20180322,180.7,182.5,180.7,182.2,5,195000
ORIENTBANK-I,20180322,95.8,96.45,94.25,94.65,1084,13308000
ORIENTBANK-II,20180322,96.15,96.85,95,95.2,150,3708000
ORIENTBANK-III,20180322,0,0,0,97,0,504000
PAGEIND-I,20180322,20699.3,20927.45,20502.05,20609.85,241,33800
PAGEIND-II,20180322,20900,21000,20695.65,20706.35,44,1450
PAGEIND-III,20180322,0,0,0,22693.55,0,0
PCJEWELLER-I,20180322,346.45,363,341,342.95,8103,5326500
PCJEWELLER-II,20180322,347.55,364.85,343.05,344.55,737,1192500
PCJEWELLER-III,20180322,0,0,0,350,0,589500
PEL-I,20180322,2482.9,2501.5,2465.3,2475.8,517,1779384
PEL-II,20180322,2495.95,2510.45,2481.1,2488.3,105,115968
PEL-III,20180322,0,0,0,2640.9,0,0
PETRONET-I,20180322,236.05,236.25,233.3,234.6,721,15108000
PETRONET-II,20180322,235.95,236.6,234.25,235.15,217,1146000
PETRONET-III,20180322,0,0,0,235.2,0,45000
PFC-I,20180322,89.45,89.45,86.85,87,3183,57786000
PFC-II,20180322,89.55,89.8,87.3,87.5,1787,18198000
PFC-III,20180322,89.6,89.6,88.35,88.35,2,1962000
PIDILITIND-I,20180322,903.6,914.25,903.6,911.55,606,1257000
PIDILITIND-II,20180322,914.05,917.85,914.05,915.65,65,53000
PIDILITIND-III,20180322,0,0,0,902.9,0,0
PNB-I,20180322,98.65,98.65,95.75,96.55,5525,64852000
PNB-II,20180322,98.5,98.5,96.4,97.1,1039,11668000
PNB-III,20180322,98.15,98.15,97,97.4,66,3200000
POWERGRID-I,20180322,194.2,194.9,192.95,193.35,1420,23012000
POWERGRID-II,20180322,194.85,195.35,193.9,194.2,143,960000
POWERGRID-III,20180322,0,0,0,197,0,36000
PTC-I,20180322,90.75,91.2,88.35,88.9,784,21632000
PTC-II,20180322,91,91.75,89,89.4,165,2880000
PTC-III,20180322,0,0,0,93.75,0,816000
PVR-I,20180322,1248.95,1249.95,1222.15,1235.65,809,636400
PVR-II,20180322,1240.55,1249.35,1234.5,1242.3,83,58400
PVR-III,20180322,0,0,0,1411.7,0,0
RAMCOCEM-I,20180322,731.45,742.6,725.1,737.85,363,845600
RAMCOCEM-II,20180322,738,745.1,729.65,738,51,36000
RAMCOCEM-III,20180322,0,0,0,728.1,0,0
RAYMOND-I,20180322,935.05,950,927.1,930.85,1725,3469600
RAYMOND-II,20180322,916.05,955,916.05,935.85,305,1118400
RAYMOND-III,20180322,0,0,0,902.95,0,4000
RBLBANK-I,20180322,463.95,467.3,459.7,463.05,963,4329000
RBLBANK-II,20180322,465,469.45,462.75,465.45,328,672000
RBLBANK-III,20180322,0,0,0,479.1,0,0
RCOM-I,20180322,25.55,26.25,23.55,23.9,1980,89460000
RCOM-II,20180322,25.6,26,23.8,23.95,95,17948000
RCOM-III,20180322,0,0,0,25.8,0,1764000
RECLTD-I,20180322,130.1,130.95,126.55,126.8,2066,30696000
RECLTD-II,20180322,131,131.25,127.2,127.45,518,6276000
RECLTD-III,20180322,132.25,132.25,128.25,128.25,6,1170000
RELCAPITAL-I,20180322,430.95,434.35,408.55,411.95,11962,11766000
RELCAPITAL-II,20180322,432.85,436.4,411,414.45,2663,2325750
RELCAPITAL-III,20180322,434.05,434.05,412.65,413.5,22,475500
RELIANCE-I,20180322,902.2,912.4,897.45,908.25,16087,45058000
RELIANCE-II,20180322,906,916.95,902.25,912.55,3622,6644000
RELIANCE-III,20180322,907.7,919,907.7,915.75,52,159000
RELINFRA-I,20180322,452.55,454.75,429.5,430.7,8849,7640100
RELINFRA-II,20180322,455,456.75,431.7,433.15,1637,2873000
RELINFRA-III,20180322,456.05,456.05,442.55,442.6,55,583700
REPCOHOME-I,20180322,555,562.7,547.5,552.75,647,1008900
REPCOHOME-II,20180322,552.2,564.3,549.95,555.85,71,67500
REPCOHOME-III,20180322,0,0,0,551.45,0,0
RNAVAL-I,20180322,32.65,32.9,29.95,30.35,1413,38781000
RNAVAL-II,20180322,32.8,33.05,30.2,30.55,430,6651000
RNAVAL-III,20180322,30.9,31.7,30.9,31.7,4,72000
RPOWER-I,20180322,39.35,39.8,38.15,38.3,1454,56004000
RPOWER-II,20180322,39.6,40,38.45,38.6,310,12311000
RPOWER-III,20180322,39.85,39.85,39,39,6,1313000
SAIL-I,20180322,73.5,74.35,71.85,74.05,1925,80844000
SAIL-II,20180322,73.35,74.75,72.35,74.55,443,10452000
SAIL-III,20180322,0,0,0,73,0,1344000
SBIN-I,20180322,247.05,248.4,241.5,242.1,19909,72579000
SBIN-II,20180322,250,250,242.7,243.25,4592,15372000
SBIN-III,20180322,249.45,249.45,242.45,243.4,217,2145000
SHREECEM-I,20180322,16150,16619,16150,16396.1,359,67450
SHREECEM-II,20180322,16533,16580,16470,16470,8,1550
SHREECEM-III,20180322,0,0,0,17057.5,0,0
SIEMENS-I,20180322,1108.1,1113.2,1086.05,1097,668,776000
SIEMENS-II,20180322,1114,1118.4,1094.35,1103.15,94,61500
SIEMENS-III,20180322,1100,1100,1100,1100,1,1000
SOUTHBANK-I,20180322,24.05,24.05,23.3,23.4,943,129846438
SOUTHBANK-II,20180322,24.15,24.15,23.45,23.55,495,30290874
SOUTHBANK-III,20180322,24.1,24.1,23.9,23.9,3,927948
SREINFRA-I,20180322,79.6,80.6,75.9,76.4,1354,13725000
SREINFRA-II,20180322,80.8,80.85,76.45,76.8,638,3085000
SREINFRA-III,20180322,0,0,0,79.45,0,5000
SRF-I,20180322,1952.15,1960.75,1931.05,1942.7,949,469500
SRF-II,20180322,1961.35,1966.65,1940.05,1950.7,77,134500
SRF-III,20180322,1922.7,1922.7,1922.7,1922.7,1,75000
SRTRANSFIN-I,20180322,1398.35,1414.5,1388.8,1403.6,1479,2515200
SRTRANSFIN-II,20180322,1402.05,1420.4,1395.7,1410,239,159000
SRTRANSFIN-III,20180322,0,0,0,1390,0,5400
STAR-I,20180322,694.55,703.45,683,684.75,1623,2888400
STAR-II,20180322,699.2,706,687,688.3,414,506400
STAR-III,20180322,0,0,0,690,0,192600
SUNPHARMA-I,20180322,519.8,520.5,506.1,509.6,16091,43312500
SUNPHARMA-II,20180322,520.9,524.45,508.65,512.15,5392,15517700
SUNPHARMA-III,20180322,521.75,522,513.75,516,30,430100
SUNTV-I,20180322,875.05,882,845.1,849.5,6265,3217000
SUNTV-II,20180322,881,885.55,850,853.7,1438,1274000
SUNTV-III,20180322,0,0,0,936,0,5000
SUZLON-I,20180322,11.35,11.4,11.2,11.25,1035,324870000
SUZLON-II,20180322,11.4,11.45,11.3,11.35,511,61355000
SUZLON-III,20180322,11.55,11.6,11.4,11.45,13,6510000
SYNDIBANK-I,20180322,59.6,59.8,57.95,58.25,1676,28107000
SYNDIBANK-II,20180322,59.9,60,58.3,58.55,545,5994000
SYNDIBANK-III,20180322,60.05,60.05,60.05,60.05,1,27000
TATACHEM-I,20180322,670.15,675.5,665,667.55,793,5296500
TATACHEM-II,20180322,676.35,678.5,668.4,670.75,222,522000
TATACHEM-III,20180322,673,673,673,673,1,76500
TATACOMM-I,20180322,639.45,640.7,626,628.45,858,5974400
TATACOMM-II,20180322,640.9,643.6,630,631.85,290,229600
TATACOMM-III,20180322,0,0,0,630,0,0
TATAELXSI-I,20180322,995.5,1006,989.8,993.05,870,1573600
TATAELXSI-II,20180322,1003.6,1009.35,996,997.5,60,130400
TATAELXSI-III,20180322,0,0,0,981.65,0,800
TATAGLOBAL-I,20180322,264.95,264.95,258.5,259.65,2520,21015000
TATAGLOBAL-II,20180322,266.5,266.5,260,261.1,441,2061000
TATAGLOBAL-III,20180322,264,264.6,262.3,262.3,4,54000
TATAMOTORS-I,20180322,339,340.95,335.6,338.75,11509,59038500
TATAMOTORS-II,20180322,339.9,342.5,337.2,340.4,2320,9999000
TATAMOTORS-III,20180322,340.4,344,339.8,342.05,125,652500
TATAMTRDVR-I,20180322,190.05,191.4,189.1,190.9,2192,25947500
TATAMTRDVR-II,20180322,191,192.45,190.5,191.85,841,4152500
TATAMTRDVR-III,20180322,192.9,192.9,192.9,192.9,1,32500
TATAPOWER-I,20180322,79.8,80.4,79.8,80.1,861,56619000
TATAPOWER-II,20180322,80.7,80.85,80.4,80.55,249,3294000
TATAPOWER-III,20180322,0,0,0,80.55,0,9000
TATASTEEL-I,20180322,585.1,588.95,574.3,582.65,20058,27099001
TATASTEEL-II,20180322,588.6,591,577,584.9,2045,3736842
TATASTEEL-III,20180322,585.3,592.6,579.55,586,202,931558
TCS-I,20180322,2869.8,2876.5,2833.6,2839.1,5543,10138500
TCS-II,20180322,2886.45,2886.45,2847.05,2851.9,1004,635250
TCS-III,20180322,2873.95,2880.05,2862.3,2866.5,21,97000
TECHM-I,20180322,626.95,631.45,618,620.45,2319,11462400
TECHM-II,20180322,628.7,634,621.1,623.5,226,709200
TECHM-III,20180322,0,0,0,626.75,0,145200
TITAN-I,20180322,865.25,892.5,865.25,888.25,6048,11425500
TITAN-II,20180322,882.7,896.2,880.25,891.75,440,1030500
TITAN-III,20180322,881.85,881.85,881.85,881.85,1,24000
TORNTPHARM-I,20180322,1242,1259.35,1226.2,1252.1,420,751500
TORNTPHARM-II,20180322,1245.3,1261,1233.5,1258.8,51,25500
TORNTPHARM-III,20180322,0,0,0,1286.05,0,500
TORNTPOWER-I,20180322,237.8,238.35,230.65,231.9,591,3867000
TORNTPOWER-II,20180322,238.15,238.6,232,232.85,113,426000
TORNTPOWER-III,20180322,0,0,0,243.8,0,12000
TV18BRDCST-I,20180322,65.7,65.7,64.35,64.8,1791,69428000
TV18BRDCST-II,20180322,65.8,66,64.7,65.1,364,12563000
TV18BRDCST-III,20180322,0,0,0,66.1,0,2686000
TVSMOTOR-I,20180322,616.55,626.45,603.75,607.3,2037,4031000
TVSMOTOR-II,20180322,622.9,627.45,605.75,608.3,368,372000
TVSMOTOR-III,20180322,0,0,0,655,0,2000
UBL-I,20180322,957,977.95,944,966.05,1796,1011500
UBL-II,20180322,960,981,950,970.9,107,198100
UBL-III,20180322,970,973.85,968,968.4,6,104300
UJJIVAN-I,20180322,351.9,352.5,345.4,347.25,959,4331200
UJJIVAN-II,20180322,351.2,353.2,347.65,349.8,100,635200
UJJIVAN-III,20180322,0,0,0,337,0,204800
ULTRACEMCO-I,20180322,4005,4018,3920,3928.25,1890,1682600
ULTRACEMCO-II,20180322,4002,4030.75,3937,3944.35,586,158800
ULTRACEMCO-III,20180322,0,0,0,3981.95,0,50200
UNIONBANK-I,20180322,95.6,96.15,94.5,95.05,3052,28604000
UNIONBANK-II,20180322,96,96.6,95.25,95.6,449,6268000
UNIONBANK-III,20180322,97.45,97.45,96,96,3,556000
UPL-I,20180322,717,729,716.85,719.6,2371,11948400
UPL-II,20180322,722.1,732.5,721.05,723.4,366,526800
UPL-III,20180322,0,0,0,721.6,0,2400
VEDL-I,20180322,289.15,294.85,286.75,292,13704,31939250
VEDL-II,20180322,291.5,296.25,288.4,293.65,2962,9458750
VEDL-III,20180322,290.5,297.4,290.5,297.4,501,1095500
VGUARD-I,20180322,223.65,224.6,220.5,221.65,473,2595000
VGUARD-II,20180322,223.1,223.1,219.15,219.9,41,324000
VGUARD-III,20180322,0,0,0,229.95,0,0
VOLTAS-I,20180322,614.95,620,607.2,615.3,3111,3004000
VOLTAS-II,20180322,618.95,622.4,610,618.25,335,377000
VOLTAS-III,20180322,615.4,617,613,617,4,70000
WIPRO-I,20180322,293.3,295.2,288,288.7,2293,26164800
WIPRO-II,20180322,294.15,296.3,289.05,289.65,844,2877600
WIPRO-III,20180322,0,0,0,295.2,0,2400
WOCKPHARMA-I,20180322,747,749.8,724.5,733.6,2360,2790000
WOCKPHARMA-II,20180322,747.85,753.2,729,737.55,408,873900
WOCKPHARMA-III,20180322,0,0,0,777.15,0,99900
YESBANK-I,20180322,301.85,304.8,296.85,299.15,14327,45584000
YESBANK-II,20180322,303.7,306.25,298.3,300.5,3440,5736500
YESBANK-III,20180322,303.3,305.5,298.95,300.85,79,652750
ZEEL-I,20180322,569.05,577.75,555.75,560.4,2318,7402200
ZEEL-II,20180322,568.05,580.05,559.05,563.3,298,365300
ZEEL-III,20180322,0,0,0,574.7,0,7800
