BANKNIFTY-I,20180628,26417.6,26474.9,26141.05,26320.9,107457,770560
BANKNIFTY-II,20180628,26316.05,26439.85,26136.65,26237.5,54379,1932000
BANKNIFTY-III,20180628,26379.95,26450,26150.05,26255.2,756,28960
FTSE100-I,20180628,0,0,0,7445,0,0
FTSE100-II,20180628,0,0,0,7881,0,0
FTSE100-III,20180628,0,0,0,7867,0,0
FTSE100-IIII,20180628,0,0,0,7947,0,0
FTSE100-IIIII,20180628,0,0,0,7674,0,0
FTSE100-IIIIII,20180628,0,0,0,8315,0,0
NIFTY-I,20180628,10660,10677.55,10556.95,10590.4,211887,10754400
NIFTY-II,20180628,10674.1,10674.1,10550.75,10571.1,185424,18788625
NIFTY-III,20180628,10680.25,10690.1,10572,10592.55,4094,375150
NIFTYCPSE-I,20180628,0,0,0,2463.55,0,0
NIFTYCPSE-II,20180628,0,0,0,2439.95,0,0
NIFTYCPSE-III,20180628,0,0,0,2472.95,0,0
NIFTYINFRA-I,20180628,0,0,0,3389.3,0,0
NIFTYINFRA-II,20180628,0,0,0,3500.75,0,0
NIFTYINFRA-III,20180628,0,0,0,3400.05,0,0
NIFTYIT-I,20180628,14035,14132,13855,13873,858,16450
NIFTYIT-II,20180628,14121,14130,13870,13893,1066,38800
NIFTYIT-III,20180628,0,0,0,13929,0,0
NIFTYMID50-I,20180628,4810,4937.95,4800,4800,6,600
NIFTYMID50-II,20180628,0,0,0,4834,0,591470
NIFTYMID50-III,20180628,0,0,0,5109.2,0,0
NIFTYPSE-I,20180628,0,0,0,3770,0,0
NIFTYPSE-II,20180628,0,0,0,3893.55,0,0
NIFTYPSE-III,20180628,0,0,0,3925.45,0,0
ACC-I,20180628,1308,1325.7,1289.2,1291.85,4710,843600
ACC-II,20180628,1310,1331.3,1284.95,1293.95,4399,1865200
ACC-III,20180628,1318.65,1328.45,1296,1299.9,40,20400
ADANIENT-I,20180628,112.55,115.6,109.35,109.7,5706,2484000
ADANIENT-II,20180628,112.4,115.3,109.3,109.95,3749,12720000
ADANIENT-III,20180628,113.2,115.35,109.1,110.1,17,84000
ADANIPORTS-I,20180628,359.75,364.45,359.5,361.75,3657,7952500
ADANIPORTS-II,20180628,360.75,365.6,360.75,363.05,3219,7385000
ADANIPORTS-III,20180628,362.5,364.8,362.5,362.9,14,40000
ADANIPOWER-I,20180628,16,16.4,15.45,15.55,3994,14900000
ADANIPOWER-II,20180628,16.2,16.45,15.3,15.65,4479,99640000
ADANIPOWER-III,20180628,16.2,16.6,15.6,15.7,43,2200000
AJANTPHARM-I,20180628,980,996.2,966.6,976.85,2602,264000
AJANTPHARM-II,20180628,982,1001.25,972,982.75,2100,857500
AJANTPHARM-III,20180628,958.55,999.85,958.55,975.6,5,2500
ALBK-I,20180628,41.1,42.4,40.45,41.05,1432,2860000
ALBK-II,20180628,41.6,42.6,40.6,41.25,1547,11330000
ALBK-III,20180628,41.7,41.7,41.1,41.6,12,242000
AMARAJABAT-I,20180628,741.6,745.65,712.35,724.55,2191,584500
AMARAJABAT-II,20180628,728.85,742.7,700.9,706.3,2607,1396500
AMARAJABAT-III,20180628,738,738,700,700.6,8,9100
AMBUJACEM-I,20180628,204.85,207.95,200.7,201.4,3441,2145000
AMBUJACEM-II,20180628,205.55,209,201.35,202.25,4247,11970000
AMBUJACEM-III,20180628,205.8,206.35,201.8,203.05,29,77500
ANDHRABANK-I,20180628,31.65,32.4,31.35,31.5,1468,3840000
ANDHRABANK-II,20180628,31.5,32.55,31.25,31.6,1396,20423000
ANDHRABANK-III,20180628,31.5,32.6,31.5,31.8,23,260000
APOLLOHOSP-I,20180628,1018.3,1018.85,999.4,1011.2,1684,191500
APOLLOHOSP-II,20180628,1016.15,1025.5,1002,1018.25,1626,644000
APOLLOHOSP-III,20180628,1025.75,1025.75,1015,1017.5,4,1000
APOLLOTYRE-I,20180628,256.15,258.3,246.55,254.1,3678,2910000
APOLLOTYRE-II,20180628,252.35,256.7,244.85,247.5,4147,8328000
APOLLOTYRE-III,20180628,252.75,255.2,248.75,248.75,13,54000
ARVIND-I,20180628,386.6,396.9,382,386.8,3265,728000
ARVIND-II,20180628,386.3,398.1,383,389,2763,4722000
ARVIND-III,20180628,385.8,398.05,385.8,391.65,6,24000
ASHOKLEY-I,20180628,127.15,129.9,123.5,124.05,8305,10024000
ASHOKLEY-II,20180628,127.1,128.05,121.75,122.6,12888,76744000
ASHOKLEY-III,20180628,126.7,128.6,122.55,123.35,195,1012000
ASIANPAINT-I,20180628,1265.55,1272.65,1251,1268.6,4002,1080600
ASIANPAINT-II,20180628,1275.95,1278.7,1257.2,1273.25,5125,5002200
ASIANPAINT-III,20180628,1260,1275,1260,1260.05,11,6600
AUROPHARMA-I,20180628,614.9,622,599.6,601.05,12022,1776000
AUROPHARMA-II,20180628,616.95,624.8,602.55,604.35,11162,19604000
AUROPHARMA-III,20180628,615.1,626.05,606,607.45,146,136000
AXISBANK-I,20180628,508,513.5,503.75,506.25,14282,7477200
AXISBANK-II,20180628,508.2,515.05,503.05,506.45,13885,38913600
AXISBANK-III,20180628,509,516.7,505.45,507.65,99,134400
BAJAJ-AUTO-I,20180628,2766.05,2785.2,2711,2718.3,4772,353500
BAJAJ-AUTO-II,20180628,2700.85,2737,2664.4,2673.1,5326,2900250
BAJAJ-AUTO-III,20180628,2725,2745.2,2690,2695.8,18,6500
BAJAJFINSV-I,20180628,5996.15,5996.15,5760,5837,3860,143000
BAJAJFINSV-II,20180628,6029,6029,5800,5879.2,4139,729875
BAJAJFINSV-III,20180628,0,0,0,6006,0,125
BAJFINANCE-I,20180628,2315.1,2347.9,2256.15,2271.2,10633,1192500
BAJFINANCE-II,20180628,2341.55,2353.05,2265.1,2284.65,8921,4844500
BAJFINANCE-III,20180628,2330,2345.5,2280.05,2285.35,29,22000
BALKRISIND-I,20180628,1050,1050,1010,1018,1788,262400
BALKRISIND-II,20180628,1052,1052.65,1014.6,1022.5,1453,1245600
BALKRISIND-III,20180628,1024.9,1026.95,1024.9,1026.95,7,7200
BALRAMCHIN-I,20180628,64.85,66.85,64.2,65.75,1979,1365000
BALRAMCHIN-II,20180628,65.4,67.05,64.65,66,988,14084000
BALRAMCHIN-III,20180628,65.4,66.75,65.25,66,23,154000
BANKBARODA-I,20180628,114.05,116.3,112.35,113.1,11944,10700000
BANKBARODA-II,20180628,114.5,116.9,113.05,113.7,11688,71108000
BANKBARODA-III,20180628,114.7,117.15,113.8,114.4,89,528000
BANKINDIA-I,20180628,87.5,89.2,84.95,85.3,4083,6084000
BANKINDIA-II,20180628,87.65,89.6,85,85.6,4049,28134000
BANKINDIA-III,20180628,87.3,89.5,85.35,86.1,17,252000
BATAINDIA-I,20180628,836,842,823.2,827.95,2695,377300
BATAINDIA-II,20180628,836.1,841.6,823.5,830.2,2155,2355100
BATAINDIA-III,20180628,833,835.05,833,833.2,8,19800
BEL-I,20180628,103.05,105.45,101.35,103.85,4720,5504400
BEL-II,20180628,104.3,105.95,101.8,104.3,4429,30269250
BEL-III,20180628,103.05,106.35,102.95,104.85,44,470250
BEML-I,20180628,830.05,840.6,796.75,799.2,6588,433200
BEML-II,20180628,832,844.4,799.2,803.9,4198,1875500
BEML-III,20180628,842.45,849.4,809,810.55,44,26000
BERGEPAINT-I,20180628,278.5,281.7,272.45,280.5,1442,574200
BERGEPAINT-II,20180628,278.25,281.45,271.25,279.9,1506,1632400
BERGEPAINT-III,20180628,0,0,0,279.5,0,2200
BHARATFIN-I,20180628,1189,1194.2,1157,1174.2,5020,500000
BHARATFIN-II,20180628,1195.5,1196,1163.35,1180.9,4804,5531000
BHARATFIN-III,20180628,1190.05,1190.05,1169.05,1184.45,13,12500
BHARATFORG-I,20180628,605.05,620.75,597.4,605.15,4516,1114800
BHARATFORG-II,20180628,607.55,622.75,600.35,606.1,4369,8833200
BHARATFORG-III,20180628,615,624.35,604.95,610,9,18000
BHARTIARTL-I,20180628,374,379.75,368.7,376.95,10986,6956400
BHARTIARTL-II,20180628,375.8,380.15,369,377.45,10265,25906300
BHARTIARTL-III,20180628,376,381.15,370.2,377.4,2235,20600600
BHEL-I,20180628,70.8,72.1,69.45,69.7,4498,7462500
BHEL-II,20180628,71.5,72.35,69.65,70.15,4631,47152500
BHEL-III,20180628,71,72.55,70.1,70.55,43,697500
BIOCON-I,20180628,637.1,640.15,615.5,616.75,6853,1142100
BIOCON-II,20180628,641.1,643,616.25,619.6,5808,8562600
BIOCON-III,20180628,643.3,643.3,620.05,621.45,29,77400
BOSCHLTD-I,20180628,17242,17440,17127.25,17300.5,2329,10100
BOSCHLTD-II,20180628,17380.5,17554.9,17249.9,17346.35,2197,135390
BOSCHLTD-III,20180628,0,0,0,18719.8,0,0
BPCL-I,20180628,374.5,385.1,364.05,366.6,10486,4230000
BPCL-II,20180628,372.45,380,356.25,363.7,7389,11734200
BPCL-III,20180628,359.7,380,359.7,362.8,38,225000
BRITANNIA-I,20180628,6100,6135.9,6060,6125.2,1669,44000
BRITANNIA-II,20180628,6158,6169.15,6080,6152.6,1695,725600
BRITANNIA-III,20180628,0,0,0,6105.9,0,600
CADILAHC-I,20180628,385.15,398,375.5,378.15,2886,748800
CADILAHC-II,20180628,387.9,399.6,377.7,380.5,2904,7132800
CADILAHC-III,20180628,395.95,395.95,378,378.9,20,67200
CANBK-I,20180628,248.3,252.45,244.65,248.8,7045,1846400
CANBK-II,20180628,248.45,253.7,244.5,249.5,4637,12536000
CANBK-III,20180628,246.1,252.9,246.1,250.5,167,162000
CANFINHOME-I,20180628,347.95,349.15,333.95,335.5,2710,948750
CANFINHOME-II,20180628,350.5,351,334.65,337.05,2300,3751250
CANFINHOME-III,20180628,352.8,352.8,342,342,14,30000
CAPF-I,20180628,540.55,544.6,526.3,527.65,4447,1077600
CAPF-II,20180628,540.95,547.05,529.35,530.75,4618,7898400
CAPF-III,20180628,544,544,541,541,3,7200
CASTROLIND-I,20180628,166.55,168,162.3,163.95,2652,2273600
CASTROLIND-II,20180628,167.6,168.5,160.2,162.05,2954,9595600
CASTROLIND-III,20180628,167.75,167.75,159.55,160.1,15,56000
CEATLTD-I,20180628,1256.1,1271.95,1229.4,1247.3,5282,272650
CEATLTD-II,20180628,1254,1266.9,1225.1,1240.35,4300,1619800
CEATLTD-III,20180628,1231.05,1264,1231.05,1250.75,14,9800
CENTURYTEX-I,20180628,885.05,898.25,872.55,892.6,4612,400950
CENTURYTEX-II,20180628,881.05,896.65,871,890.9,4678,5987850
CENTURYTEX-III,20180628,887.15,903.45,887,894,10,4950
CESC-I,20180628,916,930.25,881.4,883.95,5329,537900
CESC-II,20180628,926.05,934.85,883.85,889.5,5971,6014250
CESC-III,20180628,0,0,0,891.85,27,100650
CGPOWER-I,20180628,50.15,55.9,49.5,55.6,4130,7260000
CGPOWER-II,20180628,51,56.3,49.8,55.9,2761,31620000
CGPOWER-III,20180628,51.4,55.55,51.4,55.55,6,84000
CHENNPETRO-I,20180628,289.95,300.75,286.9,294.25,1815,708000
CHENNPETRO-II,20180628,283.8,293.95,279,284.55,1096,1779000
CHENNPETRO-III,20180628,285.45,285.45,274.85,276.4,6,15000
CHOLAFIN-I,20180628,1565.15,1565.15,1462.75,1470.2,2417,220500
CHOLAFIN-II,20180628,1574.95,1574.95,1456.5,1472.05,2500,862500
CHOLAFIN-III,20180628,1512.05,1512.05,1481.15,1481.15,2,1000
CIPLA-I,20180628,606.75,610.2,596.25,601.1,5771,2721000
CIPLA-II,20180628,606.45,610.4,595.55,601.25,6174,7626000
CIPLA-III,20180628,602.1,604,600,604,10,13000
COALINDIA-I,20180628,267.6,267.6,258.45,260.65,4719,3401200
COALINDIA-II,20180628,267.45,267.45,257.6,259.35,4913,18306200
COALINDIA-III,20180628,261.1,262.5,258.6,259.2,38,191400
COLPAL-I,20180628,1181.15,1181.3,1152.65,1158.7,2237,375200
COLPAL-II,20180628,1186.55,1188.45,1151.4,1159.6,2477,2163000
COLPAL-III,20180628,1160,1176.6,1159.95,1169.05,53,14000
CONCOR-I,20180628,611.95,636.95,608,612.4,2370,616250
CONCOR-II,20180628,606.5,637.3,606.5,610.8,2091,3007500
CONCOR-III,20180628,620,620,618,618,2,2500
CUMMINSIND-I,20180628,659,671,635.5,647.25,1612,203400
CUMMINSIND-II,20180628,667.5,675,627.95,644.6,1546,808500
CUMMINSIND-III,20180628,654.75,657.2,630.85,637.95,27,34300
DABUR-I,20180628,394,394.7,386.45,387.4,2834,705000
DABUR-II,20180628,389,390,381.25,382.85,2928,14717500
DABUR-III,20180628,0,0,0,381,0,7500
DALMIABHA-I,20180628,2308,2308,2218.25,2239.35,1345,130800
DALMIABHA-II,20180628,2309.7,2309.7,2233.05,2255.45,1318,707700
DALMIABHA-III,20180628,2250,2250.05,2250,2250,4,1800
DCBBANK-I,20180628,167.8,170.4,162,162.8,1560,1120500
DCBBANK-II,20180628,169.05,171.2,161.8,163.35,1507,6331500
DCBBANK-III,20180628,171.05,171.05,164.5,164.5,3,27000
DHFL-I,20180628,640.25,654.1,633.3,637.55,7272,3142500
DHFL-II,20180628,639.05,656,637.05,640,4623,25947000
DHFL-III,20180628,0,0,0,613.15,0,4500
DISHTV-I,20180628,71.55,71.8,70.35,71.05,4020,14693000
DISHTV-II,20180628,71.95,72.15,70.95,71.25,2946,58928000
DISHTV-III,20180628,72.05,72.15,71.3,71.6,64,368000
DIVISLAB-I,20180628,1022,1024.55,996.25,1001.15,3160,1023200
DIVISLAB-II,20180628,1026.95,1029.65,1001,1003.95,3225,2733600
DIVISLAB-III,20180628,1020,1020,1008,1008.55,11,15200
DLF-I,20180628,189.65,189.9,184.5,185.25,10286,4352500
DLF-II,20180628,190.6,190.85,185,186.3,8770,32260000
DLF-III,20180628,190.15,190.15,187.2,188.5,20,182500
DRREDDY-I,20180628,2299.15,2327.55,2273.1,2301.45,10263,597750
DRREDDY-II,20180628,2287.8,2318,2264.65,2279.35,10142,4384500
DRREDDY-III,20180628,2311.5,2316.9,2277.7,2293.25,106,19750
EICHERMOT-I,20180628,28280.05,28543.95,27752.15,28393.75,4432,34475
EICHERMOT-II,20180628,28410,28650,27895.5,28542.35,5159,204925
EICHERMOT-III,20180628,28600,28600,28300,28575,6,175
ENGINERSIN-I,20180628,122.6,124.75,120.4,121.4,2575,4266500
ENGINERSIN-II,20180628,122.5,124.85,120.2,121.3,2718,9341500
ENGINERSIN-III,20180628,120.8,125.05,120.8,121.5,24,147000
EQUITAS-I,20180628,138,138.05,134.25,134.75,3938,2534400
EQUITAS-II,20180628,138.3,138.8,133.95,135.4,3572,19536000
EQUITAS-III,20180628,138.45,138.45,135.7,136.9,75,176000
ESCORTS-I,20180628,855.55,859.45,824.2,826.35,4640,742500
ESCORTS-II,20180628,860.65,862.7,827.55,831.6,4198,4477000
ESCORTS-III,20180628,856,868,828.75,832.6,16,18700
EXIDEIND-I,20180628,248.4,251.4,245.55,247.7,2114,1848000
EXIDEIND-II,20180628,247.65,251.05,246,248.1,2018,7464000
EXIDEIND-III,20180628,251,251,249,250,6,28000
FEDERALBNK-I,20180628,82.1,82.75,78.25,78.7,8910,13035000
FEDERALBNK-II,20180628,82.4,82.9,78.6,79.1,10412,61319500
FEDERALBNK-III,20180628,81.45,82.6,78.7,79.05,144,2266000
GAIL-I,20180628,325.05,326,315.35,319.25,3592,3621786
GAIL-II,20180628,323,325.95,316,319.2,4305,12673584
GAIL-III,20180628,321.95,321.95,318.45,319.7,7,16002
GLENMARK-I,20180628,591.05,599,571.55,573.6,3933,698400
GLENMARK-II,20180628,594.6,601.8,574.7,576.85,3565,4404000
GLENMARK-III,20180628,599,601,591,591,25,25000
GMRINFRA-I,20180628,15.45,15.75,15,15.25,5154,54855000
GMRINFRA-II,20180628,15.5,15.9,15.15,15.3,5517,257940000
GMRINFRA-III,20180628,15.7,15.95,15.3,15.4,13,1080000
GODFRYPHLP-I,20180628,720.15,738.85,716.45,717.9,815,90000
GODFRYPHLP-II,20180628,716.5,741.85,715.05,721.4,581,461300
GODFRYPHLP-III,20180628,0,0,0,767.75,0,0
GODREJCP-I,20180628,1212.9,1234.5,1204,1219.4,2484,210400
GODREJCP-II,20180628,1213.85,1238.45,1211.7,1220.5,2092,2048800
GODREJCP-III,20180628,0,0,0,1161,0,0
GODREJIND-I,20180628,603.8,603.8,591.15,593.6,953,276000
GODREJIND-II,20180628,605.75,605.75,594,598.5,766,1462500
GODREJIND-III,20180628,0,0,0,622.15,0,3000
GRANULES-I,20180628,81.75,82.7,77.75,78.2,2377,2290000
GRANULES-II,20180628,81.35,83.15,77.65,78.45,2275,11475000
GRANULES-III,20180628,82,82,78.4,79.05,21,95000
GRASIM-I,20180628,1019.55,1019.6,988.5,1002.35,3923,856500
GRASIM-II,20180628,1022.15,1022.7,993.75,1007,4256,5103000
GRASIM-III,20180628,1010.1,1010.1,1006,1006,4,2250
GSFC-I,20180628,105.05,106.9,101.05,101.7,2636,2160000
GSFC-II,20180628,106.3,107.8,100.6,102.05,2518,15120000
GSFC-III,20180628,106.35,106.6,101.75,102.55,28,234000
HAVELLS-I,20180628,535.35,535.65,520.7,522.6,3463,599000
HAVELLS-II,20180628,533.65,533.65,519.45,522.35,2800,4184000
HAVELLS-III,20180628,530,532.9,524.05,525.4,30,21000
HCC-I,20180628,10.8,11.15,10.45,10.85,2095,8010000
HCC-II,20180628,10.6,11.2,10.55,10.9,2528,41148000
HCC-III,20180628,11.15,11.2,10.95,11.05,45,1854000
HCLTECH-I,20180628,925.45,930.85,906.75,911,9058,4714500
HCLTECH-II,20180628,930.4,934.9,909.2,913.45,9680,9740500
HCLTECH-III,20180628,933.15,933.5,910,916.05,47,130200
HDFC-I,20180628,1900,1913.9,1866.2,1878.9,15040,4223000
HDFC-II,20180628,1894.45,1906.2,1860.25,1872.1,18836,23317500
HDFC-III,20180628,1898.05,1900.6,1870,1880,44,35500
HDFCBANK-I,20180628,2114,2136,2111.3,2129.85,31436,7013000
HDFCBANK-II,20180628,2111.95,2131.95,2104.5,2119.1,30589,19299000
HDFCBANK-III,20180628,2110.25,2131,2109.65,2121.6,56,85000
HEROMOTOCO-I,20180628,3531.15,3550,3476.7,3515.55,3073,552000
HEROMOTOCO-II,20180628,3525,3533.2,3454.85,3479.7,6366,1311600
HEROMOTOCO-III,20180628,3490,3528.75,3478.5,3528.75,5,1600
HEXAWARE-I,20180628,465.85,465.9,449,458.15,4858,603000
HEXAWARE-II,20180628,461.3,461.3,445.5,450.75,3266,4329000
HEXAWARE-III,20180628,441.15,447.8,441.15,446.45,8,9000
HINDALCO-I,20180628,218.1,222.45,216.4,221.15,7449,9415000
HINDALCO-II,20180628,218,223.7,217.55,221.95,8020,34695500
HINDALCO-III,20180628,220.15,224,219,223.15,45,224000
HINDPETRO-I,20180628,271.35,275.45,259.4,261.4,14220,5670000
HINDPETRO-II,20180628,273.5,276.85,260.85,262.85,15357,27310500
HINDPETRO-III,20180628,266,275,263.35,264.55,65,228375
HINDUNILVR-I,20180628,1615.9,1620.8,1596.9,1602.1,5087,1596600
HINDUNILVR-II,20180628,1620.25,1627.2,1604,1611.15,6666,8569200
HINDUNILVR-III,20180628,1622.05,1622.05,1615.55,1615.55,2,2400
HINDZINC-I,20180628,274,276.45,270.45,272.15,1512,982400
HINDZINC-II,20180628,274.75,277.45,272.1,273.75,1701,9260800
HINDZINC-III,20180628,276.1,279.1,274.5,274.95,24,102400
IBULHSGFIN-I,20180628,1180.85,1192.2,1131.3,1148.3,16043,5144000
IBULHSGFIN-II,20180628,1176.05,1197.8,1124.6,1139.9,17325,15729000
IBULHSGFIN-III,20180628,1188,1188,1120.8,1142.2,113,1091000
ICICIBANK-I,20180628,278.6,278.65,269.75,271.6,20735,21133750
ICICIBANK-II,20180628,278.95,278.95,269.2,271.4,23165,92325750
ICICIBANK-III,20180628,277,277.1,271.5,272.55,167,632500
ICICIPRULI-I,20180628,375.9,377.7,368.7,369.9,4546,1783600
ICICIPRULI-II,20180628,377,379.35,369.55,372.2,4537,7848100
ICICIPRULI-III,20180628,378.9,378.9,374,375.05,7,14300
IDBI-I,20180628,49.75,51.55,49.15,49.9,5350,8650000
IDBI-II,20180628,50.2,51.8,49.4,50.2,5366,54540000
IDBI-III,20180628,49.8,51.8,49.8,50.5,36,390000
IDEA-I,20180628,55.7,57.2,54.8,56.7,7577,12908000
IDEA-II,20180628,55.9,57.55,55.1,57.1,7144,129493000
IDEA-III,20180628,55.55,57.5,55.25,57.15,30,721000
IDFC-I,20180628,45.8,47.35,45.1,46.7,5954,42715200
IDFC-II,20180628,45.7,47.1,45.15,46.25,6134,135141600
IDFC-III,20180628,45.15,47,45.1,46.2,243,15272400
IDFCBANK-I,20180628,40.7,41.15,39.2,39.55,7442,58140000
IDFCBANK-II,20180628,40.75,41.05,38.75,39.2,9428,167442000
IDFCBANK-III,20180628,40.05,40.75,38.7,39.25,839,27445000
IFCI-I,20180628,15.1,15.35,14.7,14.8,2034,15290000
IFCI-II,20180628,15.2,15.45,14.55,14.85,2050,63050000
IFCI-III,20180628,15.25,15.45,14.75,15,29,750000
IGL-I,20180628,250.9,250.95,241.5,242.45,2725,2103750
IGL-II,20180628,250.4,252.15,242.4,243.4,2923,6182000
IGL-III,20180628,249,252,242.85,244.55,45,118250
INDIACEM-I,20180628,107.65,109.8,102.5,102.9,4962,5068000
INDIACEM-II,20180628,107.6,110.15,102.55,103.3,5051,22942500
INDIACEM-III,20180628,108.35,110,103,103.5,58,304500
INDIANB-I,20180628,345,349,331.85,346.5,4068,1366000
INDIANB-II,20180628,335.1,339.5,328.05,330.8,2607,2222000
INDIANB-III,20180628,337.4,337.4,330,334,14,44000
INDIGO-I,20180628,1129.1,1146.6,1077.35,1100.05,6102,558600
INDIGO-II,20180628,1113.15,1131,1070,1093.55,5393,4902000
INDIGO-III,20180628,1118.2,1118.2,1092.7,1092.7,3,6600
INDUSINDBK-I,20180628,1978.75,1988.5,1948.7,1963.8,16524,2038200
INDUSINDBK-II,20180628,1953.1,1961.3,1915.55,1936.2,15424,6141000
INDUSINDBK-III,20180628,1937.8,1937.8,1904.7,1908,24,27300
INFIBEAM-I,20180628,155.4,158.7,154.5,154.85,2864,5044000
INFIBEAM-II,20180628,149.75,155,145.05,150.55,2411,32524000
INFIBEAM-III,20180628,146.95,150,146.95,149.05,118,9800000
INFRATEL-I,20180628,299.25,299.9,294.1,297.3,3217,3646500
INFRATEL-II,20180628,287.35,290.1,281,286.15,3319,4936800
INFRATEL-III,20180628,283.25,286.45,278.2,285.25,26,68000
INFY-I,20180628,1276.2,1297.5,1276.05,1289.85,19314,4809000
INFY-II,20180628,1279.85,1299.5,1279.3,1283.3,21655,27859800
INFY-III,20180628,1293.4,1301.5,1284.6,1285.6,74,33600
IOC-I,20180628,153.5,160.65,149.9,154.55,8330,9114000
IOC-II,20180628,151.1,159.55,149.15,153.1,9920,31470000
IOC-III,20180628,150.25,158.3,149.15,152.8,89,567000
IRB-I,20180628,211.9,214.5,202,202.95,4320,3872500
IRB-II,20180628,212,215.25,202.15,203.65,5263,17950000
IRB-III,20180628,213.5,213.5,213.5,213.5,2,10000
ITC-I,20180628,261.75,263.75,260.05,261,14734,21079200
ITC-II,20180628,263.45,265.35,259,260.4,17070,78691200
ITC-III,20180628,264.05,266.55,260.1,261.6,110,436800
JETAIRWAYS-I,20180628,346.4,350.85,328.05,333.3,7143,1387200
JETAIRWAYS-II,20180628,346.65,351.85,330,333.75,5990,6661200
JETAIRWAYS-III,20180628,349.8,352.5,333,334.3,52,69600
JINDALSTEL-I,20180628,211.55,215.65,208.65,210.3,9768,4392000
JINDALSTEL-II,20180628,211.95,217,209.9,211.1,9820,30665250
JINDALSTEL-III,20180628,212.6,217.3,211,211.6,31,150750
JISLJALEQS-I,20180628,86.05,86.05,78.2,79.6,3459,8001000
JISLJALEQS-II,20180628,86,86.5,78.6,79.8,3043,37350000
JISLJALEQS-III,20180628,0,0,0,92.05,0,54000
JPASSOCIAT-I,20180628,14.95,15.8,14.1,15.65,4756,18360000
JPASSOCIAT-II,20180628,14.95,16.2,14.3,15.8,4357,181594000
JPASSOCIAT-III,20180628,0,0,0,17.25,0,782000
JSWSTEEL-I,20180628,318.05,322.85,314.2,322.05,6683,1980000
JSWSTEEL-II,20180628,316.3,322.7,312.55,321.55,5849,62583000
JSWSTEEL-III,20180628,314.15,323.8,314.15,321.5,25,108000
JUBLFOOD-I,20180628,1393,1400.9,1356.3,1364.05,8048,446000
JUBLFOOD-II,20180628,1401.45,1405.3,1364,1373.5,6372,3400000
JUBLFOOD-III,20180628,1389.95,1405,1373.85,1377.4,50,21500
JUSTDIAL-I,20180628,530.5,542.65,516.5,539.8,4223,674800
JUSTDIAL-II,20180628,531,552.45,517.35,545.2,2909,3187800
JUSTDIAL-III,20180628,522,545,522,545,9,9800
KAJARIACER-I,20180628,490,490,472.9,482.15,1589,224000
KAJARIACER-II,20180628,492,493.4,476.3,486,1380,1639000
KAJARIACER-III,20180628,477.15,477.15,477.15,477.15,2,1000
KOTAKBANK-I,20180628,1325.7,1340.8,1313,1335.35,13468,5523200
KOTAKBANK-II,20180628,1326.45,1339.95,1312.25,1334.25,13403,10043200
KOTAKBANK-III,20180628,1324,1334,1324,1334,5,4800
KPIT-I,20180628,274.3,275,264.7,266.1,2438,2052000
KPIT-II,20180628,275,275.45,264.45,266.3,1935,4185000
KPIT-III,20180628,272,272.1,263,263,4,49500
KSCL-I,20180628,540.65,545.5,532.6,536.7,1497,390000
KSCL-II,20180628,543.35,548.2,535.7,541.95,1471,1888500
KSCL-III,20180628,0,0,0,572,0,6000
KTKBANK-I,20180628,110.4,111.9,105.7,106.1,3409,2359800
KTKBANK-II,20180628,108.2,109.45,102.9,103.5,3050,20146500
KTKBANK-III,20180628,108.3,109.4,103.6,104.05,68,220500
L&TFH-I,20180628,152,154.8,147.55,148.15,4316,7713000
L&TFH-II,20180628,152.75,155.35,148.3,149.25,4608,29713500
L&TFH-III,20180628,151.5,155,148.65,149.7,64,594000
LICHSGFIN-I,20180628,472.05,473.75,465.9,469.8,6945,845900
LICHSGFIN-II,20180628,477.2,477.2,467.15,470.95,6871,11662200
LICHSGFIN-III,20180628,472.65,472.65,465,468.2,127,350900
LT-I,20180628,1229.25,1235.9,1207,1232.7,16102,3555750
LT-II,20180628,1232.5,1243.1,1211.9,1239.45,15269,16239000
LT-III,20180628,1224.45,1237.4,1207,1233.85,270,509250
LUPIN-I,20180628,893.7,910.6,881.1,898.25,13747,2977800
LUPIN-II,20180628,894.3,910.25,881.5,898.1,11665,9037000
LUPIN-III,20180628,896.1,911.9,886.4,901.7,424,959700
M&M-I,20180628,897.4,917.35,894.3,907.5,9426,2583000
M&M-II,20180628,892.2,913.5,889.35,905.15,9467,15031000
M&M-III,20180628,892.45,915,892.45,908.45,57,49000
M&MFIN-I,20180628,464.15,466.9,454.2,456.65,3124,583750
M&MFIN-II,20180628,458.3,464.8,453,455.7,3245,8451250
M&MFIN-III,20180628,462,462,456.2,456.2,7,7500
MANAPPURAM-I,20180628,96.75,99.85,95.95,96.55,2868,2916000
MANAPPURAM-II,20180628,97.15,100,96.5,97.15,2648,18582000
MANAPPURAM-III,20180628,98.45,100.1,97.25,98.2,23,108000
MARICO-I,20180628,331.65,337.05,330,332.15,1243,598000
MARICO-II,20180628,332.8,338.4,331.55,334.85,1168,4461600
MARICO-III,20180628,0,0,0,338.4,0,5200
MARUTI-I,20180628,8877.95,8890,8763.7,8783.1,14882,349650
MARUTI-II,20180628,8919.9,8929,8781.15,8807.85,15140,2162925
MARUTI-III,20180628,8851.45,8893.95,8750,8773,249,45675
MCDOWELL-N-I,20180628,675.05,685,656,658.85,5111,1217500
MCDOWELL-N-II,20180628,678,688,657.4,660.8,5342,9817500
MCDOWELL-N-III,20180628,674.95,678,665,666.35,10,12500
MCX-I,20180628,738.05,739.2,723,726.05,3437,348000
MCX-II,20180628,741.6,742.45,726.75,731.95,2896,3374000
MCX-III,20180628,720.35,731.5,718,721.05,64,107100
MFSL-I,20180628,426,434.1,416,425.5,1974,325000
MFSL-II,20180628,435.35,435.35,418.75,426.05,1561,3097200
MFSL-III,20180628,433,433,429,429.5,16,21600
MGL-I,20180628,808.5,808.5,795.75,800.15,2276,333000
MGL-II,20180628,797.3,812,797.1,800.65,2039,1464600
MGL-III,20180628,806,808.1,801.55,801.65,28,21000
MINDTREE-I,20180628,975.65,979.4,948.1,952.35,4528,738000
MINDTREE-II,20180628,976,979.85,953.25,956.5,3139,3796800
MINDTREE-III,20180628,964.8,967,956.6,957.2,22,26400
MOTHERSUMI-I,20180628,278,282.4,274.35,281.5,6154,3144000
MOTHERSUMI-II,20180628,279.4,283.5,276,282.65,6387,14137600
MOTHERSUMI-III,20180628,277.75,283.75,277.25,283.75,36,123200
MRF-I,20180628,74449.95,74750,72853.1,73040.45,1390,5400
MRF-II,20180628,74300.05,74929.95,73101,73270.25,1834,25150
MRF-III,20180628,74100,74100,73600,73600,2,20
MRPL-I,20180628,83.3,83.3,76.95,77.4,2377,2245500
MRPL-II,20180628,80.1,82.1,77.1,78,2204,6588000
MRPL-III,20180628,81.45,81.45,77.5,77.95,85,450000
MUTHOOTFIN-I,20180628,382,386,370.7,373.95,993,589500
MUTHOOTFIN-II,20180628,381.3,387,373.7,375.95,846,1650000
MUTHOOTFIN-III,20180628,0,0,0,392.9,0,1500
NATIONALUM-I,20180628,59.15,63.8,57.35,62.15,4964,8152000
NATIONALUM-II,20180628,59.5,64,58,62.4,4969,47304000
NATIONALUM-III,20180628,60.15,64.6,60.15,62.25,26,432000
NBCC-I,20180628,72.4,74.2,69.9,72.45,3616,3066000
NBCC-II,20180628,72.9,74.6,70.3,72.95,3495,21330000
NBCC-III,20180628,71,74.7,71,73.65,13,414000
NCC-I,20180628,95.15,95.5,90.3,90.75,5721,10448000
NCC-II,20180628,95.5,95.85,90.8,91.55,4440,44208000
NCC-III,20180628,93.3,94.2,90.25,90.85,31,1312000
NESTLEIND-I,20180628,9950,10090,9740.3,9777.25,1135,42000
NESTLEIND-II,20180628,10010.05,10144.8,9795.3,9826.1,1321,250300
NESTLEIND-III,20180628,0,0,0,9839.2,0,0
NHPC-I,20180628,23.75,23.95,22.5,22.6,954,7425000
NHPC-II,20180628,23.6,24.05,22.5,22.7,964,28566000
NHPC-III,20180628,24.1,25.3,22.75,22.85,59,1026000
NIITTECH-I,20180628,1089.95,1090,1052.25,1059.7,4542,381000
NIITTECH-II,20180628,1095.85,1095.85,1058.4,1068.1,2966,1164750
NIITTECH-III,20180628,0,0,0,1114,0,3000
NMDC-I,20180628,105.45,105.9,102.95,103.4,3122,4500000
NMDC-II,20180628,105.55,106.55,103.25,104,3099,24564000
NMDC-III,20180628,106.5,106.8,103.85,104.7,33,366000
NTPC-I,20180628,152.5,156.9,149.4,156.1,5851,7952000
NTPC-II,20180628,152.65,154.9,149.65,154.4,6569,44392000
NTPC-III,20180628,151.8,155.2,150.75,154.4,15,88000
OFSS-I,20180628,4083.45,4226.9,4018.2,4172.75,570,39750
OFSS-II,20180628,4040.05,4140,3986.95,4091.75,445,49350
OFSS-III,20180628,0,0,0,4018.55,0,0
OIL-I,20180628,207.1,212.65,200.15,202.1,1104,1570338
OIL-II,20180628,206.65,213.05,194.95,198.85,1348,2522058
OIL-III,20180628,210.05,211.25,210.05,211.25,2,6798
ONGC-I,20180628,156.7,158.5,152.55,153.95,7327,15802500
ONGC-II,20180628,155.95,158.5,152.8,154.2,8656,42060000
ONGC-III,20180628,154.5,158.55,153,154.55,63,540000
ORIENTBANK-I,20180628,73.1,74.8,71.65,71.85,1889,2808000
ORIENTBANK-II,20180628,73,75.15,71.55,72.1,1821,12564000
ORIENTBANK-III,20180628,73,75,73,74.25,14,222000
PAGEIND-I,20180628,28026.55,28042,26944.4,27061.8,1398,17025
PAGEIND-II,20180628,28034.9,28111,27040.05,27211.4,1753,49125
PAGEIND-III,20180628,0,0,0,28400,0,175
PCJEWELLER-I,20180628,135.75,137.65,132.15,135.65,6184,1858500
PCJEWELLER-II,20180628,136.6,138.5,133,136.45,6052,6978000
PCJEWELLER-III,20180628,133,135.85,132.1,134.15,64,217500
PEL-I,20180628,2554.65,2571.9,2500,2552.9,1732,157040
PEL-II,20180628,2535,2552,2485,2536.15,2210,2034272
PEL-III,20180628,2562,2562,2562,2562,5,1510
PETRONET-I,20180628,204.8,210.4,203.4,206.5,3440,2262000
PETRONET-II,20180628,205.65,211.3,204.65,207.15,3291,16785000
PETRONET-III,20180628,204.75,209.85,204.75,207.45,25,159000
PFC-I,20180628,74.3,76.85,73.5,73.95,9031,8022000
PFC-II,20180628,74.3,77.2,73.7,74.2,10164,86010000
PFC-III,20180628,76.8,77.35,74.2,74.8,33,336000
PIDILITIND-I,20180628,1039,1047.15,1026,1028.4,2268,619000
PIDILITIND-II,20180628,1035.25,1049,1031.15,1034.45,2522,3520000
PIDILITIND-III,20180628,1043.95,1043.95,1039.15,1041,4,21000
PNB-I,20180628,76.6,78.6,72.6,73.2,14656,11920000
PNB-II,20180628,76.8,78.95,72.45,73.45,12569,83193000
PNB-III,20180628,76.75,79.2,73,73.85,320,1710500
POWERGRID-I,20180628,187.7,187.95,183.15,184.75,7111,9628000
POWERGRID-II,20180628,186.8,187.3,182.6,183.6,9118,56860000
POWERGRID-III,20180628,184.4,184.65,183.35,184,37,472000
PTC-I,20180628,75.75,77.45,72.75,73.3,1600,3160000
PTC-II,20180628,76.65,77.8,72.9,73.7,1671,17400000
PTC-III,20180628,77.6,77.75,73.55,74.25,16,184000
PVR-I,20180628,1383,1394.1,1334.8,1384.55,2506,332800
PVR-II,20180628,1404.9,1404.9,1344.15,1392.1,2991,842800
PVR-III,20180628,1365.75,1365.75,1365.75,1365.75,1,400
RAMCOCEM-I,20180628,709.3,714,683.5,688.55,989,248000
RAMCOCEM-II,20180628,703,704.95,671.1,679.85,951,873600
RAMCOCEM-III,20180628,679,679,675.25,675.25,3,6400
RAYMOND-I,20180628,903.55,923.7,889.3,893.25,3587,507200
RAYMOND-II,20180628,910,928,893,897.95,3118,4809600
RAYMOND-III,20180628,905,920,900,900.45,10,9600
RBLBANK-I,20180628,544.95,550.25,537.6,543.15,3666,1191000
RBLBANK-II,20180628,545.2,550.5,539.15,545.35,3042,3780000
RBLBANK-III,20180628,550,550.45,545.8,550,62,98400
RCOM-I,20180628,13.2,13.85,13,13.35,2726,22428000
RCOM-II,20180628,13.35,13.95,13.1,13.4,3301,82908000
RCOM-III,20180628,13.75,13.75,13.45,13.6,10,1204000
RECLTD-I,20180628,102.2,103.55,99.55,99.85,5209,5988000
RECLTD-II,20180628,100.7,104,99.6,100.35,5408,40392000
RECLTD-III,20180628,100.9,104.05,100.5,100.8,53,534000
RELCAPITAL-I,20180628,393.85,399.6,386.7,389.5,12834,2052750
RELCAPITAL-II,20180628,393.1,401,388.45,390.8,5489,8259000
RELCAPITAL-III,20180628,390.75,399.8,389.8,391.75,85,159000
RELIANCE-I,20180628,962.7,968.7,941.7,944.8,20951,9099000
RELIANCE-II,20180628,970.75,973.6,946,950.1,20968,48045000
RELIANCE-III,20180628,971.35,978.1,951,954.25,326,330000
RELINFRA-I,20180628,393.85,401.85,386.75,396.7,7011,1216800
RELINFRA-II,20180628,395.1,403.35,388.65,398.7,5085,6381700
RELINFRA-III,20180628,399.5,420.55,392.5,399.75,87,101400
REPCOHOME-I,20180628,547,561.5,542.85,546,1087,138600
REPCOHOME-II,20180628,549,563.7,535.1,541.2,713,549000
REPCOHOME-III,20180628,0,0,0,601.75,0,0
RPOWER-I,20180628,32,32.5,31.2,31.75,3503,8944000
RPOWER-II,20180628,31.85,32.7,31.5,31.9,3585,47164000
RPOWER-III,20180628,32.15,32.4,31.75,31.95,41,1625000
SAIL-I,20180628,80.85,81.75,79.6,81,6643,10044000
SAIL-II,20180628,81.55,82.1,79.95,81.6,6475,81384000
SAIL-III,20180628,81.4,82.5,81.25,82.2,32,1764000
SBIN-I,20180628,260.05,262.1,255.9,257.05,18968,20217000
SBIN-II,20180628,261.5,263.3,257.15,258.35,16096,73377000
SBIN-III,20180628,261,264.2,258.5,259.45,168,612000
SHREECEM-I,20180628,15835.05,16070,15465.6,15522.25,1063,6000
SHREECEM-II,20180628,15856,16054.35,15537.05,15579.2,1149,80850
SHREECEM-III,20180628,15800,15800,15800,15800,1,50
SIEMENS-I,20180628,965.05,967.85,952.2,955.75,1699,99500
SIEMENS-II,20180628,969.3,972.6,958.7,961.75,1709,1103500
SIEMENS-III,20180628,974.35,974.35,968,968,5,1500
SOUTHBANK-I,20180628,22.05,22.3,21.35,21.5,3249,13852938
SOUTHBANK-II,20180628,22.05,22.05,21,21.2,3599,145687836
SOUTHBANK-III,20180628,22,22.1,21.15,21.4,34,3711792
SREINFRA-I,20180628,62,65.5,58.65,63.75,4126,1760000
SREINFRA-II,20180628,61.1,65.5,58.7,63.65,2593,19880000
SREINFRA-III,20180628,61.65,64,59.85,64,68,245000
SRF-I,20180628,1642,1657,1614.3,1641.8,4017,359000
SRF-II,20180628,1647.5,1666,1622.45,1651.7,2305,707500
SRF-III,20180628,0,0,0,1661.05,0,1000
SRTRANSFIN-I,20180628,1370.5,1378.95,1272.65,1301.15,5063,309000
SRTRANSFIN-II,20180628,1387,1387,1275,1302.75,5137,4258200
SRTRANSFIN-III,20180628,1345,1345,1292.15,1308.1,15,6600
STAR-I,20180628,374,393.9,365.3,390.1,10277,849600
STAR-II,20180628,376,393.75,367.15,390.4,6862,3806400
STAR-III,20180628,375.4,395,375.4,390.35,146,67200
SUNPHARMA-I,20180628,574.8,583,565.9,567.9,16707,3561800
SUNPHARMA-II,20180628,575.45,586.3,567.25,570.45,15541,41115800
SUNPHARMA-III,20180628,575.25,587.45,569.6,571.85,83,216700
SUNTV-I,20180628,804,810,777.45,778.95,7166,1044000
SUNTV-II,20180628,802.1,813.65,781,784.25,5889,6718000
SUNTV-III,20180628,802.85,811.05,782.15,786.7,42,52000
SUZLON-I,20180628,7.45,7.5,7.25,7.35,7550,61740000
SUZLON-II,20180628,7.55,7.55,7.3,7.5,6002,270945000
SUZLON-III,20180628,7.45,7.65,7.4,7.55,313,15660000
SYNDIBANK-I,20180628,40.05,41.7,39.2,39.35,2327,3852000
SYNDIBANK-II,20180628,39.55,42,39.05,39.55,2588,25830000
SYNDIBANK-III,20180628,41.2,41.65,39.6,39.85,57,549000
TATACHEM-I,20180628,702.15,703.1,684.05,689.45,2844,387000
TATACHEM-II,20180628,681.7,684.65,661.05,665.05,3178,3375000
TATACHEM-III,20180628,682.35,682.35,670,671.95,16,15000
TATACOMM-I,20180628,588.75,589.9,573.5,584.15,3301,610400
TATACOMM-II,20180628,592.45,592.5,575.7,584.95,3091,3237600
TATACOMM-III,20180628,593.5,593.5,579,589.15,17,14400
TATAELXSI-I,20180628,1318.5,1330.85,1282.1,1285.55,3160,276000
TATAELXSI-II,20180628,1303.7,1321.7,1277.05,1283,2640,1156800
TATAELXSI-III,20180628,1295,1295,1291,1292,5,3200
TATAGLOBAL-I,20180628,261.15,267.55,261.1,264.25,5065,2295000
TATAGLOBAL-II,20180628,263.2,268.4,261.8,263.75,4218,12289500
TATAGLOBAL-III,20180628,267.6,267.6,264.7,266.45,13,58500
TATAMOTORS-I,20180628,273.5,273.5,262.7,263.7,32474,11530500
TATAMOTORS-II,20180628,273.9,273.9,263.5,265,36529,89875500
TATAMOTORS-III,20180628,274.75,277.5,265.1,266.8,635,1383000
TATAMTRDVR-I,20180628,161.7,161.7,157.25,157.7,3976,2365000
TATAMTRDVR-II,20180628,162.5,162.5,157.4,158.35,4346,24777200
TATAMTRDVR-III,20180628,161.55,162.45,158.8,158.7,67,305200
TATAPOWER-I,20180628,71.55,74.75,70.55,71.85,2563,6237000
TATAPOWER-II,20180628,70.85,73.65,70.05,70.85,2734,43299000
TATAPOWER-III,20180628,72.3,73,71.5,71.85,8,198000
TATASTEEL-I,20180628,546.4,555.95,544.35,548.9,18773,5251950
TATASTEEL-II,20180628,539.9,549.85,537,541,21380,42235227
TATASTEEL-III,20180628,539.8,552.85,539.8,542.25,130,155967
TCS-I,20180628,1860,1871.25,1825.6,1839.65,13046,2958500
TCS-II,20180628,1861.55,1874.3,1831,1847.75,15060,10836500
TCS-III,20180628,1870.85,1876.6,1835,1851,122,107000
TECHM-I,20180628,717.5,718.9,663.1,665.7,10147,1773600
TECHM-II,20180628,701.35,708.2,650,654.95,12411,16374000
TECHM-III,20180628,705.4,705.4,652.7,657.5,68,72000
TITAN-I,20180628,862.6,866.9,832.95,837.85,11690,7337250
TITAN-II,20180628,864.5,868,831.3,836.95,11310,14342250
TITAN-III,20180628,864.95,865.75,836,838.45,232,195000
TORNTPHARM-I,20180628,1430.55,1448.5,1396,1399.9,944,184000
TORNTPHARM-II,20180628,1435,1457.25,1404.05,1408.6,1149,587500
TORNTPHARM-III,20180628,1436.1,1436.5,1436.1,1436.5,2,2500
TORNTPOWER-I,20180628,217.5,229.5,217.45,227.85,1285,921000
TORNTPOWER-II,20180628,220.95,230.4,218.4,228.85,947,1653000
TORNTPOWER-III,20180628,228.15,230,225.5,230,6,15000
TV18BRDCST-I,20180628,54.75,56.35,50.95,51.4,8521,13829500
TV18BRDCST-II,20180628,55.1,56.75,51,51.65,9050,66130000
TV18BRDCST-III,20180628,56.55,56.55,51.5,52.05,14,170000
TVSMOTOR-I,20180628,560.3,573.1,552.8,557.85,4501,773000
TVSMOTOR-II,20180628,557.35,569,550.4,554.95,4294,6791000
TVSMOTOR-III,20180628,557,558.85,549.5,554.8,16,20000
UBL-I,20180628,1151.05,1179.9,1117.5,1121.5,2397,332500
UBL-II,20180628,1155.25,1185,1122.75,1128.9,2216,1413300
UBL-III,20180628,1130,1130,1130,1130,1,4900
UJJIVAN-I,20180628,375.2,378.9,368.35,369.55,2453,592000
UJJIVAN-II,20180628,376.5,380.25,368.25,370.75,2137,4288000
UJJIVAN-III,20180628,376.45,377,373.4,374.05,13,36800
ULTRACEMCO-I,20180628,3740,3780,3710.5,3724.35,4733,285000
ULTRACEMCO-II,20180628,3725.85,3781.95,3696,3716.1,5192,1920400
ULTRACEMCO-III,20180628,3780.05,3780.05,3735,3737.5,7,3000
UNIONBANK-I,20180628,81.2,83.15,79.7,79.85,5119,4364000
UNIONBANK-II,20180628,80.55,83.55,79.9,80.3,3511,32472000
UNIONBANK-III,20180628,81.5,84,80.6,80.8,51,492000
UPL-I,20180628,618.6,625.95,605.45,606.65,6585,2132400
UPL-II,20180628,620.2,628.2,607.55,609.55,6410,13358400
UPL-III,20180628,617.55,626.45,610,611.2,46,136800
VEDL-I,20180628,230.1,233.7,228.7,229.85,14661,6865250
VEDL-II,20180628,231.55,234.6,230.2,231,13240,48630750
VEDL-III,20180628,232.45,235.1,230.45,231.65,85,203000
VGUARD-I,20180628,196.25,201,193.75,196.4,1362,651000
VGUARD-II,20180628,190.25,195,185,186.05,1041,2577000
VGUARD-III,20180628,192.85,192.85,183.55,183.6,16,45000
VOLTAS-I,20180628,528.8,538.9,503.05,508.5,7066,972000
VOLTAS-II,20180628,521.4,527.85,494.7,501.25,6842,4740000
VOLTAS-III,20180628,517.8,522.65,489,494.8,77,161000
WIPRO-I,20180628,257.6,259.3,255.15,257.1,4204,3662400
WIPRO-II,20180628,258.75,260.55,257.2,258.3,4223,27379200
WIPRO-III,20180628,260,260,260,260,2,45600
WOCKPHARMA-I,20180628,638.05,645.5,615,624,2947,639900
WOCKPHARMA-II,20180628,641.4,648,619.1,629.85,1905,2958300
WOCKPHARMA-III,20180628,0,0,0,675,0,5400
YESBANK-I,20180628,335.45,335.45,327.3,329.4,13023,8681750
YESBANK-II,20180628,336.8,336.8,329.05,330.2,12759,46413500
YESBANK-III,20180628,336.35,336.55,330.65,331.5,84,315000
ZEEL-I,20180628,549.95,553.7,536,538.85,3591,1237600
ZEEL-II,20180628,549.7,552.25,536.3,538.45,2809,7868900
ZEEL-III,20180628,551.85,552.45,547.4,547.4,7,13000
