BANKNIFTY-I,20181221,27300,27399,26888.6,26942.7,165846,1499220
BANKNIFTY-II,20181221,27418,27514.3,27005,27054.2,14862,281040
BANKNIFTY-III,20181221,27427.55,27555,27077,27122.65,394,7900
NIFTY-I,20181221,10960,10981.65,10755,10767.5,196680,20321925
NIFTY-II,20181221,11000.4,11021.85,10801.25,10811.95,47171,4795725
NIFTY-III,20181221,11047.45,11055.15,10837.25,10845.5,1509,224100
NIFTYIT-I,20181221,14556,14556,14193,14231,418,18950
NIFTYIT-II,20181221,14546,14550,14251,14291,125,5100
NIFTYIT-III,20181221,0,0,0,14739,0,0
NIFTYMID50-I,20181221,4840.5,4840.5,4813.2,4813.2,3,591580
ACC-I,20181221,1532,1543.45,1483.3,1493.8,4280,1174400
ACC-II,20181221,1541,1546.35,1491.7,1500.15,729,252400
ACC-III,20181221,1528.65,1544.8,1511,1511,6,2800
ADANIENT-I,20181221,159.85,161.9,152.4,159.7,1957,17344000
ADANIENT-II,20181221,153.55,161.5,153.55,160.05,1034,23912000
ADANIENT-III,20181221,0,0,0,155,0,4000
ADANIPORTS-I,20181221,375.5,380.35,360.95,362.5,8116,20255000
ADANIPORTS-II,20181221,376.15,382,362.4,364.5,2079,4040000
ADANIPORTS-III,20181221,380.55,380.55,373,375.3,5,12500
ADANIPOWER-I,20181221,52.15,52.55,50.1,50.55,1903,93560000
ADANIPOWER-II,20181221,51.5,51.5,50.5,50.85,1184,54420000
ADANIPOWER-III,20181221,53,53.05,52.65,52.65,500,25020000
AJANTPHARM-I,20181221,1157.35,1165,1123.95,1131.45,1003,407000
AJANTPHARM-II,20181221,1161.9,1167.15,1130,1136.05,356,138000
AJANTPHARM-III,20181221,0,0,0,1160,0,3000
ALBK-I,20181221,47,47.6,46.25,46.85,1443,14685000
ALBK-II,20181221,46.7,47.75,46.4,47,474,7670000
ALBK-III,20181221,0,0,0,47,0,117000
AMARAJABAT-I,20181221,748.25,752.6,737.65,742.9,1369,1047900
AMARAJABAT-II,20181221,749.5,751,738,742.05,158,132300
AMARAJABAT-III,20181221,0,0,0,737.65,0,0
AMBUJACEM-I,20181221,225.7,226.5,219.5,220.65,3274,14525000
AMBUJACEM-II,20181221,225.1,227.15,220.65,221.95,1050,2837500
AMBUJACEM-III,20181221,0,0,0,226.5,0,2500
APOLLOHOSP-I,20181221,1272.9,1281.65,1243.5,1252.65,1520,816000
APOLLOHOSP-II,20181221,1274.8,1282.4,1248,1255.85,237,111500
APOLLOHOSP-III,20181221,0,0,0,1269.4,0,0
APOLLOTYRE-I,20181221,241,242.5,232.7,233.6,3856,8451000
APOLLOTYRE-II,20181221,242.85,242.95,233.7,234.75,818,1638000
APOLLOTYRE-III,20181221,243.95,243.95,234.9,234.9,2,33000
ARVIND-I,20181221,99.9,100.6,98.05,99,2916,5868000
ARVIND-II,20181221,100.2,100.9,98.65,99.05,1020,1366000
ARVIND-III,20181221,99.9,100.1,99.65,99.65,6,36000
ASHOKLEY-I,20181221,106.5,107.3,103.5,104.9,8343,50056000
ASHOKLEY-II,20181221,107.05,107.8,103.95,105.2,3619,12316000
ASHOKLEY-III,20181221,107.6,107.6,104.6,106.05,37,656000
ASIANPAINT-I,20181221,1431.4,1436.85,1386.95,1392.6,5775,4553400
ASIANPAINT-II,20181221,1436.85,1436.85,1393.6,1398.75,1919,1041600
ASIANPAINT-III,20181221,0,0,0,1411,0,600
AUROPHARMA-I,20181221,727.5,734.5,716.4,722.1,8613,17259000
AUROPHARMA-II,20181221,734.25,737.5,720,725.4,4094,5364000
AUROPHARMA-III,20181221,732,734.4,729,729,5,17000
AXISBANK-I,20181221,634.75,639.25,618.65,622.75,16733,29529600
AXISBANK-II,20181221,638.4,642.3,621.7,625.6,5168,7830000
AXISBANK-III,20181221,640.15,642.9,625,629.25,32,130800
BAJAJ-AUTO-I,20181221,2901.05,2910.85,2808.3,2816.1,4968,1559500
BAJAJ-AUTO-II,20181221,2919.1,2920,2822.35,2829.8,2195,699500
BAJAJ-AUTO-III,20181221,0,0,0,2880.15,0,500
BAJAJFINSV-I,20181221,6448.4,6503.1,6306.15,6362.6,3714,559125
BAJAJFINSV-II,20181221,6450.6,6534,6335.95,6394.65,850,99125
BAJAJFINSV-III,20181221,0,0,0,6216.75,0,0
BAJFINANCE-I,20181221,2621,2625.3,2535.7,2590.3,24474,3324000
BAJFINANCE-II,20181221,2627.55,2637.8,2547.8,2602.3,5983,2730000
BAJFINANCE-III,20181221,2638.15,2638.15,2566.5,2618,9,8250
BALKRISIND-I,20181221,951.6,957.9,926.6,929.55,2434,2464000
BALKRISIND-II,20181221,958,961.5,928.6,931.95,670,540000
BALKRISIND-III,20181221,0,0,0,935.7,0,1600
BANKBARODA-I,20181221,116,116.6,114.25,115.3,8167,52224000
BANKBARODA-II,20181221,115.8,117.2,114.85,115.9,2917,14416000
BANKBARODA-III,20181221,117.2,117.2,115.65,116.2,26,200000
BANKINDIA-I,20181221,98.9,99.25,95.35,98.15,5923,19890000
BANKINDIA-II,20181221,98.45,99.55,96,98.65,1189,6270000
BANKINDIA-III,20181221,101.7,101.7,96.8,98.45,8,132000
BATAINDIA-I,20181221,1111.8,1130.75,1098.15,1113.3,6623,1839200
BATAINDIA-II,20181221,1068.15,1124.2,1068.15,1107.25,1286,559900
BATAINDIA-III,20181221,1108.15,1108.15,1108.15,1108.15,1,1650
BEL-I,20181221,91.35,93.8,87.7,88.5,10636,31986900
BEL-II,20181221,91.35,93.3,87.5,88.15,2644,11100000
BEL-III,20181221,92.35,92.6,87.2,87.85,42,810000
BEML-I,20181221,916.05,943.35,884.45,889.1,16223,1066500
BEML-II,20181221,916,941.45,884.8,888.65,3164,578200
BEML-III,20181221,945.8,945.8,888.2,890.5,23,11200
BERGEPAINT-I,20181221,341.1,341.8,329.75,330.95,499,2087800
BERGEPAINT-II,20181221,341,341,328.85,329.35,191,532400
BERGEPAINT-III,20181221,0,0,0,325.9,0,0
BHARATFIN-I,20181221,1027.75,1030.65,994.25,997.8,4430,4255500
BHARATFIN-II,20181221,1032.7,1034.7,1000.1,1002.8,1870,1183000
BHARATFIN-III,20181221,0,0,0,1053.55,0,0
BHARATFORG-I,20181221,523.8,526.45,500.55,502.2,6899,7273200
BHARATFORG-II,20181221,526.55,528.55,503,504.1,3253,3894000
BHARATFORG-III,20181221,0,0,0,524.45,0,6000
BHARTIARTL-I,20181221,318.5,325,306.7,308.8,10812,32522700
BHARTIARTL-II,20181221,322,326.35,308.2,310.75,3820,9683200
BHARTIARTL-III,20181221,326.35,326.35,310.2,310.65,7,18700
BHEL-I,20181221,72.2,72.25,69.55,70,3737,46995000
BHEL-II,20181221,71.9,72,69.5,69.9,1100,13612500
BHEL-III,20181221,71.2,71.2,69.9,70.35,5,742500
BIOCON-I,20181221,641.15,644,618.4,622.4,3956,4769100
BIOCON-II,20181221,644.7,646.9,621.6,625.15,1160,1152900
BIOCON-III,20181221,638,638,625.9,627.6,11,20700
BOSCHLTD-I,20181221,19622.9,20058.6,19536.3,19921.4,1529,131790
BOSCHLTD-II,20181221,19690,20130,19690,20031,479,16320
BOSCHLTD-III,20181221,0,0,0,19110,0,30
BPCL-I,20181221,372.6,375.7,367.55,373.5,6254,14743800
BPCL-II,20181221,365.55,367.4,360.6,364.95,1206,2442600
BPCL-III,20181221,363.2,363.2,358.2,361.9,7,39600
BRITANNIA-I,20181221,3182.1,3210.5,3115.1,3128,2325,2171200
BRITANNIA-II,20181221,3211,3226.05,3131.15,3144.25,1383,583400
BRITANNIA-III,20181221,0,0,0,3238.8,0,200
CADILAHC-I,20181221,347.5,348.8,341,342.85,1849,7635200
CADILAHC-II,20181221,348.25,350.45,342.8,344.75,780,1716800
CADILAHC-III,20181221,346.05,346.35,344.9,345.5,4,24000
CANBK-I,20181221,271.65,272.9,264.05,266.2,5591,9328000
CANBK-II,20181221,271,274.1,265.3,267.5,1114,2274000
CANBK-III,20181221,269,269.6,268.45,268.45,7,14000
CANFINHOME-I,20181221,293,299.5,276.45,279,2704,3683750
CANFINHOME-II,20181221,294.55,299.1,278.25,281.75,1285,1398600
CANFINHOME-III,20181221,286.9,286.9,286.9,286.9,1,7200
CAPF-I,20181221,606.55,612.9,590.4,594.5,3296,5193600
CAPF-II,20181221,609.15,613.35,591.6,595.05,291,218700
CAPF-III,20181221,611,611,606.75,606.75,2,2700
CASTROLIND-I,20181221,156.05,156.55,152.65,153.1,782,5376000
CASTROLIND-II,20181221,157.1,157.3,153.15,153.7,421,1516400
CASTROLIND-III,20181221,156.95,156.95,154.4,154.4,2,78200
CEATLTD-I,20181221,1354,1365,1310.8,1322.25,3475,760900
CEATLTD-II,20181221,1363.75,1369.7,1312.55,1321.85,666,171200
CEATLTD-III,20181221,1335.1,1337.8,1320.1,1320.1,5,2400
CENTURYTEX-I,20181221,942.15,954.65,905.1,914.25,4422,3247200
CENTURYTEX-II,20181221,951.85,959.4,910.65,917.6,2087,1216200
CENTURYTEX-III,20181221,921.5,921.5,921.5,921.5,1,1200
CESC-I,20181221,728.95,733.45,661.85,690.1,4584,1378300
CESC-II,20181221,733.5,737.4,685.25,693.65,1122,380050
CESC-III,20181221,691,691,691,691,1,550
CGPOWER-I,20181221,40.4,43.75,40.4,43.35,2703,38052000
CGPOWER-II,20181221,40.8,43.9,40.8,43.6,1119,11760000
CGPOWER-III,20181221,43.2,43.2,43.2,43.2,1,24000
CHENNPETRO-I,20181221,286.85,291.85,279.25,280.3,670,862500
CHENNPETRO-II,20181221,291.45,291.8,281.1,282.3,244,282600
CHENNPETRO-III,20181221,0,0,0,283.2,0,0
CHOLAFIN-I,20181221,1256.25,1278.4,1221,1224.85,1389,1080000
CHOLAFIN-II,20181221,1270,1283,1227.85,1231.1,229,118000
CHOLAFIN-III,20181221,0,0,0,1359.45,0,0
CIPLA-I,20181221,523.5,524.9,515.7,517.85,3706,6854000
CIPLA-II,20181221,526,527.35,518.5,520.35,1711,1650000
CIPLA-III,20181221,0,0,0,530.2,0,1000
COALINDIA-I,20181221,250.1,252.9,247.6,252.35,9321,20328000
COALINDIA-II,20181221,244.05,246,240.35,245.5,5288,13178000
COALINDIA-III,20181221,241.35,244.35,239.35,243.75,145,448800
COLPAL-I,20181221,1326,1338,1320,1325.05,1228,1449700
COLPAL-II,20181221,1325.05,1332,1317.75,1320.55,307,210700
COLPAL-III,20181221,0,0,0,1322.95,0,700
CONCOR-I,20181221,666,667.95,653.5,656.45,642,3518750
CONCOR-II,20181221,667.15,667.3,656,658.5,248,363750
CONCOR-III,20181221,0,0,0,666.3,0,3750
CUMMINSIND-I,20181221,832.9,834,789,793.9,1451,1736700
CUMMINSIND-II,20181221,838,838,793.95,798.85,519,331800
CUMMINSIND-III,20181221,820.2,820.2,794,794,2,3500
DABUR-I,20181221,443.65,449.65,435.65,439,3704,8963750
DABUR-II,20181221,447.3,451.8,437.7,441.05,1475,2395000
DABUR-III,20181221,0,0,0,422.8,0,0
DCBBANK-I,20181221,169.7,169.7,162.85,165.3,987,3645000
DCBBANK-II,20181221,170,170.65,163.65,166.15,377,1372500
DCBBANK-III,20181221,0,0,0,165.8,1,27000
DHFL-I,20181221,241,246,232.15,240.95,13501,11433000
DHFL-II,20181221,238,242.55,228.95,239.2,4345,10171500
DHFL-III,20181221,234.9,241.05,229.45,237.5,28,186000
DISHTV-I,20181221,39.1,39.95,38.45,38.8,1463,31624000
DISHTV-II,20181221,39.15,39.8,38.45,38.7,490,28184000
DISHTV-III,20181221,39.15,39.15,38.8,38.8,2,72000
DIVISLAB-I,20181221,1518,1519.9,1475,1478.75,3295,3144800
DIVISLAB-II,20181221,1518,1524.9,1481.9,1485.35,1037,415600
DIVISLAB-III,20181221,1494.7,1494.7,1494.7,1494.7,1,800
DLF-I,20181221,190.45,192.1,185.4,187.55,9290,22400000
DLF-II,20181221,191.65,193.1,186.35,188.5,2572,4386200
DLF-III,20181221,189,193,189,189.25,5,54600
DRREDDY-I,20181221,2616.3,2624,2584,2610.3,5577,3130750
DRREDDY-II,20181221,2630,2637.75,2598,2621.55,2187,786250
DRREDDY-III,20181221,0,0,0,2657.95,0,1500
EICHERMOT-I,20181221,24271.55,24272.95,23500.15,23601.75,5159,179600
EICHERMOT-II,20181221,24150,24250.1,23626,23703.05,3019,73025
EICHERMOT-III,20181221,0,0,0,23700,0,75
ENGINERSIN-I,20181221,124.1,125.4,121.95,123.5,1161,4756500
ENGINERSIN-II,20181221,124.3,125.05,122.1,123.3,609,2734700
ENGINERSIN-III,20181221,123.6,123.6,123.6,123.6,1,102500
EQUITAS-I,20181221,125,127.25,121.3,122.25,3107,8424000
EQUITAS-II,20181221,126.15,127.7,122,122.8,335,952000
EQUITAS-III,20181221,0,0,0,123.9,0,20000
ESCORTS-I,20181221,698.95,702.8,677,684.7,5901,3990800
ESCORTS-II,20181221,702,706.9,680.45,688.05,1047,650100
ESCORTS-III,20181221,704.75,704.75,685,685,3,4400
EXIDEIND-I,20181221,270.1,270.95,262.95,264.45,1766,4570000
EXIDEIND-II,20181221,271.55,271.75,264.6,265.65,425,730000
EXIDEIND-III,20181221,0,0,0,264.8,1,8000
FEDERALBNK-I,20181221,95.8,96.05,92.1,92.65,4164,32978000
FEDERALBNK-II,20181221,96.4,96.5,92.55,93,1678,7728000
FEDERALBNK-III,20181221,94.9,94.9,93.7,93.7,122,217000
GAIL-I,20181221,354.85,355.75,344.25,345.25,2226,17980914
GAIL-II,20181221,350.1,350.75,341.6,342.5,1278,2637663
GAIL-III,20181221,344,344,341,341,2,21336
GLENMARK-I,20181221,687.5,697.1,671.7,673.95,3288,2786000
GLENMARK-II,20181221,693,699.8,674.8,676.65,1145,984000
GLENMARK-III,20181221,0,0,0,666.6,0,3000
GMRINFRA-I,20181221,16.6,16.65,15.85,15.95,1441,147510000
GMRINFRA-II,20181221,16.6,16.75,15.95,16,832,55395000
GMRINFRA-III,20181221,0,0,0,16.6,0,180000
GODFRYPHLP-I,20181221,904.85,911,840.95,850,685,474600
GODFRYPHLP-II,20181221,916.2,916.2,848.9,854.05,196,93800
GODFRYPHLP-III,20181221,0,0,0,951.7,0,0
GODREJCP-I,20181221,828,828,801.15,805.25,2372,4002000
GODREJCP-II,20181221,825,828.35,805.5,809,1038,639000
GODREJCP-III,20181221,0,0,0,759.15,0,0
GODREJIND-I,20181221,543.25,548.35,521.2,523.95,745,1765500
GODREJIND-II,20181221,546.55,550.45,523.55,526.8,277,381000
GODREJIND-III,20181221,0,0,0,548,0,0
GRASIM-I,20181221,829.9,835.65,815.05,816.95,7352,6930750
GRASIM-II,20181221,833,840,819.2,820.4,3149,3185250
GRASIM-III,20181221,833,833,833,833,1,6000
GSFC-I,20181221,112.75,113.8,110.5,110.95,1010,13522500
GSFC-II,20181221,113.55,114.35,111.15,111.6,669,2726000
GSFC-III,20181221,112.5,112.5,112.25,112.25,4,122200
HAVELLS-I,20181221,706.8,717.9,691.3,693.4,5304,3791000
HAVELLS-II,20181221,715,720.25,694.55,696.5,1855,1625000
HAVELLS-III,20181221,719.1,720.5,702,702,7,4000
HCLTECH-I,20181221,964.85,964.85,947.3,954.55,6486,7807800
HCLTECH-II,20181221,966.05,967.25,950.3,957.1,2019,2053100
HCLTECH-III,20181221,963.6,964.2,962.6,962.6,4,5600
HDFC-I,20181221,1978.75,1983.4,1934.4,1949,19052,15812500
HDFC-II,20181221,1980.1,1992.15,1943.6,1958.25,11085,11101000
HDFC-III,20181221,1970,1979.35,1956.4,1969.95,16,23000
HDFCBANK-I,20181221,2135.55,2151.1,2116.25,2118.25,25552,10862500
HDFCBANK-II,20181221,2142.25,2158.6,2125,2127.1,8283,2654500
HDFCBANK-III,20181221,2149,2149.35,2131.3,2134,12,8500
HEROMOTOCO-I,20181221,3360,3377.65,3313.8,3324.3,4913,1146600
HEROMOTOCO-II,20181221,3385,3392.85,3331,3340.15,767,194200
HEROMOTOCO-III,20181221,3352,3352,3315,3315,5,10800
HEXAWARE-I,20181221,321.55,325.1,312.4,313.9,1455,2658000
HEXAWARE-II,20181221,324,325.85,313.5,314.95,567,555000
HEXAWARE-III,20181221,326.25,326.25,326.25,326.25,1,3000
HINDALCO-I,20181221,223.15,227.5,222.1,223.9,6388,24234000
HINDALCO-II,20181221,226.2,228.5,223.3,225,1427,5992000
HINDALCO-III,20181221,0,0,0,224,0,21000
HINDPETRO-I,20181221,246.5,252.2,242.6,249.65,10771,17758125
HINDPETRO-II,20181221,243.85,247.5,239.05,245,2865,4739700
HINDPETRO-III,20181221,239.7,244.5,236.85,243.35,109,535500
HINDUNILVR-I,20181221,1840.15,1846.5,1805,1808.1,5811,8182800
HINDUNILVR-II,20181221,1850.45,1854.35,1813.25,1816.45,3061,2421600
HINDUNILVR-III,20181221,1851.3,1851.3,1833.05,1834,12,13200
HINDZINC-I,20181221,277,280.7,274.5,275.25,892,4697600
HINDZINC-II,20181221,277.95,279.2,271.9,272.65,386,1180800
HINDZINC-III,20181221,0,0,0,263.4,0,19200
IBULHSGFIN-I,20181221,854.1,866,809,818.15,31742,16638500
IBULHSGFIN-II,20181221,855.9,861.65,805,814.7,2364,1307000
IBULHSGFIN-III,20181221,858,858.4,809,817.65,2051,1262500
ICICIBANK-I,20181221,361.15,364,353.1,354.25,16580,63951250
ICICIBANK-II,20181221,363.45,365.55,354.7,355.6,4879,17696250
ICICIBANK-III,20181221,365.6,365.75,357,357.45,26,99000
ICICIPRULI-I,20181221,326.45,329.7,319.1,326.75,3166,2720900
ICICIPRULI-II,20181221,326.85,329.3,319.8,326.95,1097,1575000
ICICIPRULI-III,20181221,327.15,327.15,327.15,327.15,1,1500
IDBI-I,20181221,61.8,62.1,61.2,61.75,1765,31810000
IDBI-II,20181221,62.3,62.3,61.55,62.15,640,6590000
IDBI-III,20181221,61.95,61.95,61.95,61.95,1,110000
IDEA-I,20181221,38.45,38.9,37.35,38.25,6939,81676000
IDEA-II,20181221,38.7,39.05,37.65,38.4,2451,59232000
IDEA-III,20181221,38.75,38.75,37.95,38,8,252000
IDFC-I,20181221,44.3,44.55,42.8,43.05,2222,99171600
IDFC-II,20181221,44.5,44.85,43,43.3,839,16724400
IDFC-III,20181221,0,0,0,42.55,0,52800
IDFCBANK-I,20181221,44.15,44.5,42.8,43.2,5907,92785000
IDFCBANK-II,20181221,44.05,44.55,42.85,43.15,2736,57960000
IDFCBANK-III,20181221,44.4,44.7,43,43.2,47,2076000
IFCI-I,20181221,14.7,14.75,14.2,14.5,453,30250000
IFCI-II,20181221,14.8,14.85,14.3,14.6,283,18760000
IFCI-III,20181221,14.6,14.65,14.5,14.65,34,1645000
IGL-I,20181221,263.95,268.8,259.8,260.75,1414,5071000
IGL-II,20181221,267,270,261,261.95,387,849750
IGL-III,20181221,0,0,0,265,0,2750
INDIACEM-I,20181221,97.7,99.5,94.55,96.35,4505,12621000
INDIACEM-II,20181221,97.45,98.7,95.1,96.55,1181,4000500
INDIACEM-III,20181221,96,97.35,96,96.35,9,99000
INDIANB-I,20181221,246.2,250.05,238.4,239.45,1664,3546000
INDIANB-II,20181221,249.25,251.25,239.75,240.75,480,1154000
INDIANB-III,20181221,248.75,248.75,248.75,248.75,1,10000
INDIGO-I,20181221,1157.45,1169.45,1142.6,1156.3,3596,2575800
INDIGO-II,20181221,1167.35,1173.65,1148,1159.85,1007,555000
INDIGO-III,20181221,1167.55,1167.55,1146.25,1146.25,5,1200
INDUSINDBK-I,20181221,1621,1631.95,1576.65,1580.95,8901,4906200
INDUSINDBK-II,20181221,1633.25,1636.05,1583.5,1587.35,3827,1273800
INDUSINDBK-III,20181221,1625.25,1625.25,1598.35,1598.35,5,1800
INFIBEAM-I,20181221,50.3,51.6,48.25,49.3,3599,12256000
INFIBEAM-II,20181221,48.6,51,48.1,48.65,919,2672000
INFIBEAM-III,20181221,50,50,48.6,48.65,3,32000
INFRATEL-I,20181221,267.95,267.95,247.6,260,5688,7138300
INFRATEL-II,20181221,265.1,265.1,248.95,261.1,1726,2790000
INFRATEL-III,20181221,263.45,263.45,260.55,262.65,4,4000
INFY-I,20181221,658.95,659.35,644.6,646.7,20002,32956800
INFY-II,20181221,666.9,666.9,647.95,649.65,8750,15360000
INFY-III,20181221,662.9,662.9,650,651,63,288000
IOC-I,20181221,141.1,142.55,139.2,140.05,13270,54999000
IOC-II,20181221,141.35,142.8,139.55,140.5,4823,18392500
IOC-III,20181221,141.5,141.5,139.9,139.95,51,388500
IRB-I,20181221,163.95,169.65,162.35,168.2,2554,7125000
IRB-II,20181221,166.75,170.35,163.3,169.1,517,1033600
IRB-III,20181221,168,168,168,168.05,5,44800
ITC-I,20181221,285.3,285.3,276.3,277,16453,42343200
ITC-II,20181221,285.05,285.7,277.8,278.4,11763,36775200
ITC-III,20181221,284.5,284.5,279.2,279.4,12,88800
JETAIRWAYS-I,20181221,234,243.9,227.85,232.9,2018,4680000
JETAIRWAYS-II,20181221,235,235.3,218.55,224.35,249,1014200
JETAIRWAYS-III,20181221,0,0,0,240,0,24200
JINDALSTEL-I,20181221,167.75,173,163.95,164.65,9864,21948750
JINDALSTEL-II,20181221,169,173.7,164.2,165.1,2323,4104000
JINDALSTEL-III,20181221,172,172,165.6,165.8,8,63000
JISLJALEQS-I,20181221,68.95,69.7,67.1,69,2720,23814000
JISLJALEQS-II,20181221,70.15,70.2,67.5,69.4,1228,12069000
JISLJALEQS-III,20181221,69,69,69,69,1,54000
JPASSOCIAT-I,20181221,7.6,8.05,7.6,7.8,1936,75412000
JPASSOCIAT-II,20181221,7.7,8.1,7.7,7.85,767,39600000
JPASSOCIAT-III,20181221,8,8.05,8,8,6,1320000
JSWSTEEL-I,20181221,309.7,313.15,305.75,307.9,10345,38458500
JSWSTEEL-II,20181221,312,314.4,307.4,309.25,4104,9876000
JSWSTEEL-III,20181221,312,312,312,312,3,13500
JUBLFOOD-I,20181221,1363.55,1376,1308,1317.45,6587,1789500
JUBLFOOD-II,20181221,1360,1380,1313.7,1322,989,326500
JUBLFOOD-III,20181221,1380.4,1380.4,1335,1335,2,1500
JUSTDIAL-I,20181221,495.55,497.15,476.45,483.15,2137,1754200
JUSTDIAL-II,20181221,494,494,475.5,482.2,806,1085000
JUSTDIAL-III,20181221,490,490,480.75,480.8,5,7000
KAJARIACER-I,20181221,487,497,485.5,488.65,2412,1827000
KAJARIACER-II,20181221,491.15,500.2,488,491.35,842,887900
KAJARIACER-III,20181221,0,0,0,487.95,0,2600
KOTAKBANK-I,20181221,1243.9,1246,1227.8,1231.85,8042,9628800
KOTAKBANK-II,20181221,1248.7,1251,1232.8,1236.4,2021,2852000
KOTAKBANK-III,20181221,1242,1245.15,1240.3,1241.65,5,21600
KPIT-I,20181221,226.25,228.5,221.55,223.15,1324,4117500
KPIT-II,20181221,230.8,230.8,222.85,224.15,538,2072250
KPIT-III,20181221,0,0,0,213.15,0,0
KSCL-I,20181221,592,598.45,575.8,581.2,1384,966000
KSCL-II,20181221,589.45,589.45,568.35,570.65,184,289500
KSCL-III,20181221,571,571,571,571,1,13500
KTKBANK-I,20181221,111.5,111.95,107.55,108.2,1967,12685500
KTKBANK-II,20181221,112.3,112.4,108.1,108.9,863,3854000
KTKBANK-III,20181221,110.2,110.2,110.2,109.3,4,23500
L&TFH-I,20181221,157.5,159.2,150.05,150.8,5579,12208500
L&TFH-II,20181221,158.8,159.65,150.35,151.1,1632,7843500
L&TFH-III,20181221,158,158,152,152.1,24,153000
LICHSGFIN-I,20181221,490,496.35,470.45,472.05,5211,6832100
LICHSGFIN-II,20181221,491.9,498.35,472.6,474.15,1479,1860100
LICHSGFIN-III,20181221,497.25,497.25,487,488.5,6,13200
LT-I,20181221,1459,1463.8,1417.5,1422.8,10987,8635500
LT-II,20181221,1462.15,1470.95,1425,1429.4,4245,1865625
LT-III,20181221,1474,1474,1431.3,1434.3,68,85500
LUPIN-I,20181221,857.95,871,854.95,860.5,6717,7938700
LUPIN-II,20181221,865,875.05,859.65,863.9,1952,1194200
LUPIN-III,20181221,869.85,878.3,864,869.6,17,21000
M&M-I,20181221,796.5,813.8,780,782.05,11111,9375000
M&M-II,20181221,802,817.5,783.95,786.15,2855,4018000
M&M-III,20181221,792,796.05,788.1,788.1,4,8000
M&MFIN-I,20181221,473.05,481.2,461,464.05,3146,10276250
M&MFIN-II,20181221,478,483.4,463.6,466.4,978,1213750
M&MFIN-III,20181221,472.05,472.05,472.05,472.05,1,1250
MANAPPURAM-I,20181221,92.05,92.6,88.15,88.75,1170,11742000
MANAPPURAM-II,20181221,92.75,93.1,88.75,89.2,259,1506000
MANAPPURAM-III,20181221,90.8,90.8,89.9,89.9,3,36000
MARICO-I,20181221,382.85,386,375.4,378.7,1403,7326800
MARICO-II,20181221,384.7,387.55,377.55,380.5,451,1305200
MARICO-III,20181221,0,0,0,369.5,0,0
MARUTI-I,20181221,7849.9,7849.9,7539.1,7558.25,23004,1806450
MARUTI-II,20181221,7857.3,7885.5,7575,7594.05,5963,451350
MARUTI-III,20181221,7908.55,7908.55,7625,7633.15,43,3900
MCDOWELL-N-I,20181221,640.55,643.8,619.45,623.45,4223,8786250
MCDOWELL-N-II,20181221,643.3,646.45,623,626.6,1814,2270000
MCDOWELL-N-III,20181221,0,0,0,648,0,7500
MCX-I,20181221,730,736.2,710.1,722.1,2495,2104900
MCX-II,20181221,735,738.65,714.55,725.35,799,407400
MCX-III,20181221,0,0,0,750.7,0,700
MFSL-I,20181221,442.4,449.35,436.45,439.05,811,1885200
MFSL-II,20181221,445.05,451.25,439.65,441.15,144,474000
MFSL-III,20181221,0,0,0,445,0,2400
MGL-I,20181221,894.75,900,879.8,881.95,672,829200
MGL-II,20181221,894,901.2,880,885,271,187800
MGL-III,20181221,0,0,0,895.9,0,1800
MINDTREE-I,20181221,851.6,866.75,842.3,846.65,4115,2304000
MINDTREE-II,20181221,858,869,845.35,849.6,361,292800
MINDTREE-III,20181221,862.3,863.4,862.3,863.4,2,2400
MOTHERSUMI-I,20181221,172.15,175.5,168,169,5349,20289600
MOTHERSUMI-II,20181221,173.8,176,169,170.15,2027,5454900
MOTHERSUMI-III,20181221,176,176,171.5,171.5,10,62700
MRF-I,20181221,69399,69666.6,66680,66995.5,1577,17070
MRF-II,20181221,68888.1,70013.75,67100,67299.95,433,13140
MRF-III,20181221,0,0,0,69050.35,0,10
MRPL-I,20181221,77.55,78.2,74.35,74.8,806,3928500
MRPL-II,20181221,78,78.75,74.8,75.15,524,2324000
MRPL-III,20181221,78.9,78.9,74.85,74.85,4,63000
MUTHOOTFIN-I,20181221,503,505.7,486.5,488.6,2449,2784000
MUTHOOTFIN-II,20181221,500.1,500.1,485,486.5,372,603000
MUTHOOTFIN-III,20181221,0,0,0,493.8,0,6000
NATIONALUM-I,20181221,62.25,63.35,62,62.4,2124,21928000
NATIONALUM-II,20181221,62.5,63.35,62.05,62.4,925,10512000
NATIONALUM-III,20181221,62.45,62.75,62.1,62.1,11,440000
NBCC-I,20181221,58.85,58.9,55.8,56.05,2227,27258000
NBCC-II,20181221,58.75,59,55.85,56.1,795,8248000
NBCC-III,20181221,58.2,58.2,56.2,56.25,13,288000
NCC-I,20181221,89.3,89.3,84.9,85.3,3813,43640000
NCC-II,20181221,89.1,89.6,85.4,85.75,989,8304000
NCC-III,20181221,87.5,87.65,86.3,86.3,7,80000
NESTLEIND-I,20181221,11290,11330.8,10948.55,11009.95,2040,226400
NESTLEIND-II,20181221,11360,11393.65,11005,11057,1293,67600
NESTLEIND-III,20181221,0,0,0,10806.95,0,0
NHPC-I,20181221,26.1,26.2,25.9,25.95,408,13392000
NHPC-II,20181221,26,26,25.7,25.85,354,9693000
NHPC-III,20181221,25.65,25.65,25.6,25.6,2,270000
NIITTECH-I,20181221,1128.2,1133.65,1104.65,1110.65,1809,1278750
NIITTECH-II,20181221,1136.2,1136.2,1111.05,1116.65,697,572250
NIITTECH-III,20181221,0,0,0,1094.5,0,750
NMDC-I,20181221,96.9,97.85,94.15,94.6,1420,15990000
NMDC-II,20181221,96.8,97.55,94,94.4,853,6120000
NMDC-III,20181221,0,0,0,97,0,132000
NTPC-I,20181221,149.8,150.95,148.65,150.2,4572,43500000
NTPC-II,20181221,148.25,149.6,147.15,149,1508,8464000
NTPC-III,20181221,147.75,149,147.75,148.45,4,212000
OFSS-I,20181221,3650,3731.7,3618,3650.25,212,172050
OFSS-II,20181221,3740,3742.15,3655.65,3672.35,52,10050
OFSS-III,20181221,0,0,0,3470.05,0,0
OIL-I,20181221,180.35,181,176.2,177.15,1149,6699429
OIL-II,20181221,176.35,176.5,174.4,174.75,577,2467674
OIL-III,20181221,174.85,174.85,173.4,173.4,4,44187
ONGC-I,20181221,148.8,149.05,147.6,148.5,4686,52192500
ONGC-II,20181221,148.15,148.85,146.8,148.55,1923,11220000
ONGC-III,20181221,147.9,148.05,145.85,148.05,22,318750
ORIENTBANK-I,20181221,93.8,95.9,92.9,93.55,3348,9540000
ORIENTBANK-II,20181221,94.25,96.3,93.4,94.15,1045,4641000
ORIENTBANK-III,20181221,0,0,0,93.6,0,70000
PAGEIND-I,20181221,25069.95,25250,24118.95,24269.55,2946,123325
PAGEIND-II,20181221,25001,25264.7,24150,24323.75,885,23450
PAGEIND-III,20181221,0,0,0,24849.5,0,25
PCJEWELLER-I,20181221,85,85.65,82.1,82.7,4005,6454500
PCJEWELLER-II,20181221,84.75,84.75,81.6,82.3,362,2743000
PCJEWELLER-III,20181221,84,84,82.15,82.15,4,195000
PEL-I,20181221,2295.3,2371.7,2275.65,2299.15,7012,2454354
PEL-II,20181221,2313.25,2380.8,2288.25,2307.8,1768,429444
PEL-III,20181221,0,0,0,2198.8,0,0
PETRONET-I,20181221,222.1,225,221.15,223.25,1878,9465000
PETRONET-II,20181221,222.85,226,222.4,224.1,1002,3858000
PETRONET-III,20181221,224.25,224.25,224.25,224.25,1,18000
PFC-I,20181221,99.4,99.95,97.25,98.4,4017,36372000
PFC-II,20181221,99.5,99.5,97.35,98.25,1096,7167200
PFC-III,20181221,97.8,98.6,97.8,97.85,6,229400
PIDILITIND-I,20181221,1190.25,1190.25,1140.55,1144.95,3139,2838000
PIDILITIND-II,20181221,1191.25,1191.25,1145,1149.85,637,234000
PIDILITIND-III,20181221,1161,1161,1150,1150,3,1500
PNB-I,20181221,77.35,79,75.75,76.65,13188,82956500
PNB-II,20181221,77.9,79.3,76.25,77,3898,32242000
PNB-III,20181221,78.2,79.6,76.8,77.35,72,1323000
POWERGRID-I,20181221,197.5,198.9,195.9,197.05,2110,37600000
POWERGRID-II,20181221,196.8,197.8,195.15,195.95,682,6028000
POWERGRID-III,20181221,196.1,196.1,195.85,195.85,2,40000
PTC-I,20181221,89.45,91.1,86.8,88.15,2167,5368000
PTC-II,20181221,90.2,91.8,87.2,88.55,484,1232000
PVR-I,20181221,1584,1598.4,1536,1564.9,2734,954400
PVR-II,20181221,1603.15,1615.3,1544.1,1571.15,1228,462000
PVR-III,20181221,1572.3,1572.3,1572.3,1572.3,1,400
RAMCOCEM-I,20181221,653,660,628,631.15,597,514400
RAMCOCEM-II,20181221,660,662,632.8,635,245,199200
RAMCOCEM-III,20181221,0,0,0,611.65,0,800
RAYMOND-I,20181221,863.35,886.5,853.5,860.7,4979,3527200
RAYMOND-II,20181221,873.95,889.35,858.5,865.65,942,532000
RAYMOND-III,20181221,867,867,867,867,1,2400
RBLBANK-I,20181221,580,584,563.55,565.25,2305,5692800
RBLBANK-II,20181221,582.55,582.55,562.85,564.3,797,1681200
RBLBANK-III,20181221,0,0,0,577,0,12000
RCOM-I,20181221,14.45,14.65,14,14.25,2291,59724000
RCOM-II,20181221,14.7,14.75,14.05,14.25,895,29512000
RCOM-III,20181221,14.35,14.4,14.3,14.4,6,306000
RECLTD-I,20181221,110.55,111.3,107.95,109.6,4378,36846000
RECLTD-II,20181221,110.1,110.85,107.75,109.35,1806,11238000
RECLTD-III,20181221,108.45,109,108.3,108.55,7,336000
RELCAPITAL-I,20181221,221,222.85,216.65,220.55,2074,10231500
RELCAPITAL-II,20181221,222.6,222.65,217.95,221.55,529,1687500
RELCAPITAL-III,20181221,0,0,0,221.25,0,25500
RELIANCE-I,20181221,1125.25,1134.6,1097.05,1100.45,45096,27479000
RELIANCE-II,20181221,1134.5,1139.95,1102.15,1105.3,22428,20649500
RELIANCE-III,20181221,1141.65,1143.5,1108.95,1112.4,117,107000
RELINFRA-I,20181221,302.85,309.65,298.4,307.6,8293,6947200
RELINFRA-II,20181221,305,310.95,300,309.05,2379,2965300
RELINFRA-III,20181221,308.05,308.05,308.05,308.05,1,31200
REPCOHOME-I,20181221,387.5,404.15,384.7,387.75,1828,1293300
REPCOHOME-II,20181221,389.9,405.65,387.45,390,691,475200
REPCOHOME-III,20181221,0,0,0,385,0,7700
RPOWER-I,20181221,28,28.4,27.75,28.1,1408,28184000
RPOWER-II,20181221,28.4,28.45,27.9,28.25,829,19600000
RPOWER-III,20181221,28.4,28.45,28.25,28.35,12,544000
SAIL-I,20181221,53.4,54.6,52.5,52.9,3520,72528000
SAIL-II,20181221,53.65,54.75,52.65,53,1030,20604000
SAIL-III,20181221,54.45,54.45,53.3,53.3,5,336000
SBIN-I,20181221,294.5,296.7,291.3,292.55,16327,53451000
SBIN-II,20181221,295.15,298.2,292.75,293.95,5369,28872000
SBIN-III,20181221,298.75,298.8,294,295.2,81,513000
SHREECEM-I,20181221,17308.85,17540,17102,17165.8,615,100950
SHREECEM-II,20181221,17495.45,17520,17170,17230.8,196,6000
SHREECEM-III,20181221,0,0,0,16714.75,0,0
SIEMENS-I,20181221,1003.35,1015.75,982.3,992.6,2094,1662500
SIEMENS-II,20181221,1002,1014.5,985.05,994.85,1023,430100
SIEMENS-III,20181221,1002,1002,1002,1002,2,2200
SOUTHBANK-I,20181221,15.8,15.9,15.35,15.45,1160,94120440
SOUTHBANK-II,20181221,15.95,16,15.45,15.55,865,50871435
SOUTHBANK-III,20181221,0,0,0,16.05,0,861666
SREINFRA-I,20181221,35.9,37,34.3,34.75,865,9653000
SREINFRA-II,20181221,36.7,37.15,34.45,34.95,363,5712000
SREINFRA-III,20181221,35.8,35.8,35.8,35.8,1,48000
SRF-I,20181221,2260.25,2271.1,2147.95,2155.95,2450,422000
SRF-II,20181221,2268.6,2279.05,2157.75,2165.9,852,209500
SRF-III,20181221,0,0,0,2193,0,0
SRTRANSFIN-I,20181221,1259.25,1273.75,1195.15,1203.85,6855,3073800
SRTRANSFIN-II,20181221,1268.25,1274.4,1201.25,1209.15,1766,797400
SRTRANSFIN-III,20181221,0,0,0,1296,0,3000
STAR-I,20181221,471.3,474.6,459.05,461.55,1729,2674400
STAR-II,20181221,475.6,477.15,462,463.8,800,1328800
STAR-III,20181221,0,0,0,458.55,0,2200
SUNPHARMA-I,20181221,431,433.45,423.15,425.25,14421,46412300
SUNPHARMA-II,20181221,432,435.3,425.25,427.25,5305,12703900
SUNPHARMA-III,20181221,436.7,436.7,428,429.4,38,163900
SUNTV-I,20181221,597.3,606.9,585.7,591.25,2777,4177000
SUNTV-II,20181221,605,609.65,589,594,461,2612000
SUNTV-III,20181221,600,600,594,595,3,7000
SUZLON-I,20181221,5.5,5.65,5.45,5.55,1341,230445000
SUZLON-II,20181221,5.55,5.7,5.5,5.6,680,74176000
SUZLON-III,20181221,5.6,5.75,5.6,5.7,15,2128000
SYNDIBANK-I,20181221,37.65,38.1,36.8,37.65,1387,16704000
SYNDIBANK-II,20181221,38.1,38.3,37.15,37.85,412,9075000
SYNDIBANK-III,20181221,0,0,0,38.15,0,90000
TATACHEM-I,20181221,720.65,727.7,702.15,704.75,1883,2348250
TATACHEM-II,20181221,728,730.9,706.5,708.05,578,440250
TATACHEM-III,20181221,0,0,0,712.6,0,0
TATACOMM-I,20181221,550.75,556,517.3,521.4,1658,2216800
TATACOMM-II,20181221,552.7,556.25,521,524.05,444,375000
TATACOMM-III,20181221,0,0,0,539.7,0,0
TATAELXSI-I,20181221,1016.6,1019,993.05,999.6,2509,1228400
TATAELXSI-II,20181221,1018.4,1021.25,998.05,1005.35,694,307200
TATAELXSI-III,20181221,0,0,0,1018,0,1600
TATAGLOBAL-I,20181221,211.7,219.25,211.6,215.2,6098,10914750
TATAGLOBAL-II,20181221,212.95,220.3,212.95,216.35,1190,2009250
TATAGLOBAL-III,20181221,0,0,0,213.1,0,6750
TATAMOTORS-I,20181221,175,180.4,175,176.15,25983,40833000
TATAMOTORS-II,20181221,177.85,181.15,176.25,177.1,6984,18726000
TATAMOTORS-III,20181221,179,181.9,177.2,177.95,125,642000
TATAMTRDVR-I,20181221,97,98.8,95.75,96.25,3838,21705600
TATAMTRDVR-II,20181221,97.45,99.35,96.45,96.8,1535,6125600
TATAMTRDVR-III,20181221,98.6,99,98.6,98.85,4,110200
TATAPOWER-I,20181221,80.35,80.8,76.3,76.7,1974,42291000
TATAPOWER-II,20181221,80.75,81.15,76.7,77.1,811,7749000
TATAPOWER-III,20181221,78.85,78.85,77,78.65,3,27000
TATASTEEL-I,20181221,523.65,533.4,519,521,20201,21375967
TATASTEEL-II,20181221,527,535.8,521.65,523.55,7081,13119265
TATASTEEL-III,20181221,532,537.6,524.8,526.45,55,102917
TCS-I,20181221,1959.7,1959.8,1892.6,1902.05,21650,8157250
TCS-II,20181221,1965.15,1965.15,1898.25,1909.5,12154,4351000
TCS-III,20181221,1966.8,1966.8,1910.1,1914.2,44,14750
TECHM-I,20181221,712.75,713.4,694,696.2,3548,10873200
TECHM-II,20181221,714.85,716.55,697.35,699.65,1201,2348400
TECHM-III,20181221,717.5,719,706,706,6,10800
TITAN-I,20181221,929.55,929.55,900.4,902.35,8080,10998750
TITAN-II,20181221,933,933,904.75,906.7,3180,3368250
TITAN-III,20181221,935.6,935.6,910,910.85,37,39750
TORNTPHARM-I,20181221,1814.85,1835.9,1775.3,1781.75,1337,319000
TORNTPHARM-II,20181221,1814.9,1840,1775.1,1779.6,225,71000
TORNTPHARM-III,20181221,0,0,0,1747.05,0,0
TORNTPOWER-I,20181221,266.95,267.85,255.65,256.6,754,1626000
TORNTPOWER-II,20181221,267.6,268.1,256.75,257.55,231,549000
TORNTPOWER-III,20181221,257.2,257.2,257.2,257.2,1,3000
TV18BRDCST-I,20181221,36.75,37.15,36.25,36.55,1562,37706000
TV18BRDCST-II,20181221,37.15,37.35,36.4,36.8,769,17758000
TV18BRDCST-III,20181221,36.9,37.1,36.9,37.1,2,39000
TVSMOTOR-I,20181221,580.95,587.4,570.9,573.2,5344,5703000
TVSMOTOR-II,20181221,583.6,587.95,570,571.45,1064,687000
TVSMOTOR-III,20181221,571.65,571.65,571.65,571.65,4,6000
UBL-I,20181221,1369.05,1384,1340.05,1350.05,2348,1677200
UBL-II,20181221,1387,1392,1348.6,1357.15,911,771400
UBL-III,20181221,1361.5,1361.5,1361.5,1361.5,1,5600
UJJIVAN-I,20181221,275.8,285.75,270.75,275.2,8646,3774400
UJJIVAN-II,20181221,276.6,285.65,271.8,275.45,1409,1348800
UJJIVAN-III,20181221,280,280,279.5,279.5,3,17600
ULTRACEMCO-I,20181221,4060,4090.45,3965.3,3986.3,5664,1370800
ULTRACEMCO-II,20181221,4068,4104,3981,3998.4,2299,501000
ULTRACEMCO-III,20181221,4024,4031.15,4000.9,4008.05,20,3600
UNIONBANK-I,20181221,83.75,84.35,81.2,82.5,3193,34818000
UNIONBANK-II,20181221,84.1,84.7,81.8,82.95,873,6426000
UNIONBANK-III,20181221,84.55,84.95,83.4,83.4,5,98000
UPL-I,20181221,771.9,775.65,735,737.4,10337,9916800
UPL-II,20181221,772,779.3,738.6,740.9,4806,8569200
UPL-III,20181221,775.65,775.65,748.05,748.05,5,10800
VEDL-I,20181221,204.45,204.9,199.5,200.6,14781,25275250
VEDL-II,20181221,204.75,205.8,200.7,201.7,6208,14545200
VEDL-III,20181221,205.15,205.15,201.75,202.25,44,200100
VGUARD-I,20181221,225,227,220.6,225.8,1299,2628000
VGUARD-II,20181221,223.5,224.35,218.5,223.2,256,582000
VGUARD-III,20181221,0,0,0,222.65,0,3000
VOLTAS-I,20181221,579.6,580.2,569.55,572.35,4993,5051000
VOLTAS-II,20181221,576,576,565.7,567.4,899,1496000
VOLTAS-III,20181221,567.1,567.1,561.7,561.7,2,5000
WIPRO-I,20181221,332.5,334.8,321.65,323.2,6946,20745600
WIPRO-II,20181221,333.35,334.5,321.8,323.45,1985,7898400
WIPRO-III,20181221,330.05,331,327,327.5,8,57600
WOCKPHARMA-I,20181221,509.55,524.5,504.05,505.6,1602,2997000
WOCKPHARMA-II,20181221,523.05,526,506.5,508.15,795,593100
WOCKPHARMA-III,20181221,515.9,516.85,515.1,516.3,7,5400
YESBANK-I,20181221,188,188.75,181.25,183.3,38824,111972000
YESBANK-II,20181221,188.75,189.35,182.05,184.1,19379,49593250
YESBANK-III,20181221,190.4,190.4,183.4,185.05,193,490000
ZEEL-I,20181221,464.85,466.95,445.7,449.05,7658,10114000
ZEEL-II,20181221,467.7,468.85,448,451.15,2994,4067700
ZEEL-III,20181221,0,0,0,465.4,0,1300
