BANKNIFTY-I,20171121,26200,26200,25785,25818.7,51681,2396000
BANKNIFTY-II,20171121,25970,26007.05,25862.05,25893.15,1629,162480
BANKNIFTY-III,20171121,26028.95,26064.55,25930,25945.85,64,13240
FTSE100-I,20171121,0,0,0,7457,0,0
FTSE100-II,20171121,0,0,0,7652,0,0
FTSE100-III,20171121,0,0,0,7503,0,0
FTSE100-IIII,20171121,0,0,0,7912,0,0
FTSE100-IIIII,20171121,0,0,0,7982,0,0
FTSE100-IIIIII,20171121,0,0,0,7867,0,0
NIFTY-I,20171121,10348.8,10389.45,10337.45,10351.9,87712,22165500
NIFTY-II,20171121,10359.95,10424,10359.95,10387.15,10373,3016500
NIFTY-III,20171121,10419,10455,10408,10421,748,174000
NIFTYCPSE-I,20171121,0,0,0,2505.1,0,0
NIFTYCPSE-II,20171121,0,0,0,2531.5,0,0
NIFTYCPSE-III,20171121,0,0,0,2752.3,0,0
NIFTYINFRA-I,20171121,0,0,0,3376.25,0,0
NIFTYINFRA-II,20171121,0,0,0,3261.55,0,0
NIFTYINFRA-III,20171121,0,0,0,3636.75,0,0
NIFTYIT-I,20171121,11144,11205,11120,11163,103,30300
NIFTYIT-II,20171121,0,0,0,11177,0,750
NIFTYIT-III,20171121,0,0,0,11057,0,0
NIFTYMID50-I,20171121,0,0,0,4782,0,0
NIFTYMID50-II,20171121,0,0,0,4732.3,0,0
NIFTYMID50-III,20171121,0,0,0,5134.25,0,0
NIFTYPSE-I,20171121,0,0,0,4196.35,0,0
NIFTYPSE-II,20171121,0,0,0,4060.8,0,0
NIFTYPSE-III,20171121,0,0,0,4478.55,0,0
ACC-I,20171121,1715,1732,1701.4,1707.1,2698,1558000
ACC-II,20171121,1724.95,1738.85,1711.05,1716.5,212,92000
ACC-III,20171121,0,0,0,1810.85,0,0
ADANIENT-I,20171121,161.9,161.95,152.5,153.75,4425,28276000
ADANIENT-II,20171121,162.85,162.85,153.2,154.3,244,784000
ADANIENT-III,20171121,157,157,156,156,3,16000
ADANIPORTS-I,20171121,401.7,407.6,401.5,402.4,2421,10135000
ADANIPORTS-II,20171121,405.15,408.8,403.95,404.3,99,590000
ADANIPORTS-III,20171121,0,0,0,420.9,0,0
ADANIPOWER-I,20171121,35.05,35.4,34.1,34.55,930,111180000
ADANIPOWER-II,20171121,35.4,35.45,34.4,34.75,101,7880000
ADANIPOWER-III,20171121,0,0,0,33.35,0,20000
AJANTPHARM-I,20171121,1349.45,1355,1322.6,1346.8,2715,1062800
AJANTPHARM-II,20171121,1351.6,1358.5,1335,1353.9,98,27600
AJANTPHARM-III,20171121,1344.55,1371.8,1336.2,1357.3,6,1500
ALBK-I,20171121,80.7,81,77.35,78.15,853,14220000
ALBK-II,20171121,80.15,80.45,78,78.45,55,1500000
ALBK-III,20171121,0,0,0,85.95,0,0
AMARAJABAT-I,20171121,810.85,812.7,797.05,804.1,1049,2021400
AMARAJABAT-II,20171121,811,811.1,802,808.45,41,87600
AMARAJABAT-III,20171121,0,0,0,800.05,0,4200
AMBUJACEM-I,20171121,264.95,268.5,262.1,262.9,2188,9727500
AMBUJACEM-II,20171121,267.35,269.5,264,264.25,85,342500
AMBUJACEM-III,20171121,0,0,0,271.4,0,5000
ANDHRABANK-I,20171121,65.4,65.6,63.7,64,841,23370000
ANDHRABANK-II,20171121,65.05,65.65,64.2,64.4,59,1410000
ANDHRABANK-III,20171121,0,0,0,65.3,0,10000
APOLLOHOSP-I,20171121,1052.7,1115,1050.65,1104.75,4210,2533000
APOLLOHOSP-II,20171121,1065,1115.1,1065,1105.35,146,77000
APOLLOHOSP-III,20171121,1115.05,1116.05,1115.05,1116.05,2,2000
APOLLOTYRE-I,20171121,237.6,247.7,236.05,246.75,7541,14286000
APOLLOTYRE-II,20171121,238.85,248.85,238,247.65,289,678000
APOLLOTYRE-III,20171121,0,0,0,237.65,0,3000
ARVIND-I,20171121,427.2,435.9,424.6,429.9,4094,6396000
ARVIND-II,20171121,431.15,438.2,427,431.65,132,396000
ARVIND-III,20171121,0,0,0,435,0,12000
ASHOKLEY-I,20171121,115.8,116,114.05,115.15,2289,55307000
ASHOKLEY-II,20171121,116.45,116.5,114.8,115.8,441,6853000
ASHOKLEY-III,20171121,116.9,116.9,115.85,116.25,7,287000
ASIANPAINT-I,20171121,1173.75,1173.75,1161.15,1165.25,1215,2905800
ASIANPAINT-II,20171121,1173,1176.2,1166.8,1170.05,111,175200
ASIANPAINT-III,20171121,0,0,0,1210.15,0,0
AUROPHARMA-I,20171121,710.85,718.95,705.75,711.75,6423,20415200
AUROPHARMA-II,20171121,713.8,722.45,709.75,715.25,862,1060000
AUROPHARMA-III,20171121,727.75,727.75,725.25,725.45,27,30400
AXISBANK-I,20171121,547.85,549.2,540.6,547.4,8524,43456800
AXISBANK-II,20171121,550.85,551.6,543.4,550.05,399,2736000
AXISBANK-III,20171121,549.5,554,547.25,554,8,164400
BAJAJ-AUTO-I,20171121,3263.85,3312.45,3248.25,3306.65,2554,1686000
BAJAJ-AUTO-II,20171121,3276.45,3325.5,3276.45,3320.95,132,59750
BAJAJ-AUTO-III,20171121,0,0,0,3335.75,0,0
BAJAJFINSV-I,20171121,5200.05,5264.4,5139,5212.65,1578,767500
BAJAJFINSV-II,20171121,5235,5273.1,5175,5241.2,63,27750
BAJAJFINSV-III,20171121,0,0,0,5061.4,0,0
BAJFINANCE-I,20171121,1817.35,1826,1793,1812.2,3319,5539000
BAJFINANCE-II,20171121,1820.55,1834.65,1804,1821.15,170,292000
BAJFINANCE-III,20171121,1844.45,1844.45,1830.2,1836,3,4000
BALKRISIND-I,20171121,2100,2135,2085.65,2108.9,890,481600
BALKRISIND-II,20171121,2107.95,2130,2102.05,2114.45,16,24800
BALKRISIND-III,20171121,0,0,0,2109.85,0,400
BALRAMCHIN-I,20171121,163.65,164.05,162.15,163.25,929,14588000
BALRAMCHIN-II,20171121,164,164.7,163.15,164.1,178,1515500
BALRAMCHIN-III,20171121,0,0,0,158,0,66500
BANKBARODA-I,20171121,186.05,186.75,179.25,181,7516,48923000
BANKBARODA-II,20171121,187,187.2,180.8,181.65,384,2572500
BANKBARODA-III,20171121,184.05,184.05,183,183,2,16000
BANKINDIA-I,20171121,206.65,207.7,200.8,202.3,2923,15036000
BANKINDIA-II,20171121,207,207.2,201.5,202.7,86,936000
BANKINDIA-III,20171121,204,204,201.75,201.75,3,24000
BATAINDIA-I,20171121,744.05,772.5,744.05,769.35,3947,2358400
BATAINDIA-II,20171121,749.4,775.8,749.4,773.05,166,191400
BATAINDIA-III,20171121,0,0,0,760,0,5500
BEL-I,20171121,179.6,180.1,177.3,177.7,1423,21359250
BEL-II,20171121,181.45,181.45,178.5,178.7,146,1232550
BEL-III,20171121,0,0,0,181,0,54450
BEML-I,20171121,1637.85,1660,1628.7,1640.5,2199,2351700
BEML-II,20171121,1646.55,1669.05,1642.4,1649.9,131,77400
BEML-III,20171121,0,0,0,1696,0,300
BERGEPAINT-I,20171121,253.8,253.9,247.6,248.6,236,1775400
BERGEPAINT-II,20171121,251.2,251.85,249.05,250.05,9,46200
BERGEPAINT-III,20171121,0,0,0,254.35,0,2200
BHARATFIN-I,20171121,982.6,988.85,974.05,977.55,3034,11296000
BHARATFIN-II,20171121,992.2,993.45,979.3,982.35,870,955000
BHARATFIN-III,20171121,996.95,996.95,996.95,996.95,1,3000
BHARATFORG-I,20171121,700.95,718,700.45,712.3,3141,6546000
BHARATFORG-II,20171121,708.75,720.65,707.45,715.95,204,408000
BHARATFORG-III,20171121,722.6,722.6,714,714,4,6000
BHARTIARTL-I,20171121,498,511.25,496.1,505.35,10533,43633900
BHARTIARTL-II,20171121,499.95,513.6,499.45,507.65,958,2776100
BHARTIARTL-III,20171121,0,0,0,502.45,0,115600
BHEL-I,20171121,88.1,89.1,87.4,87.8,1617,44070000
BHEL-II,20171121,88.65,89.5,88,88.25,329,4387500
BHEL-III,20171121,0,0,0,88.5,0,120000
BIOCON-I,20171121,422,428.35,416.95,420.8,4914,7754400
BIOCON-II,20171121,423.75,428.2,417.55,421.15,326,1573200
BIOCON-III,20171121,425.05,426.3,422,422.5,17,34200
BOSCHLTD-I,20171121,19550.1,19600,19234.8,19317.95,894,111200
BOSCHLTD-II,20171121,19590,19651.15,19350,19406.9,99,5075
BOSCHLTD-III,20171121,0,0,0,21366.55,0,0
BPCL-I,20171121,504.75,513,499.6,510.7,5019,11109600
BPCL-II,20171121,503,512,500,509.25,184,435600
BPCL-III,20171121,503.25,511.35,503.25,508.65,16,66600
BRITANNIA-I,20171121,4789.95,4853.95,4789.95,4823.15,668,814000
BRITANNIA-II,20171121,4860,4860,4837.25,4837.25,6,14800
BRITANNIA-III,20171121,0,0,0,4678.05,0,0
CADILAHC-I,20171121,448.85,456.45,446.1,449.95,1665,4636800
CADILAHC-II,20171121,454,458.45,449,451.6,131,374400
CADILAHC-III,20171121,0,0,0,448.1,0,1600
CANBK-I,20171121,399.6,402.7,390.6,394.05,5631,9933564
CANBK-II,20171121,396.6,403.95,392.1,395.65,145,478020
CANBK-III,20171121,398.4,404.8,395,395.1,6,14400
CANFINHOME-I,20171121,474.6,477.6,460.1,463.35,716,4345000
CANFINHOME-II,20171121,479.6,479.6,463.6,465.9,53,311250
CANFINHOME-III,20171121,0,0,0,506.5,0,0
CAPF-I,20171121,713.05,716.45,704.5,709.15,1064,3908000
CAPF-II,20171121,716.35,720,712.05,713.7,36,134400
CAPF-III,20171121,0,0,0,699.95,0,800
CASTROLIND-I,20171121,394.3,396.95,390.5,391.05,1690,13084400
CASTROLIND-II,20171121,396.25,397.5,392.15,392.6,362,708400
CASTROLIND-III,20171121,0,0,0,401.5,0,11200
CEATLTD-I,20171121,1788.05,1849.1,1778.4,1845.5,11812,1799000
CEATLTD-II,20171121,1795.05,1858.5,1795.05,1853.15,193,65450
CEATLTD-III,20171121,0,0,0,1800,0,1050
CENTURYTEX-I,20171121,1328.05,1351.5,1326.9,1340.2,3713,7239650
CENTURYTEX-II,20171121,1345.6,1359.35,1338.1,1347.85,143,110550
CENTURYTEX-III,20171121,0,0,0,1383.45,0,550
CESC-I,20171121,1010.85,1021,1006.95,1016.05,1584,4694800
CESC-II,20171121,1013.5,1025.75,1013,1021.8,48,176550
CESC-III,20171121,1036.45,1036.45,1036.45,1036.45,1,1100
CGPOWER-I,20171121,84.85,87,84.3,86.35,832,26376000
CGPOWER-II,20171121,85.55,87.1,84.8,86.9,43,1920000
CGPOWER-III,20171121,0,0,0,83.5,0,0
CHENNPETRO-I,20171121,417,425.9,417,418.6,647,1987500
CHENNPETRO-II,20171121,424,424.75,420.4,421,33,103500
CHENNPETRO-III,20171121,0,0,0,450,0,6000
CHOLAFIN-I,20171121,1294,1314.45,1288.6,1295.3,445,507000
CHOLAFIN-II,20171121,1310,1310,1305,1305,2,5500
CHOLAFIN-III,20171121,0,0,0,1131.5,0,0
CIPLA-I,20171121,604.95,625.65,604.9,618.7,3261,8214000
CIPLA-II,20171121,608,627.95,608,621.35,209,242000
CIPLA-III,20171121,619.55,620,619.55,620,2,1000
COALINDIA-I,20171121,279.8,280.75,272.7,273.3,3457,21822900
COALINDIA-II,20171121,280.55,281.75,273.5,273.9,501,1584400
COALINDIA-III,20171121,276.3,276.3,272.5,272.9,25,411400
COLPAL-I,20171121,1049.4,1053,1041.75,1044.45,479,1387400
COLPAL-II,20171121,1050.45,1050.45,1046.2,1046.2,5,42700
COLPAL-III,20171121,0,0,0,1071.45,0,0
CONCOR-I,20171121,1375,1388.65,1351,1359.5,542,1170625
CONCOR-II,20171121,1383.05,1383.05,1359,1366.15,33,30625
CONCOR-III,20171121,0,0,0,1390,0,0
CUMMINSIND-I,20171121,862.45,863.25,851.05,854,234,880800
CUMMINSIND-II,20171121,866,867.3,856.05,859.55,55,74400
CUMMINSIND-III,20171121,0,0,0,922.2,0,0
DABUR-I,20171121,340.45,342,339.35,340.65,605,11837500
DABUR-II,20171121,341.65,343.2,340.75,341.75,42,212500
DABUR-III,20171121,0,0,0,327.95,0,0
DALMIABHA-I,20171121,3035.95,3047,3008.05,3024.3,223,502500
DALMIABHA-II,20171121,3035.1,3052.75,3035.05,3036.05,7,9300
DALMIABHA-III,20171121,0,0,0,2873.65,0,0
DCBBANK-I,20171121,182.25,183.5,179.4,180.7,729,5260500
DCBBANK-II,20171121,183,184,181,181.7,33,459000
DCBBANK-III,20171121,0,0,0,180.65,0,13500
DHFL-I,20171121,643.3,647.6,618.1,622.3,1098,29994000
DHFL-II,20171121,634.85,634.85,622.6,626.6,22,676500
DHFL-III,20171121,0,0,0,650.6,0,241500
DISHTV-I,20171121,77.2,77.5,76.3,76.85,787,25515000
DISHTV-II,20171121,77.6,77.8,76.7,77.2,196,1967000
DISHTV-III,20171121,0,0,0,78.1,0,0
DIVISLAB-I,20171121,1053.55,1071.4,1037.05,1044.4,4127,3593600
DIVISLAB-II,20171121,1059,1076.25,1043.7,1050.3,113,125600
DIVISLAB-III,20171121,0,0,0,1030,0,5600
DLF-I,20171121,227.6,228.95,220.15,222.95,2864,41405000
DLF-II,20171121,229.6,229.9,221.85,223.25,76,2645000
DLF-III,20171121,0,0,0,229.35,0,110000
DRREDDY-I,20171121,2287,2484.85,2285.25,2400.65,21475,4197600
DRREDDY-II,20171121,2300,2496.8,2298,2413.05,2064,934600
DRREDDY-III,20171121,2386.9,2491.75,2386.9,2491.75,6,4250
EICHERMOT-I,20171121,30777.35,30919.95,30331.1,30538.15,1214,173825
EICHERMOT-II,20171121,30835.55,31050,30501.05,30675.3,225,8600
EICHERMOT-III,20171121,31000.05,31000.05,31000,31000,2,75
ENGINERSIN-I,20171121,190,190.05,183.3,184.25,2064,17503500
ENGINERSIN-II,20171121,189.5,190.45,184.75,185.15,151,934500
ENGINERSIN-III,20171121,189,189,185,185,5,35000
EQUITAS-I,20171121,148.45,149.9,144.55,145.95,1532,15964800
EQUITAS-II,20171121,149.4,149.4,145.55,146.55,84,953600
EQUITAS-III,20171121,0,0,0,149.4,0,35200
ESCORTS-I,20171121,697.9,709.8,694.35,698.65,2672,4441800
ESCORTS-II,20171121,702.5,713.2,699.7,702.5,136,266200
ESCORTS-III,20171121,0,0,0,737.9,0,1100
EXIDEIND-I,20171121,203.1,205.65,201.6,203.6,1584,20080000
EXIDEIND-II,20171121,204.35,206.55,203.05,204.85,123,816000
EXIDEIND-III,20171121,204,204.8,204,204.8,2,4000
FEDERALBNK-I,20171121,114.45,114.45,111.5,112.35,2874,77539000
FEDERALBNK-II,20171121,114.7,114.9,112.05,112.95,493,5335000
FEDERALBNK-III,20171121,115,115,112.9,112.9,5,555500
FORTIS-I,20171121,131.05,131.85,128.7,129.55,2675,46191600
FORTIS-II,20171121,132.95,132.95,129.6,130.5,667,3917700
FORTIS-III,20171121,132.7,132.7,130.55,130.55,2,108500
GAIL-I,20171121,462.5,464.7,457.35,458.9,2978,16622000
GAIL-II,20171121,464.1,464.1,457.9,459.55,170,504000
GAIL-III,20171121,0,0,0,460,0,24000
GLENMARK-I,20171121,596.55,602.2,591.65,593.35,2646,7529200
GLENMARK-II,20171121,600,605.35,595.1,596.5,480,626500
GLENMARK-III,20171121,603,608.9,600.7,600.7,3,5400
GMRINFRA-I,20171121,17.35,17.5,17.05,17.3,671,296370000
GMRINFRA-II,20171121,17.5,17.55,17.25,17.4,47,27540000
GMRINFRA-III,20171121,0,0,0,17.6,0,945000
GODFRYPHLP-I,20171121,1037.95,1050.8,1032.1,1036.45,556,563000
GODFRYPHLP-II,20171121,1043.35,1043.35,1039.7,1041.05,12,12000
GODFRYPHLP-III,20171121,0,0,0,1045,0,2500
GODREJCP-I,20171121,959.2,969.1,943.3,951.3,667,2560800
GODREJCP-II,20171121,973.6,973.6,950,957.95,46,60000
GODREJCP-III,20171121,0,0,0,937.8,0,0
GODREJIND-I,20171121,572,573.9,560.85,565.6,1231,4060500
GODREJIND-II,20171121,576,576,565,568.65,113,369000
GODREJIND-III,20171121,0,0,0,579.8,0,0
GRANULES-I,20171121,126.1,127.7,124.7,125.7,931,19385000
GRANULES-II,20171121,127.95,128.4,125.55,126.55,115,1260000
GRANULES-III,20171121,128.1,128.1,128.1,128.1,1,30000
GRASIM-I,20171121,1192.4,1193.45,1166.75,1173.55,1321,3262500
GRASIM-II,20171121,1189.05,1190.95,1174,1179.25,71,117000
GRASIM-III,20171121,0,0,0,1202.45,0,3000
GSFC-I,20171121,138.55,142.3,138.55,139.95,1328,24286500
GSFC-II,20171121,140.7,142.9,139.3,140.55,99,792000
GSFC-III,20171121,141.45,141.5,141.45,141.5,3,22500
HAVELLS-I,20171121,514.1,514.85,505.1,507.6,1173,4962000
HAVELLS-II,20171121,517.8,517.8,508,510.2,96,234000
HAVELLS-III,20171121,0,0,0,514.5,0,6000
HCC-I,20171121,37.95,39,37.2,37.7,794,29028000
HCC-II,20171121,38.5,39.05,37.7,37.95,55,1656000
HCC-III,20171121,0,0,0,37.65,0,30000
HCLTECH-I,20171121,847.85,848.7,838.65,841.15,2004,9559200
HCLTECH-II,20171121,850,852.25,843,845.05,218,261100
HCLTECH-III,20171121,0,0,0,865.8,0,1400
HDFC-I,20171121,1700.1,1712.7,1695,1699.55,6344,10918000
HDFC-II,20171121,1712.5,1720,1703,1706.8,539,730500
HDFC-III,20171121,1721.5,1726.3,1712.05,1721.9,13,30500
HDFCBANK-I,20171121,1842.25,1853.95,1837.75,1849.4,6333,19611000
HDFCBANK-II,20171121,1843,1857,1843,1853.25,710,1632500
HDFCBANK-III,20171121,1855.5,1855.5,1854,1854,3,6500
HDIL-I,20171121,64.75,65.35,62.25,62.7,805,31560000
HDIL-II,20171121,65.25,65.5,62.9,63.1,20,2464000
HDIL-III,20171121,0,0,0,66,0,117000
HEROMOTOCO-I,20171121,3686.75,3693,3670.1,3680.75,2058,1499600
HEROMOTOCO-II,20171121,3700.8,3708,3686.15,3694.9,116,50200
HEROMOTOCO-III,20171121,0,0,0,3810.65,0,0
HEXAWARE-I,20171121,331.4,337,328.6,336,1458,2895000
HEXAWARE-II,20171121,332.55,337.85,330,337.15,19,147000
HEXAWARE-III,20171121,0,0,0,289.05,0,0
HINDALCO-I,20171121,263.2,265.8,260,262.1,4276,41989500
HINDALCO-II,20171121,264.35,266.75,261.4,263.2,132,1431500
HINDALCO-III,20171121,264,264,264,264,10,70000
HINDPETRO-I,20171121,417.7,424.4,417.15,420.5,5818,29509200
HINDPETRO-II,20171121,420.95,425.95,419.15,421.6,1003,2088450
HINDPETRO-III,20171121,419.8,425,419.8,421.75,4,50400
HINDUNILVR-I,20171121,1284.85,1289.7,1277.5,1280.2,1541,9014400
HINDUNILVR-II,20171121,1287.7,1295,1280.05,1284.9,116,324000
HINDUNILVR-III,20171121,0,0,0,1294,0,0
HINDZINC-I,20171121,318.55,320.5,314.5,317.4,1049,6598400
HINDZINC-II,20171121,318.6,321.65,316.4,318,92,393600
HINDZINC-III,20171121,0,0,0,306,0,19200
IBREALEST-I,20171121,235.3,240.45,222.3,223.55,9169,42297500
IBULHSGFIN-I,20171121,1207.95,1210.05,1174.25,1179.85,6227,12084400
IBULHSGFIN-II,20171121,1214,1214,1180.7,1186.05,375,271600
IBULHSGFIN-III,20171121,1191.15,1191.15,1191.15,1191.15,1,11200
ICICIBANK-I,20171121,319.7,323.4,318.35,320.65,8418,80808750
ICICIBANK-II,20171121,321,324.5,320,321.9,445,8970500
ICICIBANK-III,20171121,322.05,323.65,322.05,323.65,6,176000
ICICIPRULI-I,20171121,390.1,407.6,390.1,398.85,4352,6916000
ICICIPRULI-II,20171121,393.4,409.45,393.25,401,228,352300
ICICIPRULI-III,20171121,396,407.75,396,407.75,5,7800
ICIL-I,20171121,128.6,129.9,122.4,123.45,523,11322500
ICIL-II,20171121,129.75,129.75,124.55,124.55,16,196000
ICIL-III,20171121,0,0,0,122.7,0,0
IDBI-I,20171121,61.4,61.5,60.3,60.85,640,20656000
IDBI-II,20171121,61.5,61.5,60.75,61.2,43,2104000
IDBI-III,20171121,61.1,61.1,61.1,61.1,1,110000
IDEA-I,20171121,102.8,103,99.7,101.3,5805,62839000
IDEA-II,20171121,102.95,103.45,100.45,101.8,217,1323000
IDEA-III,20171121,103,103,103,103,1,77000
IDFC-I,20171121,62.3,62.3,61,61.25,953,139524000
IDFC-II,20171121,62.4,62.4,61.4,61.5,100,7722000
IDFC-III,20171121,0,0,0,62.1,0,92400
IDFCBANK-I,20171121,55.35,55.65,54.85,55.05,717,117630000
IDFCBANK-II,20171121,55.7,55.9,55.15,55.4,277,11169000
IDFCBANK-III,20171121,56,56,55.8,55.8,7,270000
IFCI-I,20171121,24.3,24.3,23.8,24.15,407,79442000
IFCI-II,20171121,24.35,24.35,24,24.3,59,8800000
IFCI-III,20171121,24.3,24.3,24.3,24.3,1,132000
IGL-I,20171121,305.8,311.7,305.1,310.85,1341,5500000
IGL-II,20171121,308.95,313.2,307.2,312.6,59,258500
IGL-III,20171121,0,0,0,303.5,0,24750
INDIACEM-I,20171121,173.85,174.7,169.6,171.35,2187,27083000
INDIACEM-II,20171121,173.55,175.55,170.8,172.9,230,1151500
INDIACEM-III,20171121,176.45,176.45,172.9,172.9,2,24500
INDIANB-I,20171121,419.65,421.85,408.25,411.05,1788,4066000
INDIANB-II,20171121,420.5,421.1,410,410.7,53,240000
INDIANB-III,20171121,422.9,422.95,411.05,411.05,4,28000
INDIGO-I,20171121,1180,1190.35,1158.65,1170.9,959,2285400
INDIGO-II,20171121,1206.8,1206.8,1169.95,1177.35,59,65400
INDIGO-III,20171121,0,0,0,1262.65,0,600
INDUSINDBK-I,20171121,1659.3,1667.7,1646.2,1651.3,4662,5964900
INDUSINDBK-II,20171121,1663,1672.55,1652.25,1655.05,408,316200
INDUSINDBK-III,20171121,1666.5,1666.5,1662,1662,2,1800
INFIBEAM-I,20171121,182.5,182.85,176.7,179.45,633,33756000
INFIBEAM-II,20171121,180.7,180.7,179.2,179.95,438,12316000
INFIBEAM-III,20171121,0,0,0,181.35,0,12000
INFRATEL-I,20171121,385.65,387.35,382.45,384.85,1154,12209400
INFRATEL-II,20171121,386,389.05,384.95,386.6,72,273700
INFRATEL-III,20171121,393.7,393.7,373.25,373.25,2,20400
INFY-I,20171121,963.35,974.8,962.1,968.85,8844,31461500
INFY-II,20171121,970.35,978.6,967.1,973,3486,7562000
INFY-III,20171121,973.95,979.95,973.95,978,14,77400
IOC-I,20171121,391.95,397.75,390.9,396.25,3540,18946500
IOC-II,20171121,394,399,393,397.2,233,778500
IOC-III,20171121,395,398.15,395,397.4,38,126000
IRB-I,20171121,237.05,238.35,228.45,230.4,1735,15575000
IRB-II,20171121,238.5,239.25,230,231.3,132,812500
IRB-III,20171121,0,0,0,244.2,0,2500
ITC-I,20171121,259.35,259.75,256.25,256.6,6536,77983200
ITC-II,20171121,260.75,261.1,257.55,257.95,1073,6180000
ITC-III,20171121,260.65,261.35,259.1,259.3,20,297600
JETAIRWAYS-I,20171121,707.55,707.55,656,662.55,3900,5674800
JETAIRWAYS-II,20171121,695.75,695.75,661.05,663.7,13,164400
JETAIRWAYS-III,20171121,0,0,0,605.25,0,0
JINDALSTEL-I,20171121,175,176.25,171.5,173.2,3543,32926500
JINDALSTEL-II,20171121,175.9,176.75,172.7,174.05,213,1219500
JINDALSTEL-III,20171121,173.95,173.95,173.95,173.95,1,58500
JISLJALEQS-I,20171121,109.45,116.05,107.9,114.85,6842,51570000
JISLJALEQS-II,20171121,110.55,116.65,108.9,115.4,635,4167000
JISLJALEQS-III,20171121,0,0,0,116.25,2,36000
JPASSOCIAT-I,20171121,18.6,18.9,18.5,18.7,272,180370000
JPASSOCIAT-II,20171121,0,0,0,18.9,63,11866000
JPASSOCIAT-III,20171121,0,0,0,18.8,0,272000
JSWENERGY-I,20171121,80.7,81.25,78.6,79.8,323,62798000
JSWENERGY-II,20171121,81.8,81.8,80.7,80.6,110,3689000
JSWENERGY-III,20171121,0,0,0,85.05,0,0
JSWSTEEL-I,20171121,267.65,271.2,266.35,269.65,3155,47175000
JSWSTEEL-II,20171121,270.2,272.4,269,270.95,725,4635000
JSWSTEEL-III,20171121,0,0,0,277.25,0,3000
JUBLFOOD-I,20171121,1750.35,1768,1722.5,1737.45,2224,1311500
JUBLFOOD-II,20171121,1755,1770.95,1731,1745.1,150,108500
JUBLFOOD-III,20171121,1741.3,1742.05,1739,1739.2,7,9000
JUSTDIAL-I,20171121,558.45,559.65,533.75,538.2,1334,3076800
JUSTDIAL-II,20171121,555,555,535.1,538.45,47,226800
JUSTDIAL-III,20171121,544.4,544.4,544.4,544.4,1,9800
KAJARIACER-I,20171121,720.75,745,718.65,722.6,4165,1859200
KAJARIACER-II,20171121,741.05,748.05,723,725.7,105,69600
KAJARIACER-III,20171121,750.95,750.95,750.95,750.95,1,800
KOTAKBANK-I,20171121,1042.4,1053,1031.95,1033.95,3203,8751200
KOTAKBANK-II,20171121,1047,1056.9,1036.1,1037.9,286,668800
KOTAKBANK-III,20171121,1052.05,1052.05,1052,1052,2,5600
KPIT-I,20171121,168,173.85,167.45,173,1464,11280000
KPIT-II,20171121,168.85,173.95,168.85,173.5,44,288000
KPIT-III,20171121,0,0,0,139.6,0,0
KSCL-I,20171121,538.95,551.25,535.8,549.4,260,3937500
KSCL-II,20171121,551.5,554.75,543.2,552.55,39,114000
KSCL-III,20171121,0,0,0,585.9,0,0
KTKBANK-I,20171121,159.75,161.2,158.35,159,1166,23343400
KTKBANK-II,20171121,160.55,161.9,159.45,159.9,93,889200
KTKBANK-III,20171121,162.8,162.8,162.8,162.8,1,19000
L&TFH-I,20171121,184.7,184.7,178.6,179.3,13492,46138500
L&TFH-II,20171121,185.35,185.45,179.5,180.1,2042,8703000
L&TFH-III,20171121,184.5,184.5,180.8,180.9,13,76500
LICHSGFIN-I,20171121,610.65,611.8,601.2,603.4,4753,13691700
LICHSGFIN-II,20171121,614.5,614.6,605,606.95,2487,3015100
LICHSGFIN-III,20171121,0,0,0,611.1,0,6600
LT-I,20171121,1232,1234.8,1215.55,1221.55,7036,13671750
LT-II,20171121,1239,1239,1222.7,1226.7,608,795750
LT-III,20171121,1230,1238.15,1230,1238.15,5,21000
LUPIN-I,20171121,833.4,853.2,832,840.85,8569,11024000
LUPIN-II,20171121,837,857.4,836.5,844.75,1168,1382400
LUPIN-III,20171121,845,860,845,849.25,14,111000
M&M-I,20171121,1427.5,1428,1412,1422.2,2150,4464500
M&M-II,20171121,1425.25,1430.95,1417.15,1426.15,188,295500
M&M-III,20171121,1443.1,1443.1,1443.1,1443.1,1,3000
M&MFIN-I,20171121,439,442.6,428.5,437.8,2557,7372500
M&MFIN-II,20171121,443.4,443.75,430.65,439.85,104,108750
M&MFIN-III,20171121,0,0,0,445.5,0,1250
MANAPPURAM-I,20171121,103.6,105.8,100.5,101.45,2750,38928000
MANAPPURAM-II,20171121,104.85,106.25,101.2,102.1,210,1488000
MANAPPURAM-III,20171121,104.5,105.4,103.2,103.2,4,84000
MARICO-I,20171121,305.55,306.9,302.3,305.55,574,6689800
MARICO-II,20171121,307.5,308,304.4,307.25,7,104000
MARICO-III,20171121,0,0,0,318.45,0,0
MARUTI-I,20171121,8447.75,8462.75,8399.9,8426.5,5464,1647000
MARUTI-II,20171121,8499.95,8499.95,8441,8463.9,350,94200
MARUTI-III,20171121,8525,8525,8480,8511.85,30,10800
MCDOWELL-N-I,20171121,3276,3277.95,3200,3207.75,3121,2012750
MCDOWELL-N-II,20171121,3294.95,3297,3218.9,3223.8,117,45750
MCDOWELL-N-III,20171121,0,0,0,3194.7,0,3000
MCX-I,20171121,979.85,984.8,960.25,965.95,1176,2466000
MCX-II,20171121,982.35,989.7,966,970.8,154,208000
MCX-III,20171121,0,0,0,965.4,0,1500
MFSL-I,20171121,566.4,588.65,565,577.1,2058,3939000
MFSL-II,20171121,569.45,591.9,569.45,576.05,92,90000
MFSL-III,20171121,0,0,0,566.1,0,1000
MGL-I,20171121,1080.3,1121.2,1078.15,1117.65,2085,1369200
MGL-II,20171121,1088,1127.35,1088,1123,208,128400
MGL-III,20171121,1106.15,1128,1106.15,1128,2,2400
MINDTREE-I,20171121,509.2,516.6,504.1,509.9,930,2676000
MINDTREE-II,20171121,516.45,517.9,507.1,513.25,51,127200
MINDTREE-III,20171121,0,0,0,513.15,0,2400
MOTHERSUMI-I,20171121,360.6,361.75,351.85,354.1,1080,12311250
MOTHERSUMI-II,20171121,363.1,363.1,354.05,355.8,107,480000
MOTHERSUMI-III,20171121,0,0,0,360,0,1600
MRF-I,20171121,69250,70450,69040.1,70061.55,1778,72630
MRF-II,20171121,70000,70699,69550,70377.5,70,1935
MRF-III,20171121,0,0,0,69696,0,15
MRPL-I,20171121,128.55,129.05,125.75,126.7,698,12753000
MRPL-II,20171121,129,129.15,126.4,127.4,54,382500
MRPL-III,20171121,0,0,0,136.55,0,0
MUTHOOTFIN-I,20171121,453.1,459.65,448.05,452.75,772,2287500
MUTHOOTFIN-II,20171121,458.15,459,451,451,19,46500
MUTHOOTFIN-III,20171121,0,0,0,494.2,0,0
NATIONALUM-I,20171121,86,86.2,82.2,83.05,2397,37736000
NATIONALUM-II,20171121,86.35,86.35,82.65,83.45,197,2200000
NATIONALUM-III,20171121,85.15,85.15,83.7,83.7,4,80000
NBCC-I,20171121,270,275.95,269.15,272.1,2172,5844000
NBCC-II,20171121,271.55,277.3,271.2,273.25,95,381000
NBCC-III,20171121,277,277,277,277,1,6000
NCC-I,20171121,106.7,109.5,106.15,108.3,2370,20824000
NCC-II,20171121,108.55,110.1,106.85,108.85,106,848000
NCC-III,20171121,0,0,0,109.7,0,8000
NESTLEIND-I,20171121,7765.05,7791.95,7735.1,7758.75,142,150600
NESTLEIND-II,20171121,7801,7816.55,7777,7777,6,3500
NESTLEIND-III,20171121,0,0,0,7740,0,200
NHPC-I,20171121,27.75,27.8,27.2,27.4,551,50733000
NHPC-II,20171121,27.95,27.95,27.4,27.6,76,4617000
NHPC-III,20171121,27.8,27.8,27.6,27.6,3,378000
NIITTECH-I,20171121,647,647,633.2,638.85,368,900000
NIITTECH-II,20171121,643.5,644.15,637,637,18,31500
NIITTECH-III,20171121,0,0,0,618.8,0,0
NMDC-I,20171121,127.8,128,125.45,126.45,938,28770000
NMDC-II,20171121,127.5,128.55,126.2,127.2,108,1776000
NMDC-III,20171121,127.7,128.3,127.6,128.3,3,48000
NTPC-I,20171121,179.45,186.2,179.45,182.8,5376,34136000
NTPC-II,20171121,181.95,186.3,180.95,183,268,1296000
NTPC-III,20171121,183.95,183.95,183.75,183.8,6,16000
OFSS-I,20171121,3685.05,3724,3675.05,3714.1,200,71250
OFSS-II,20171121,3720,3720.25,3720,3720.25,4,1050
OFSS-III,20171121,0,0,0,3574.35,0,0
OIL-I,20171121,354.7,356.35,352.05,355.55,354,2721466
OIL-II,20171121,356.6,356.6,354.1,354.1,11,142758
OIL-III,20171121,0,0,0,360.55,0,2266
ONGC-I,20171121,180.6,182,178.5,180.95,3661,40496250
ONGC-II,20171121,181,183,179.5,181.9,518,4590000
ONGC-III,20171121,180.5,182.9,180.5,182.9,5,172500
ORIENTBANK-I,20171121,130.75,130.95,127.15,128.15,1235,16092000
ORIENTBANK-II,20171121,131.5,131.7,128,128.7,119,1620000
ORIENTBANK-III,20171121,0,0,0,132,0,30000
PAGEIND-I,20171121,23238,23359.35,23069,23112.55,196,36200
PAGEIND-II,20171121,23300,23300,23040,23118.8,6,2150
PAGEIND-III,20171121,0,0,0,20227.05,0,0
PCJEWELLER-I,20171121,361.05,365.85,354.6,361.3,2749,14824500
PCJEWELLER-II,20171121,361.6,366,358,363.65,85,406500
PCJEWELLER-III,20171121,364.45,364.45,364.2,364.2,2,9000
PEL-I,20171121,2629,2661.5,2620,2630.2,649,1645500
PEL-II,20171121,2651,2674.6,2637,2644.4,62,76200
PEL-III,20171121,0,0,0,2687.5,0,300
PETRONET-I,20171121,254.45,257.3,252,253.55,1616,16035000
PETRONET-II,20171121,256.25,257.95,252.8,254.5,160,1053000
PETRONET-III,20171121,0,0,0,270.75,0,21000
PFC-I,20171121,127.75,129.65,127.4,128.65,2365,51840000
PFC-II,20171121,128.25,130.25,128.25,129.4,97,2424000
PFC-III,20171121,129.3,129.3,129.3,129.3,1,150000
PIDILITIND-I,20171121,852.7,856.1,835.3,838.95,896,1380000
PIDILITIND-II,20171121,853.95,859.95,840.95,844,21,49000
PIDILITIND-III,20171121,0,0,0,800.8,0,0
PNB-I,20171121,188.55,192.5,185.95,186.85,7343,37852500
PNB-II,20171121,190.25,193,186.95,187.6,344,2131500
PNB-III,20171121,0,0,0,197.3,0,0
POWERGRID-I,20171121,207.95,208.85,206.3,206.85,2689,25928000
POWERGRID-II,20171121,208.5,208.5,207,207.45,214,1132000
POWERGRID-III,20171121,0,0,0,207.25,0,32000
PTC-I,20171121,121.35,121.65,118.25,119.55,553,20352000
PTC-II,20171121,121.85,121.85,119.05,120.15,43,816000
PTC-III,20171121,0,0,0,116,0,40000
PVR-I,20171121,1386.15,1400,1370.5,1374.45,1186,572400
PVR-II,20171121,1401,1402.95,1375,1378.6,29,20400
PVR-III,20171121,0,0,0,1398,0,800
RAMCOCEM-I,20171121,705.7,713.85,702.2,711.6,343,599200
RAMCOCEM-II,20171121,0,0,0,706.55,0,11200
RAMCOCEM-III,20171121,0,0,0,734.65,0,0
RAYMOND-I,20171121,988,989.3,969,973.75,1634,4305600
RAYMOND-II,20171121,992.35,995,975,977.2,82,92000
RAYMOND-III,20171121,0,0,0,978.9,0,1600
RBLBANK-I,20171121,517,518.6,512,513.65,857,5814000
RBLBANK-II,20171121,520.55,520.6,515,516.35,195,490000
RBLBANK-III,20171121,0,0,0,520.7,0,10000
RCOM-I,20171121,12.15,13.85,12.15,13.65,2985,91266000
RCOM-II,20171121,12.4,14,12.4,13.8,240,9590000
RCOM-III,20171121,13.2,13.2,13.2,13.2,1,700000
RECLTD-I,20171121,161.25,163.2,160.25,162.8,3173,35754000
RECLTD-II,20171121,162.35,163.75,160.9,163.35,227,4032000
RECLTD-III,20171121,161.4,163.4,161.4,162.3,7,210000
RELCAPITAL-I,20171121,448.45,459.7,445,453.95,3152,11682000
RELCAPITAL-II,20171121,454.75,461.15,450,456,101,637500
RELCAPITAL-III,20171121,0,0,0,435.7,0,4500
RELIANCE-I,20171121,928.75,940.9,928.1,934.3,14080,41529000
RELIANCE-II,20171121,935.05,944.95,932.05,938.3,1530,2811000
RELIANCE-III,20171121,944.05,948.4,937.95,943.4,68,164000
RELINFRA-I,20171121,445,458,445,450.75,5950,9995700
RELINFRA-II,20171121,447.75,460,447.75,453.5,277,826800
RELINFRA-III,20171121,0,0,0,446.25,0,9100
REPCOHOME-I,20171121,630.4,635,619.1,620.85,255,980000
REPCOHOME-II,20171121,629.05,629.05,622.45,623.7,28,45500
REPCOHOME-III,20171121,0,0,0,627.85,0,0
RNAVAL-I,20171121,42.8,44,42,43.75,558,12006000
RNAVAL-II,20171121,42.7,44.25,42.4,43.95,83,1170000
RNAVAL-III,20171121,0,0,0,42.55,0,54000
RPOWER-I,20171121,37.3,39.05,37.3,38.3,1162,58404000
RPOWER-II,20171121,37.55,39.2,37.55,38.55,179,7452000
RPOWER-III,20171121,38.5,39.4,38.5,39.4,12,585000
SAIL-I,20171121,82.4,84.85,80.5,83.3,8715,73344000
SAIL-II,20171121,82.5,85.15,81,83.65,451,6264000
SAIL-III,20171121,83.25,85,82.65,85,4,180000
SBIN-I,20171121,335.75,336.05,331.3,332,11935,66390000
SBIN-II,20171121,336.8,337.65,333,333.4,653,5754000
SBIN-III,20171121,336.9,337.3,336.15,336.15,14,312000
SHREECEM-I,20171121,17500,17525,16770,17060.85,641,48000
SHREECEM-II,20171121,17197,17245.95,16978.5,17176.9,39,1500
SHREECEM-III,20171121,0,0,0,19463.85,0,0
SIEMENS-I,20171121,1195.8,1208.8,1183.55,1202.55,1389,1024000
SIEMENS-II,20171121,1197.6,1215,1194.3,1208.35,58,63500
SIEMENS-III,20171121,0,0,0,1277.3,0,0
SOUTHBANK-I,20171121,31.7,32.25,31.15,31.5,1589,169516215
SOUTHBANK-II,20171121,31.85,32.45,31.35,31.7,127,9544608
SOUTHBANK-III,20171121,32.1,32.35,32.1,32.35,7,331410
SREINFRA-I,20171121,102.95,102.95,100.7,101.85,354,12700000
SREINFRA-II,20171121,103,103.55,101.35,102.5,44,650000
SREINFRA-III,20171121,0,0,0,100.1,0,5000
SRF-I,20171121,1778.95,1802,1758.05,1770.3,1790,975000
SRF-II,20171121,1777.9,1810,1771,1782.4,69,21500
SRF-III,20171121,0,0,0,1668.6,0,0
SRTRANSFIN-I,20171121,1290,1290,1260.75,1267.2,1572,2937600
SRTRANSFIN-II,20171121,1295,1295,1270,1272.85,42,77400
SRTRANSFIN-III,20171121,0,0,0,1298.85,0,1200
STAR-I,20171121,824.9,834.9,821.25,828.9,2696,4906500
STAR-II,20171121,826.05,838.8,826.05,832.9,110,229000
STAR-III,20171121,837.45,837.45,837.45,837.45,1,6000
SUNPHARMA-I,20171121,518.8,543.8,516.25,540,22889,42500000
SUNPHARMA-II,20171121,523.05,546.25,519.2,543,2305,4793600
SUNPHARMA-III,20171121,527,546,527,544.65,21,72600
SUNTV-I,20171121,844.45,861,839.9,852.55,4085,5584000
SUNTV-II,20171121,847,865,845,856.25,189,204000
SUNTV-III,20171121,0,0,0,856.2,0,2000
SUZLON-I,20171121,13.7,14,13.6,13.9,1517,413910000
SUZLON-II,20171121,13.85,14.1,13.7,14,353,49920000
SUZLON-III,20171121,13.9,14.15,13.85,14.05,11,4235000
SYNDIBANK-I,20171121,88.45,88.8,86,87.15,1024,19278000
SYNDIBANK-II,20171121,89.1,89.1,86.6,87.7,49,1143000
SYNDIBANK-III,20171121,88.7,88.85,87.5,87.5,4,63000
TATACHEM-I,20171121,745.85,751.75,735.8,738.25,2910,7107000
TATACHEM-II,20171121,750,754.85,740,741.6,176,273000
TATACHEM-III,20171121,0,0,0,739.9,0,1500
TATACOMM-I,20171121,706.2,719,695.85,699.25,3855,7812000
TATACOMM-II,20171121,709.45,722,700,702,167,689500
TATACOMM-III,20171121,0,0,0,705.65,0,3200
TATAELXSI-I,20171121,946.45,948.8,928.1,934.7,3301,2194400
TATAELXSI-II,20171121,953,953,935,938.5,97,157600
TATAELXSI-III,20171121,944.85,944.85,940,940,4,4800
TATAGLOBAL-I,20171121,275.95,280.95,271.25,273.65,12157,25722000
TATAGLOBAL-II,20171121,278,282.3,273,275.15,648,2115000
TATAGLOBAL-III,20171121,280.4,280.4,277,277,6,36000
TATAMOTORS-I,20171121,425.7,431.8,424,425.95,13916,64201500
TATAMOTORS-II,20171121,428.9,433.8,426,427.9,1489,6282000
TATAMOTORS-III,20171121,430.35,435.2,428.8,430.4,23,199500
TATAMTRDVR-I,20171121,243.6,246.65,242.3,244.2,2181,25189500
TATAMTRDVR-II,20171121,243.15,247.65,243.15,245.35,266,1255800
TATAMTRDVR-III,20171121,246.65,246.65,246.65,246.65,1,15000
TATAPOWER-I,20171121,91.95,94.7,91.95,93,4334,43506000
TATAPOWER-II,20171121,93,95.15,92.7,93.55,318,2727000
TATAPOWER-III,20171121,94.3,94.45,94,94,5,72000
TATASTEEL-I,20171121,704.25,721,703.5,713.5,17792,26915000
TATASTEEL-II,20171121,712.5,724.35,711.75,717.05,772,1134000
TATASTEEL-III,20171121,714,727.95,714,726,15,90000
TCS-I,20171121,2705.5,2709.8,2676.5,2684.7,3692,6833250
TCS-II,20171121,2710.15,2718.85,2690,2695.6,301,214500
TCS-III,20171121,2711,2711,2693,2698.75,9,7000
TECHM-I,20171121,480,498.75,479.85,495.8,3184,11992200
TECHM-II,20171121,491.3,500.15,488.2,498.2,147,253000
TECHM-III,20171121,0,0,0,499,0,2400
TITAN-I,20171121,788.65,819.75,788.65,815.95,9408,6522000
TITAN-II,20171121,793,823,792.95,820.75,336,468000
TITAN-III,20171121,814,825,814,822.9,4,12000
TORNTPHARM-I,20171121,1267,1286,1263.25,1274.3,328,658000
TORNTPHARM-II,20171121,1273.6,1293.6,1273.6,1280.3,18,20400
TORNTPHARM-III,20171121,0,0,0,1268.05,0,0
TORNTPOWER-I,20171121,270.8,273.7,266.3,268.1,1016,6210000
TORNTPOWER-II,20171121,272.5,274.8,264.3,268.5,69,459000
TORNTPOWER-III,20171121,273.15,273.15,273.15,273.15,3,21000
TV18BRDCST-I,20171121,47.15,47.2,45.9,46.25,770,99552000
TV18BRDCST-II,20171121,46.95,46.95,46.35,46.5,48,4896000
TV18BRDCST-III,20171121,0,0,0,47,0,34000
TVSMOTOR-I,20171121,711.85,714.75,701,708.9,1562,5271000
TVSMOTOR-II,20171121,711.65,713,701.5,707.4,183,431000
TVSMOTOR-III,20171121,0,0,0,718.65,0,13000
UBL-I,20171121,1083.85,1106.95,1061.65,1070.3,1732,1967000
UBL-II,20171121,1107,1107.15,1068.55,1075.6,16,30800
UBL-III,20171121,0,0,0,1101.45,0,700
UJJIVAN-I,20171121,408.4,412.65,395.6,399.75,3708,8479200
UJJIVAN-II,20171121,411.4,414,398,401.25,206,202800
UJJIVAN-III,20171121,412.45,412.45,407.7,407.7,3,14400
ULTRACEMCO-I,20171121,4201.15,4227,4145,4176.75,2028,1296400
ULTRACEMCO-II,20171121,4241.8,4243.25,4165,4194.95,134,46400
ULTRACEMCO-III,20171121,0,0,0,4555.35,0,0
UNIONBANK-I,20171121,171.85,172.25,166.6,168.5,2420,14964000
UNIONBANK-II,20171121,172.8,172.95,167.65,169.5,118,956000
UNIONBANK-III,20171121,0,0,0,171.4,0,28000
UPL-I,20171121,731.9,757.95,731.9,756.3,5712,13068000
UPL-II,20171121,739.8,761.7,739.5,760.25,409,534000
UPL-III,20171121,755.55,755.55,755.55,755.55,1,1200
VEDL-I,20171121,316.75,318.5,312.5,314.05,8985,40843250
VEDL-II,20171121,318.95,320.25,314,315.55,688,2178750
VEDL-III,20171121,317.95,319.95,315,316.05,12,134750
VGUARD-I,20171121,229.5,237.65,228.1,232.8,3158,3540000
VGUARD-II,20171121,231.8,238.3,229.1,233.3,122,150000
VGUARD-III,20171121,0,0,0,235.05,0,6000
VOLTAS-I,20171121,628.8,632.5,622.3,626.9,2852,3294000
VOLTAS-II,20171121,630.5,631.6,622.7,626.55,146,257000
VOLTAS-III,20171121,629.05,629.05,629,629,8,16000
WIPRO-I,20171121,296.25,297.75,293.6,294.1,1685,33204000
WIPRO-II,20171121,295.5,298.35,294.35,294.75,457,3369600
WIPRO-III,20171121,0,0,0,297.35,0,4800
WOCKPHARMA-I,20171121,723.6,755.8,718.7,743.35,7273,3564000
WOCKPHARMA-II,20171121,723.85,759.65,723,746.95,280,221600
WOCKPHARMA-III,20171121,0,0,0,703,0,2700
YESBANK-I,20171121,315.4,318.75,311.35,313.1,10922,57524250
YESBANK-II,20171121,317.55,320.35,313.05,314.8,1291,4536000
YESBANK-III,20171121,318.9,321.55,314.75,316.6,33,297500
ZEEL-I,20171121,534.25,547.9,534.2,541.25,1505,6059300
ZEEL-II,20171121,542.4,549.7,541.15,543.65,66,201500
ZEEL-III,20171121,0,0,0,540,0,0
