BANKNIFTY-I,20170623,23750,23750,23522.85,23546.15,63555,2214800
BANKNIFTY-II,20170623,23754.9,23754.9,23549,23567,8715,404320
BANKNIFTY-III,20170623,23741.8,23741.8,23585,23606.95,160,17040
DJIA-I,20170623,21375,21387.5,21350,21360,65,15270
DJIA-II,20170623,0,0,0,20997.5,0,0
DJIA-III,20170623,0,0,0,19507.5,0,0
DJIA-IIII,20170623,0,0,0,21150,0,0
DJIA-IIIII,20170623,0,0,0,22335,0,0
DJIA-IIIIII,20170623,0,0,0,22790,0,0
FTSE100-I,20170623,0,0,0,7233,0,0
FTSE100-II,20170623,0,0,0,7629,0,0
FTSE100-III,20170623,0,0,0,7152,0,0
FTSE100-IIII,20170623,0,0,0,7457,0,0
FTSE100-IIIII,20170623,0,0,0,7912,0,0
FTSE100-IIIIII,20170623,0,0,0,7982,0,0
NIFTY-I,20170623,9639.95,9640,9574.2,9590.05,116346,19477500
NIFTY-II,20170623,9551,9656,9551,9609.15,37708,4297275
NIFTY-III,20170623,9680.1,9680.45,9624.8,9641.3,1558,343875
NIFTYCPSE-I,20170623,0,0,0,2555.7,0,0
NIFTYCPSE-II,20170623,0,0,0,2719,0,0
NIFTYCPSE-III,20170623,0,0,0,2635.2,0,0
NIFTYINFRA-I,20170623,0,0,0,3134.3,0,0
NIFTYINFRA-II,20170623,0,0,0,3318.85,0,0
NIFTYINFRA-III,20170623,0,0,0,3264.05,0,0
NIFTYIT-I,20170623,10235,10269,10193,10207,384,42200
NIFTYIT-II,20170623,10300,10309,10184,10198,77,3600
NIFTYIT-III,20170623,0,0,0,10373,0,50
NIFTYMID50-I,20170623,0,0,0,4437.85,0,0
NIFTYMID50-II,20170623,0,0,0,4683.3,0,0
NIFTYMID50-III,20170623,0,0,0,4493.65,0,0
NIFTYPSE-I,20170623,0,0,0,4033.05,0,0
NIFTYPSE-II,20170623,0,0,0,4261.55,0,0
NIFTYPSE-III,20170623,0,0,0,4094.1,0,0
S&P500-I,20170623,2432.75,2434,2430,2430.75,136,641750
S&P500-II,20170623,0,0,0,2404,0,0
S&P500-III,20170623,0,0,0,2300,0,0
S&P500-IIII,20170623,0,0,0,2410,0,0
S&P500-IIIII,20170623,0,0,0,2540.5,0,0
S&P500-IIIIII,20170623,0,0,0,2595.25,0,0
ABIRLANUVO-I,20170623,1753.95,1767.2,1693.95,1742.35,4416,1944800
ABIRLANUVO-II,20170623,1753.1,1767,1696.25,1745.1,661,163200
ABIRLANUVO-III,20170623,1707,1765,1707,1765,7,4000
ACC-I,20170623,1651.6,1659.05,1626.85,1637.55,2307,1344800
ACC-II,20170623,1666.7,1667.2,1636.8,1645.9,369,174400
ACC-III,20170623,0,0,0,1648.5,0,0
ADANIENT-I,20170623,131.1,131.1,124.15,126.9,3265,22000000
ADANIENT-II,20170623,131.55,131.55,125,127.65,465,3032000
ADANIENT-III,20170623,128.25,128.25,126.3,126.3,2,32000
ADANIPORTS-I,20170623,369.9,371.7,361.9,366.55,2724,7660000
ADANIPORTS-II,20170623,373,373,363.5,368.1,470,655000
ADANIPORTS-III,20170623,365.2,365.2,365.2,365.2,1,15000
ADANIPOWER-I,20170623,27.45,27.5,26.55,26.95,2477,117020000
ADANIPOWER-II,20170623,27.6,27.6,26.7,27.1,1952,38300000
ADANIPOWER-III,20170623,27.05,27.05,27.05,27.05,1,220000
AJANTPHARM-I,20170623,1528.7,1533.95,1501.15,1511.85,416,363200
AJANTPHARM-II,20170623,1528.15,1535.1,1517.1,1520.45,61,39200
AJANTPHARM-III,20170623,0,0,0,1644.9,0,0
ALBK-I,20170623,70.95,71.1,68.1,70,1043,16380000
ALBK-II,20170623,70.6,70.6,67.75,69.35,500,6410000
ALBK-III,20170623,68,69.7,68,69.65,17,270000
AMARAJABAT-I,20170623,848.75,854.05,837.45,840.45,545,1074600
AMARAJABAT-II,20170623,853.55,853.55,842,844.7,143,126600
AMARAJABAT-III,20170623,0,0,0,851.95,0,1800
AMBUJACEM-I,20170623,243.7,245.5,240.6,243.3,2051,14892500
AMBUJACEM-II,20170623,245.35,246.5,242.2,244.35,434,1312500
AMBUJACEM-III,20170623,0,0,0,244.35,0,0
ANDHRABANK-I,20170623,58.5,58.65,55.35,55.95,1489,24210000
ANDHRABANK-II,20170623,58.7,58.7,55.7,56.2,397,4930000
ANDHRABANK-III,20170623,57.5,57.5,56.4,56.4,5,80000
APOLLOHOSP-I,20170623,1284.9,1285.95,1270.2,1280.3,627,1759200
APOLLOHOSP-II,20170623,1290,1290,1277.4,1285.35,100,143500
APOLLOHOSP-III,20170623,0,0,0,1226.7,0,0
APOLLOTYRE-I,20170623,254.05,254.2,244.1,244.85,5048,15435000
APOLLOTYRE-II,20170623,254.65,254.9,245.5,246.15,996,1962000
APOLLOTYRE-III,20170623,249.5,249.5,249,249,2,18000
ARVIND-I,20170623,375.7,378.9,368.15,370.1,1894,5474000
ARVIND-II,20170623,377.15,379.2,369.45,370.95,503,1126000
ARVIND-III,20170623,375.35,375.35,375.35,375.35,1,8000
ASHOKLEY-I,20170623,93.5,93.6,92.2,92.5,3486,38059000
ASHOKLEY-II,20170623,92.4,92.4,91.1,91.3,2065,17052000
ASHOKLEY-III,20170623,92.45,92.45,91.6,91.6,3,98000
ASIANPAINT-I,20170623,1161.95,1165.05,1149.1,1157.35,1917,3047400
ASIANPAINT-II,20170623,1167.9,1171,1155,1163.3,562,348600
ASIANPAINT-III,20170623,1169,1169,1163,1163,2,1200
AUROPHARMA-I,20170623,666.25,676.7,656.55,674.05,11320,11741100
AUROPHARMA-II,20170623,661.5,680,660.3,677,2657,3010400
AUROPHARMA-III,20170623,672.3,675.2,669,671,9,144000
AXISBANK-I,20170623,510.1,511.4,504.9,506.45,7983,33644400
AXISBANK-II,20170623,508.45,508.5,502.5,503.75,2953,4563600
AXISBANK-III,20170623,509.1,509.6,506,506,7,72000
BAJAJ-AUTO-I,20170623,2842.8,2850.2,2816.95,2822.35,1744,1314000
BAJAJ-AUTO-II,20170623,2809.05,2809.05,2777,2781.8,604,350000
BAJAJ-AUTO-III,20170623,0,0,0,2873,0,0
BAJAJFINSV-I,20170623,4203.25,4232.5,4101.5,4117.4,1270,382500
BAJAJFINSV-II,20170623,4185.05,4244.4,4126,4138,617,71875
BAJAJFINSV-III,20170623,0,0,0,4068.15,0,0
BAJFINANCE-I,20170623,1408.95,1416.35,1368.95,1401.8,4730,3094500
BAJFINANCE-II,20170623,1409.95,1419.1,1373,1404.5,1185,548500
BAJFINANCE-III,20170623,1399,1399,1380,1380,3,2500
BALKRISIND-I,20170623,1719.95,1729.95,1681.05,1700.1,1195,299600
BALKRISIND-II,20170623,1733.45,1734.85,1698.7,1708.2,116,52400
BALKRISIND-III,20170623,0,0,0,1518.2,0,0
BALRAMCHIN-I,20170623,149.45,151.35,144.85,146.35,767,12064500
BALRAMCHIN-II,20170623,150.5,151.95,145.75,147.1,281,1193500
BALRAMCHIN-III,20170623,149.6,150.15,147.25,148.15,9,262500
BANKBARODA-I,20170623,165.4,166.15,160.9,161.3,8330,44894500
BANKBARODA-II,20170623,164.55,166.4,161.3,161.7,2898,11175500
BANKBARODA-III,20170623,166.15,166.3,162,162.3,20,203000
BANKINDIA-I,20170623,137.2,137.2,132.3,133.8,2017,20586000
BANKINDIA-II,20170623,129.95,130.15,124,125.8,1244,9834000
BANKINDIA-III,20170623,0,0,0,126.2,0,234000
BATAINDIA-I,20170623,524.3,527,511,521.7,1259,3909400
BATAINDIA-II,20170623,526.15,526.15,510.5,520.5,758,1056000
BATAINDIA-III,20170623,0,0,0,536.7,0,0
BEL-I,20170623,167.2,167.9,162.7,165.2,2521,23841000
BEL-II,20170623,168.15,168.6,163.5,166.1,1689,9288000
BEL-III,20170623,167,167,167,167,2,49500
BEML-I,20170623,1545.65,1562.65,1512.7,1541.45,2805,2044800
BEML-II,20170623,1560.85,1575,1521.55,1547.65,737,360600
BEML-III,20170623,0,0,0,1453,0,0
BERGEPAINT-I,20170623,248.4,249.55,244.6,245.6,236,1100000
BERGEPAINT-II,20170623,248.75,248.8,244.8,245.45,80,206800
BERGEPAINT-III,20170623,0,0,0,247,0,0
BHARATFIN-I,20170623,721.45,724.35,703,711.85,7605,13025000
BHARATFIN-II,20170623,726,727.25,707,715.9,3119,3203000
BHARATFIN-III,20170623,720,722.65,715,722.65,4,3000
BHARATFORG-I,20170623,1155.9,1155.9,1108.95,1112.95,4350,3078600
BHARATFORG-II,20170623,1161,1161,1114,1117.55,1561,711000
BHARATFORG-III,20170623,1136,1136,1125.1,1132.5,10,7800
BHARTIARTL-I,20170623,364.6,368.45,363.15,366.75,5632,28243800
BHARTIARTL-II,20170623,365.7,368.45,363.5,366.85,4167,6905400
BHARTIARTL-III,20170623,367.6,367.95,367.6,367.9,6,15300
BHEL-I,20170623,137,137.35,132.25,135.1,3733,34470000
BHEL-II,20170623,137.8,137.9,133.05,135.75,1132,5450000
BHEL-III,20170623,135,135,133.7,133.7,6,165000
BIOCON-I,20170623,334.8,338.1,328.2,330.15,1791,8778600
BIOCON-II,20170623,334.55,337.95,328.3,330.5,939,3628800
BIOCON-III,20170623,339.25,339.25,339.25,339.25,1,21600
BOSCHLTD-I,20170623,24253.35,24302.7,23711.3,23798.85,963,97375
BOSCHLTD-II,20170623,24354,24354,23829,23935.1,319,9300
BOSCHLTD-III,20170623,0,0,0,23981,0,0
BPCL-I,20170623,647.1,647.1,630.7,633.05,5106,12256800
BPCL-II,20170623,655.5,655.5,633.05,635.5,1397,3026400
BPCL-III,20170623,643.2,645.45,637.3,638.05,8,96000
BRITANNIA-I,20170623,3622.45,3668,3610,3649.65,774,318600
BRITANNIA-II,20170623,3682.35,3682.4,3625,3664.95,132,25200
BRITANNIA-III,20170623,0,0,0,3580.35,0,0
CADILAHC-I,20170623,531,531.8,518.5,525.85,1148,3465600
CADILAHC-II,20170623,524.95,533.35,520.95,527.95,159,363200
CADILAHC-III,20170623,0,0,0,537,0,1600
CANBK-I,20170623,351.4,351.95,337.4,339.6,6994,13729968
CANBK-II,20170623,344.35,345.85,331,333.2,1994,6152580
CANBK-III,20170623,342,342,329.45,332,20,120276
CANFINHOME-I,20170623,3276.9,3280.85,3101,3181.95,4633,498750
CANFINHOME-II,20170623,3276.25,3279.6,3120,3198.35,635,82500
CANFINHOME-III,20170623,3140,3200,3140,3200,2,500
CAPF-I,20170623,698.95,700.5,677.1,686.1,941,3299200
CAPF-II,20170623,701.5,702.8,681.7,689.7,309,375200
CAPF-III,20170623,694,694,694,694,1,8800
CASTROLIND-I,20170623,411.7,414.05,405.7,409.45,1434,10361400
CASTROLIND-II,20170623,415.55,416.05,407.9,411.6,699,1191400
CASTROLIND-III,20170623,0,0,0,421.85,0,0
CEATLTD-I,20170623,1841.85,1845.25,1790.65,1809.55,5290,1519000
CEATLTD-II,20170623,1781,1789.1,1740.05,1750.8,701,364000
CEATLTD-III,20170623,0,0,0,1805,0,2800
CENTURYTEX-I,20170623,1132,1132.05,1095.3,1120.3,6751,4585350
CENTURYTEX-II,20170623,1137,1138,1101,1125.7,2939,3335750
CENTURYTEX-III,20170623,0,0,0,1136,0,2200
CESC-I,20170623,874.45,887.8,855,868.75,1824,6304100
CESC-II,20170623,889.9,893,860.1,873,507,570900
CESC-III,20170623,0,0,0,903.8,0,0
CGPOWER-I,20170623,84.25,84.65,80.55,81.65,811,15876000
CGPOWER-II,20170623,84.25,84.45,81,82.05,262,2580000
CGPOWER-III,20170623,0,0,0,94.45,0,0
CHOLAFIN-I,20170623,1097.95,1097.95,1051.25,1065.15,634,504500
CHOLAFIN-II,20170623,1081,1081.55,1057.15,1066.85,84,44000
CHOLAFIN-III,20170623,0,0,0,1010.05,0,0
CIPLA-I,20170623,541.65,545.6,539.75,543.55,1483,6241000
CIPLA-II,20170623,543.6,547.5,542.05,545.7,460,550000
CIPLA-III,20170623,0,0,0,513,0,0
COALINDIA-I,20170623,245.85,248.5,243.8,245.75,3895,18983900
COALINDIA-II,20170623,247.1,249.7,245.1,246.85,2583,5128900
COALINDIA-III,20170623,246.5,250.05,245.05,248.1,13,93500
COLPAL-I,20170623,1075.85,1123,1075.85,1107.95,1535,989800
COLPAL-II,20170623,1071,1121,1057.55,1110.2,545,248500
COLPAL-III,20170623,0,0,0,997.5,0,0
CONCOR-I,20170623,1205.4,1205.4,1157.4,1163.2,692,1020000
CONCOR-II,20170623,1212.45,1212.45,1164.5,1168.25,237,145625
CONCOR-III,20170623,0,0,0,1175.4,0,0
CUMMINSIND-I,20170623,895.05,913.55,895.05,907.25,339,515400
CUMMINSIND-II,20170623,898.65,907.1,898.65,903.05,89,97200
CUMMINSIND-III,20170623,0,0,0,930,0,1200
DABUR-I,20170623,287.6,290.5,284.35,289.15,1218,10932500
DABUR-II,20170623,289.5,290.4,284.85,289.2,630,1772500
DABUR-III,20170623,0,0,0,282,0,2500
DALMIABHA-I,20170623,2507.05,2522,2439.05,2473.9,805,761100
DALMIABHA-II,20170623,2512.05,2530.35,2453,2485.05,291,97800
DALMIABHA-III,20170623,0,0,0,2417.25,0,0
DCBBANK-I,20170623,207,207.4,198.3,199.45,1534,5341500
DCBBANK-II,20170623,207.05,207.75,199.4,200.25,341,751500
DCBBANK-III,20170623,0,0,0,190.1,0,0
DHFL-I,20170623,456.35,458.5,435.85,441.15,10086,15490500
DHFL-II,20170623,456,456.35,435,440.9,3390,6294000
DHFL-III,20170623,444,451.3,433.6,444.35,28,94500
DISHTV-I,20170623,77.35,77.35,73.75,74.15,2138,21273000
DISHTV-II,20170623,75.65,75.65,71.95,72.3,1142,7959000
DISHTV-III,20170623,74.5,74.5,71.3,71.8,24,252000
DIVISLAB-I,20170623,646.15,647.75,635.2,639.25,1958,6724200
DIVISLAB-II,20170623,647.85,651,638.35,642.4,514,1441600
DIVISLAB-III,20170623,642.55,642.55,636,638,41,288800
DLF-I,20170623,196.8,198.45,186.1,192.55,16222,35000000
DLF-II,20170623,196.85,199.35,187.2,192.95,2416,7100000
DLF-III,20170623,196.6,196.6,187,192.8,18,110000
DRREDDY-I,20170623,2653.5,2667,2620.45,2652.5,3378,2058200
DRREDDY-II,20170623,2648,2660,2615,2644.95,1642,559600
DRREDDY-III,20170623,2650,2659.95,2630,2659.95,3,1800
EICHERMOT-I,20170623,27736.65,27748.45,27135,27199.1,2489,147200
EICHERMOT-II,20170623,27750,27750,27251.15,27326.95,706,27650
EICHERMOT-III,20170623,0,0,0,28507.15,0,0
ENGINERSIN-I,20170623,155.85,155.95,152.5,154.9,1649,13090000
ENGINERSIN-II,20170623,155.6,156.75,153.35,155.9,649,2366000
ENGINERSIN-III,20170623,0,0,0,157.25,0,0
EQUITAS-I,20170623,154.25,155.2,151.1,153.35,724,8464000
EQUITAS-II,20170623,155.35,155.35,151.6,153.65,383,1504000
EQUITAS-III,20170623,0,0,0,154.85,0,0
ESCORTS-I,20170623,710.1,711,678,679.6,3961,3682800
ESCORTS-II,20170623,711,711.5,682,683.45,719,756800
ESCORTS-III,20170623,698.45,698.45,698.45,698.45,1,12100
EXIDEIND-I,20170623,218,218.75,212.85,216.25,2092,13480000
EXIDEIND-II,20170623,218.05,219.15,213.4,216.6,621,2408000
EXIDEIND-III,20170623,0,0,0,223.4,0,12000
FEDERALBNK-I,20170623,117.8,117.9,114.4,115,4773,57717000
FEDERALBNK-II,20170623,117.6,117.65,114.15,114.75,1667,21593000
FEDERALBNK-III,20170623,115.15,115.7,115,115.2,15,154000
FORTIS-I,20170623,187.5,188,170.8,172.7,7791,25992900
FORTIS-II,20170623,185,188.45,171.95,173.4,1257,6785100
FORTIS-III,20170623,179.8,179.8,179.8,179.8,2,8100
GAIL-I,20170623,363,363.8,352.2,355.7,2640,12926000
GAIL-II,20170623,364.9,364.9,354,357.1,927,1710000
GAIL-III,20170623,358.75,358.75,358.75,358.75,1,8000
GLENMARK-I,20170623,632.2,634.4,621,628.05,1663,6545700
GLENMARK-II,20170623,634.65,635.8,626,631.4,719,1188600
GLENMARK-III,20170623,0,0,0,639.5,0,2800
GMRINFRA-I,20170623,20.75,21.75,20.4,21.4,1948,225675000
GMRINFRA-II,20170623,21.05,21.8,20.55,21.55,639,42210000
GMRINFRA-III,20170623,0,0,0,20.9,0,1170000
GODFRYPHLP-I,20170623,1296.15,1323.95,1256.05,1267.75,1305,543000
GODFRYPHLP-II,20170623,1308.5,1322.5,1265.25,1274.5,93,21500
GODFRYPHLP-III,20170623,0,0,0,1233.8,0,0
GODREJCP-I,20170623,964.15,972,946.1,957,487,2104000
GODREJCP-II,20170623,965.55,970,949.9,961.05,83,104000
GODREJCP-III,20170623,0,0,0,1819.55,0,0
GODREJIND-I,20170623,630.4,637.05,616.15,630.2,916,1695000
GODREJIND-II,20170623,634.15,635.9,618.85,632.7,215,252000
GODREJIND-III,20170623,633,633,632,632,2,3000
GRANULES-I,20170623,137.2,139.5,132.95,136.15,1085,13075000
GRANULES-II,20170623,137.5,140,134.15,136.75,412,1445000
GRANULES-III,20170623,0,0,0,145.25,0,15000
GRASIM-I,20170623,1179.2,1185.45,1137.75,1171.65,4453,5812500
GRASIM-II,20170623,1179.95,1185.8,1137.2,1170.75,1206,1243500
GRASIM-III,20170623,1149.55,1180,1149.55,1180,6,23250
GSFC-I,20170623,122.55,122.75,118.25,118.8,619,7915500
GSFC-II,20170623,122.55,122.75,119.05,119.45,203,1012500
GSFC-III,20170623,0,0,0,125,0,0
HAVELLS-I,20170623,475.75,475.75,458,465,1395,4214000
HAVELLS-II,20170623,472.65,474.2,460.4,467.25,318,660000
HAVELLS-III,20170623,0,0,0,468.45,0,0
HCC-I,20170623,41.1,41.3,39.8,39.9,353,14856000
HCC-II,20170623,41.4,41.4,40.1,40.2,179,3216000
HCC-III,20170623,0,0,0,42.7,0,24000
HCLTECH-I,20170623,846.45,857.85,845.9,853.1,5251,4939200
HCLTECH-II,20170623,849.95,860,847.95,854.85,3300,2436700
HCLTECH-III,20170623,0,0,0,843.1,0,4900
HDFC-I,20170623,1659.95,1661,1642.3,1651.95,6008,8138500
HDFC-II,20170623,1653,1653,1635.05,1645.2,1730,1123500
HDFC-III,20170623,1656,1656,1650,1653,7,7500
HDFCBANK-I,20170623,1693.45,1693.85,1669.6,1674.15,15417,19597000
HDFCBANK-II,20170623,1685,1690,1667.5,1671.4,6315,5276000
HDFCBANK-III,20170623,1680.05,1680.05,1666.4,1668.75,7,28500
HDIL-I,20170623,88.1,88.2,84.2,86.3,2070,23816000
HDIL-II,20170623,88.15,88.15,84.8,86.45,425,3376000
HDIL-III,20170623,0,0,0,92.7,0,88000
HEROMOTOCO-I,20170623,3735.2,3735.2,3663.3,3671.95,2953,975800
HEROMOTOCO-II,20170623,3738.1,3738.1,3648.35,3658.25,1147,257000
HEROMOTOCO-III,20170623,0,0,0,3755,0,2400
HEXAWARE-I,20170623,251.75,253.15,244,246.6,1530,3579000
HEXAWARE-II,20170623,249.25,249.95,242,244.35,231,744000
HEXAWARE-III,20170623,0,0,0,251.4,0,15000
HINDALCO-I,20170623,191.7,191.7,187,189.35,9285,39847500
HINDALCO-II,20170623,192,192.2,187.9,190.3,1895,5719000
HINDALCO-III,20170623,190.5,192.65,189.9,191.4,11,73500
HINDPETRO-I,20170623,516,516,503.2,509.7,4755,15501150
HINDPETRO-II,20170623,515,515,503.35,510.2,1844,3360000
HINDPETRO-III,20170623,511.7,511.7,505,507.6,12,39900
HINDUNILVR-I,20170623,1095.1,1104.9,1078.5,1100.6,4086,8403000
HINDUNILVR-II,20170623,1097.65,1110,1083.25,1106,1778,1113000
HINDUNILVR-III,20170623,0,0,0,1099,0,3600
HINDZINC-I,20170623,254.8,254.8,247.1,251.4,2189,17731200
HINDZINC-II,20170623,255,255,248.4,252.7,594,2144000
HINDZINC-III,20170623,254,254.9,251.1,254.9,3,22400
IBREALEST-I,20170623,191.65,207.35,191,204.6,4368,26050000
IBREALEST-II,20170623,197.5,203,193.5,202.3,235,1780000
IBREALEST-III,20170623,0,0,0,162.55,0,0
IBULHSGFIN-I,20170623,1112,1119.95,1061.6,1103.4,8699,12882400
IBULHSGFIN-II,20170623,1119,1124.75,1068,1109,1699,572000
IBULHSGFIN-III,20170623,1111.95,1111.95,1111.95,1111.95,1,800
ICICIBANK-I,20170623,291,293.9,284.8,291.7,21983,97517750
ICICIBANK-II,20170623,291.55,295.05,286.25,293.15,10370,20058500
ICICIBANK-III,20170623,290,296,287.5,293.6,39,206250
ICIL-I,20170623,183,183.05,173.5,176.35,1091,8715000
ICIL-II,20170623,182.95,182.95,174.6,177.15,211,626500
ICIL-III,20170623,0,0,0,174.6,0,0
IDBI-I,20170623,57.05,57.15,55.45,56.35,1700,35016000
IDBI-II,20170623,56.6,56.8,55.2,56.05,1015,13080000
IDBI-III,20170623,56.1,56.1,55.1,55.85,16,432000
IDEA-I,20170623,80.5,80.8,78.65,79.6,4188,67662000
IDEA-II,20170623,80.85,81,78.9,79.8,2904,19593000
IDEA-III,20170623,79.7,79.95,79.7,79.95,4,210000
IDFC-I,20170623,58.2,58.2,56.15,56.3,1230,69194400
IDFC-II,20170623,58.05,58.2,56.25,56.4,693,15892800
IDFC-III,20170623,57,57,57,57,1,13200
IDFCBANK-I,20170623,58.05,58.05,56.4,57.05,1956,61640000
IDFCBANK-II,20170623,57,57.05,56,56.7,1302,33831000
IDFCBANK-III,20170623,57.2,57.2,56.85,56.9,69,234000
IFCI-I,20170623,24.9,25,24.35,24.55,694,72314000
IFCI-II,20170623,25,25.05,24.65,24.7,318,13486000
IFCI-III,20170623,0,0,0,25.7,0,88000
IGL-I,20170623,1064.95,1077,1053.5,1068.95,1052,1416800
IGL-II,20170623,1082,1082,1057.5,1074.25,252,129800
IGL-III,20170623,0,0,0,1001.95,0,0
INDIACEM-I,20170623,212.35,212.55,198.4,201.55,9117,23992500
INDIACEM-II,20170623,213.4,213.7,199.65,202.55,2433,6531000
INDIACEM-III,20170623,210,210,204,205.5,11,56000
INDIANB-I,20170623,298.25,299,287,289.6,1584,3270000
INDIANB-II,20170623,296.9,299.15,288.6,291,299,598000
INDIANB-III,20170623,0,0,0,337.15,0,0
INDIGO-I,20170623,1251.85,1252,1207.3,1244.9,1362,861000
INDIGO-II,20170623,1221,1228.95,1192,1225.3,310,242400
INDIGO-III,20170623,1209.5,1209.5,1209.5,1209.5,1,61800
INDUSINDBK-I,20170623,1505.85,1508.4,1487.85,1496.3,3747,4475400
INDUSINDBK-II,20170623,1497,1509,1490.65,1497.6,1727,1274400
INDUSINDBK-III,20170623,0,0,0,1525,0,600
INFIBEAM-I,20170623,1036,1043,1023,1035.6,181,807200
INFIBEAM-II,20170623,1018.4,1020.55,1009.95,1020.85,104,793600
INFIBEAM-III,20170623,0,0,0,1060.6,0,0
INFRATEL-I,20170623,376.5,379.8,372.6,373.55,1941,7072000
INFRATEL-II,20170623,376.75,380,374.1,374.95,243,328100
INFRATEL-III,20170623,0,0,0,380.1,0,3400
INFY-I,20170623,946.2,951.75,940.5,945.55,12571,30672500
INFY-II,20170623,949.9,955.2,945,949.7,6626,7173500
INFY-III,20170623,952.7,957,947.1,954.8,42,78000
IOC-I,20170623,394.85,395.6,379.35,384.7,5771,24904500
IOC-II,20170623,396.05,396.7,381.05,385.85,2000,2701500
IOC-III,20170623,390.05,390.05,386,386.35,10,16500
IRB-I,20170623,220.1,221,213.7,215.55,2489,17177500
IRB-II,20170623,220.7,221.9,215.05,216.7,1155,3745000
IRB-III,20170623,0,0,0,228.65,0,0
ITC-I,20170623,310.2,313.15,308.75,311.8,4490,39292800
ITC-II,20170623,311.5,314.6,310.5,313.4,1859,4720800
ITC-III,20170623,312.5,316,312.5,314.7,14,62400
JETAIRWAYS-I,20170623,573.35,574,550.3,560.05,4407,3336000
JETAIRWAYS-II,20170623,576.2,576.2,553,562.6,577,625200
JETAIRWAYS-III,20170623,563,563,563,563,1,2400
JINDALSTEL-I,20170623,122.5,122.95,116.65,118.6,5601,37152000
JINDALSTEL-II,20170623,122.65,122.65,117.35,119,2123,6633000
JINDALSTEL-III,20170623,121.5,121.5,118.8,120.6,7,40500
JISLJALEQS-I,20170623,109.2,109.5,104.85,105.75,1925,33831000
JISLJALEQS-II,20170623,109.75,109.85,105.4,106.3,680,5787000
JISLJALEQS-III,20170623,107,107,106,106,3,18000
JPASSOCIAT-I,20170623,16.5,19.7,16.5,18.85,5009,175712000
JPASSOCIAT-II,20170623,16.9,19.75,16.9,18.9,1372,47260000
JPASSOCIAT-III,20170623,18,18,18,18,1,68000
JSWENERGY-I,20170623,65,65.45,62.7,63.35,1445,49512000
JSWENERGY-II,20170623,65,65.35,62.6,63.2,869,13319500
JSWENERGY-III,20170623,63.6,63.6,63.6,63.45,3,17000
JSWSTEEL-I,20170623,197.1,198.8,192.55,195.8,5802,42726000
JSWSTEEL-II,20170623,199,199,193.7,196.85,2324,18072000
JSWSTEEL-III,20170623,196.45,198,196.45,198,3,21000
JUBLFOOD-I,20170623,915,936.7,904.4,922.6,3518,2421500
JUBLFOOD-II,20170623,910.45,929.9,901,916.8,915,355500
JUBLFOOD-III,20170623,0,0,0,923.25,0,2500
JUSTDIAL-I,20170623,393,398.05,384,392.7,3922,3321600
JUSTDIAL-II,20170623,372.1,377,363.2,373.95,1394,1554000
JUSTDIAL-III,20170623,355.2,355.2,355.2,355.2,1,19200
KAJARIACER-I,20170623,683.1,686.75,665,682.4,128,394400
KAJARIACER-II,20170623,680,689.85,669,686.1,40,30400
KAJARIACER-III,20170623,0,0,0,708.45,0,0
KOTAKBANK-I,20170623,998.5,1003.6,985.1,987.6,4356,7513600
KOTAKBANK-II,20170623,1004.5,1007.45,990.1,992.35,1404,916000
KOTAKBANK-III,20170623,1007.3,1007.3,997.35,997.35,4,8800
KPIT-I,20170623,120.75,122.8,119.7,120.45,328,4116000
KPIT-II,20170623,122.1,123.1,120.45,121.1,113,532000
KPIT-III,20170623,0,0,0,112.5,0,8000
KSCL-I,20170623,636.25,643.55,615,638,671,3028500
KSCL-II,20170623,624.5,635.9,618.4,632.35,209,319500
KSCL-III,20170623,0,0,0,534.55,0,0
KTKBANK-I,20170623,171.65,171.7,161.5,165.15,4372,21291625
KTKBANK-II,20170623,168.3,168.3,158.4,162.1,1850,6562600
KTKBANK-III,20170623,162.5,164.1,161.75,160.95,13,41800
L&TFH-I,20170623,144.8,145.6,138.35,140.8,4024,18126000
L&TFH-II,20170623,145.75,146.55,139.2,141.55,894,3253500
L&TFH-III,20170623,0,0,0,145.85,0,36000
LICHSGFIN-I,20170623,770.75,773.7,748.65,756.3,4817,4479200
LICHSGFIN-II,20170623,774.8,776.7,752.9,760.1,606,473000
LICHSGFIN-III,20170623,760,764.45,752,764.45,7,11000
LT-I,20170623,1744.05,1745.55,1722.1,1726.45,4697,7332000
LT-II,20170623,1750,1750,1730,1733.45,1767,1776500
LT-III,20170623,1728.2,1728.5,1720.05,1723.8,19,138000
LUPIN-I,20170623,1073.95,1088,1063.55,1064.9,9470,9304400
LUPIN-II,20170623,1070.9,1084.35,1059.3,1060.3,3607,2150000
LUPIN-III,20170623,1078.95,1086.4,1064.2,1065.2,27,62800
M&M-I,20170623,1403.4,1418,1373.15,1377.85,6602,4794500
M&M-II,20170623,1399.9,1411.25,1367.65,1372.15,2263,1377500
M&M-III,20170623,1382,1382,1382,1382,1,500
M&MFIN-I,20170623,341.35,342.15,330.3,331.45,3385,11352500
M&MFIN-II,20170623,339.3,340.4,329.6,330.8,952,1862500
M&MFIN-III,20170623,0,0,0,308.15,0,0
MARICO-I,20170623,313.05,318,311.55,313.5,520,5114200
MARICO-II,20170623,314,319.25,313,315.05,128,260000
MARICO-III,20170623,0,0,0,321.6,0,0
MARUTI-I,20170623,7322.15,7328.45,7227.65,7240.55,7354,1774650
MARUTI-II,20170623,7345.6,7345.6,7264.5,7273.8,2348,363300
MARUTI-III,20170623,7283.6,7283.6,7227.25,7237.15,28,17550
MCDOWELL-N-I,20170623,2305.65,2318.95,2245,2255.05,2872,2324000
MCDOWELL-N-II,20170623,2315.75,2315.75,2256.75,2265.25,1040,239750
MCDOWELL-N-III,20170623,2270.05,2270.05,2270,2270,2,2500
MCX-I,20170623,1112.75,1112.75,1073,1083.3,986,1350500
MCX-II,20170623,1113,1117.5,1079,1088.65,391,241500
MCX-III,20170623,0,0,0,1138,0,1000
MFSL-I,20170623,605,609.55,595,602.55,2069,4592000
MFSL-II,20170623,604.7,612.2,599.35,605.65,530,574000
MFSL-III,20170623,0,0,0,573.25,0,0
MGL-I,20170623,990,995,971.2,980.4,238,473400
MGL-II,20170623,1000.05,1000.05,977.7,985.25,58,41400
MGL-III,20170623,989.15,989.15,989.15,989.15,1,1800
MINDTREE-I,20170623,532.8,539,524.25,532.8,2521,3727200
MINDTREE-II,20170623,526.3,538,523.15,532.3,774,1142400
MINDTREE-III,20170623,0,0,0,553.6,0,0
MOTHERSUMI-I,20170623,473.35,475.25,462.5,464,1727,7987500
MOTHERSUMI-II,20170623,471,471.95,464.25,465.3,545,1535000
MOTHERSUMI-III,20170623,0,0,0,479,0,2500
MRF-I,20170623,71489.95,71489.95,69600.05,69948.65,1641,33090
MRF-II,20170623,71300,71300,69980,70156.3,286,4260
MRF-III,20170623,0,0,0,70300,0,15
MRPL-I,20170623,123,123.4,117.1,117.6,463,4486500
MRPL-II,20170623,122.5,122.5,117.15,117.85,110,963000
MRPL-III,20170623,119,119,114.8,114.8,3,49500
MUTHOOTFIN-I,20170623,453.8,453.8,438.45,447.6,663,1687500
MUTHOOTFIN-II,20170623,455.05,455.05,440.6,449.85,135,163500
MUTHOOTFIN-III,20170623,0,0,0,396.35,0,0
NATIONALUM-I,20170623,63.15,63.15,61.5,61.65,157,4792000
NATIONALUM-II,20170623,63.6,63.6,61.75,61.9,81,568000
NATIONALUM-III,20170623,0,0,0,67.85,0,0
NBCC-I,20170623,208.25,210.8,201.55,208.8,1418,3756000
NBCC-II,20170623,209,211.85,202.85,210,259,885000
NBCC-III,20170623,0,0,0,214.45,0,3000
NCC-I,20170623,92.35,92.4,87.6,90.2,2305,21592000
NCC-II,20170623,92.5,92.6,88.05,90.6,638,3960000
NCC-III,20170623,92.4,92.4,88.5,91,8,40000
NESTLEIND-I,20170623,6778.15,6780,6622.45,6651.1,348,53300
NESTLEIND-II,20170623,6750,6750,6673.55,6694.7,264,26600
NESTLEIND-III,20170623,0,0,0,6830,0,100
NHPC-I,20170623,33.35,33.55,32.5,32.6,257,19629000
NHPC-II,20170623,33.6,33.6,32.7,32.8,122,4617000
NHPC-III,20170623,0,0,0,29.8,0,0
NIITTECH-I,20170623,573.25,576,553.2,564.15,444,571500
NIITTECH-II,20170623,571.25,571.25,552,559.5,41,145500
NIITTECH-III,20170623,0,0,0,501.1,0,0
NMDC-I,20170623,108.9,109.15,106.65,107.4,1548,30516000
NMDC-II,20170623,109.5,109.5,107.4,107.95,797,5292000
NMDC-III,20170623,108.15,108.55,108.15,108.55,3,36000
NTPC-I,20170623,159.15,160.75,157.7,158.25,1373,18312000
NTPC-II,20170623,159.65,161.5,158.6,159.15,711,3460000
NTPC-III,20170623,0,0,0,160.55,0,4000
OFSS-I,20170623,3663.45,3714,3605.15,3618,167,110550
OFSS-II,20170623,3640.1,3640.1,3628.4,3632.25,13,2700
OFSS-III,20170623,0,0,0,3618.4,0,0
OIL-I,20170623,283,283.8,275.65,276.25,377,2073390
OIL-II,20170623,284.35,284.35,276.85,277.5,112,423742
OIL-III,20170623,0,0,0,310,0,2266
ONGC-I,20170623,161.2,161.35,157.45,158.4,3653,49132500
ONGC-II,20170623,162,162.45,158.25,159.2,2266,14302500
ONGC-III,20170623,161.3,161.75,158.7,159.8,28,423750
ORIENTBANK-I,20170623,147.9,149.25,142,144,955,10956000
ORIENTBANK-II,20170623,139.8,139.8,132.95,134.35,624,4740000
ORIENTBANK-III,20170623,135.3,135.3,135,135,4,150000
PAGEIND-I,20170623,16579.95,16739,16200.55,16324.45,513,21000
PAGEIND-II,20170623,16300,16491,16234.7,16348.7,54,3250
PAGEIND-III,20170623,0,0,0,14530.6,0,0
PCJEWELLER-I,20170623,507,511.7,501.5,506.4,740,2817000
PCJEWELLER-II,20170623,506,512,503.45,507.9,182,267000
PCJEWELLER-III,20170623,0,0,0,460.65,0,0
PEL-I,20170623,2880.2,2904.65,2818.95,2826.35,1350,859800
PEL-II,20170623,2891.95,2891.95,2815.05,2822,557,221700
PEL-III,20170623,0,0,0,2893.1,0,4800
PETRONET-I,20170623,436.2,441.8,434.5,437.3,2029,5916000
PETRONET-II,20170623,437.7,442,434.95,438.05,394,888000
PETRONET-III,20170623,439.6,439.6,439.6,439.6,1,15000
PFC-I,20170623,128.35,129,122,122.75,5052,38154000
PFC-II,20170623,129.3,129.35,122.75,123.4,1943,9426000
PFC-III,20170623,128,128,123.75,124.05,10,156000
PIDILITIND-I,20170623,815.05,839.7,815.05,830.9,1307,1520000
PIDILITIND-II,20170623,820.15,840.4,820.15,834.1,163,103000
PIDILITIND-III,20170623,0,0,0,753.45,0,0
PNB-I,20170623,145.85,146.8,141.8,143.8,7820,45307500
PNB-II,20170623,143,143.65,138.55,140.4,3066,14882000
PNB-III,20170623,142,142.1,137.1,138.25,85,630000
POWERGRID-I,20170623,202.95,206.9,202.55,205.95,1965,20188000
POWERGRID-II,20170623,204.05,207.85,203.8,207,535,2360000
POWERGRID-III,20170623,205,205.5,205,205.5,6,56000
PTC-I,20170623,96.25,96.95,92.7,94.4,564,13560000
PTC-II,20170623,97.1,97.1,93.35,94.9,92,1024000
PTC-III,20170623,0,0,0,93.05,0,0
PVR-I,20170623,1575.05,1577.05,1505,1514.25,678,343200
PVR-II,20170623,1580,1580,1512.9,1517.95,105,30800
PVR-III,20170623,0,0,0,1487.15,0,0
RAMCOCEM-I,20170623,688.2,692.35,678.35,684.3,301,390400
RAMCOCEM-II,20170623,688.75,691.6,683,687.25,128,180800
RAMCOCEM-III,20170623,0,0,0,707.85,0,4800
RAYMOND-I,20170623,736.1,736.85,708,712.7,1227,1589600
RAYMOND-II,20170623,738.6,740.45,712.1,716.7,217,180800
RAYMOND-III,20170623,0,0,0,690.35,0,0
RBLBANK-I,20170623,511.95,511.95,498.5,503.75,2190,8757000
RBLBANK-II,20170623,502.75,502.75,490.1,494.2,1387,5679000
RBLBANK-III,20170623,491.15,491.55,486.55,489.3,35,130000
RCOM-I,20170623,20.55,21.8,19.95,21.35,3651,93876000
RCOM-II,20170623,20.75,21.75,20.1,21.35,1315,28714000
RCOM-III,20170623,20.5,21.5,20.5,21.55,6,756000
RDEL-I,20170623,61.1,62.8,60.1,61,1564,12960000
RDEL-II,20170623,60.6,62.7,60.2,60.95,387,3780000
RDEL-III,20170623,61.6,61.6,61.6,61.6,1,27000
RECLTD-I,20170623,182.55,182.6,175.15,176.25,5331,36930000
RECLTD-II,20170623,182.95,182.95,175.7,176.65,1683,8634000
RECLTD-III,20170623,181.45,181.45,176,176.05,34,324000
RELCAPITAL-I,20170623,627.3,653.85,618,651.3,17895,10186500
RELCAPITAL-II,20170623,630.6,656.5,621.35,654.2,1954,1815000
RELCAPITAL-III,20170623,629,638,629,638,2,6000
RELIANCE-I,20170623,1447.8,1447.8,1432.5,1435.3,12666,10718000
RELIANCE-II,20170623,1440,1445,1433.9,1436.05,3645,2637500
RELIANCE-III,20170623,1443.9,1448.1,1439.9,1441.6,123,202500
RELINFRA-I,20170623,496.45,511.1,487,504.65,11615,9003800
RELINFRA-II,20170623,500.05,513.2,490,507.2,1579,1735500
RELINFRA-III,20170623,0,0,0,489.25,0,6500
RPOWER-I,20170623,40.7,41.05,39.9,40.8,1126,57144000
RPOWER-II,20170623,40.95,41.25,40.2,41,568,14148000
RPOWER-III,20170623,41.15,41.15,41.15,41.15,2,240000
SAIL-I,20170623,58.35,59,56.8,57.5,3478,61356000
SAIL-II,20170623,58.5,58.5,56.8,57.4,2047,22704000
SAIL-III,20170623,57.45,57.45,57.4,57.4,2,168000
SBIN-I,20170623,294.25,295.5,288.05,289.75,16292,65433000
SBIN-II,20170623,294.75,296.45,289.2,290.75,4121,13587000
SBIN-III,20170623,296.75,296.75,290.1,291.85,34,168000
SHREECEM-I,20170623,17400,17499.95,16726.1,16913.55,221,24700
SHREECEM-II,20170623,17311,17400.3,16820,17044.45,91,3500
SHREECEM-III,20170623,0,0,0,17927.15,0,0
SIEMENS-I,20170623,1359.45,1364.35,1325.9,1329.25,840,826500
SIEMENS-II,20170623,1369.7,1369.7,1333,1336.45,159,77000
SIEMENS-III,20170623,0,0,0,1348.75,0,1000
SINTEX-I,20170623,25,25,23.9,24.15,1560,21538875
SINTEX-II,20170623,24.95,24.95,23.8,24.1,780,4866375
SINTEX-III,20170623,24.35,24.35,24.05,24.05,4,71250
SOUTHBANK-I,20170623,29.15,29.2,27.8,28.2,1034,78444747
SOUTHBANK-II,20170623,28.85,28.95,27.65,28,364,32179911
SOUTHBANK-III,20170623,28.1,28.25,28.1,28.25,5,1657050
SRF-I,20170623,1636.2,1636.2,1569,1591.4,709,544500
SRF-II,20170623,1630.55,1635.7,1576.9,1599.85,179,53000
SRF-III,20170623,0,0,0,1645.8,0,0
SRTRANSFIN-I,20170623,992.5,1001.05,963.4,968.15,1688,2701800
SRTRANSFIN-II,20170623,998.4,1005.55,968.45,973.45,841,321000
SRTRANSFIN-III,20170623,0,0,0,1030,0,1200
STAR-I,20170623,941.95,955,933,943.1,957,1957500
STAR-II,20170623,951.5,958,937.95,945.55,290,159500
STAR-III,20170623,0,0,0,955,0,1000
SUNPHARMA-I,20170623,538.75,545.45,537.05,544.1,11779,29178100
SUNPHARMA-II,20170623,541.75,547.65,539,546.5,4123,7189600
SUNPHARMA-III,20170623,547.95,549.95,545,549.35,36,96800
SUNTV-I,20170623,834.9,837.05,807,809.95,4456,5467000
SUNTV-II,20170623,838,838,811.3,814.6,771,1714000
SUNTV-III,20170623,825,825,823.05,823.05,2,14000
SUZLON-I,20170623,18.85,18.9,18.35,18.5,3316,298080000
SUZLON-II,20170623,18.85,18.85,18.3,18.4,2654,132960000
SUZLON-III,20170623,18.75,18.75,18.3,18.35,68,8760000
SYNDIBANK-I,20170623,78.35,78.7,75.85,76.7,1101,16974000
SYNDIBANK-II,20170623,78.85,78.85,76.1,76.95,259,2205000
SYNDIBANK-III,20170623,0,0,0,79.6,0,9000
TATACHEM-I,20170623,616.55,619.3,598.5,606.4,1288,3217500
TATACHEM-II,20170623,620.5,620.5,602.15,609.5,352,499500
TATACHEM-III,20170623,0,0,0,621.1,0,18000
TATACOMM-I,20170623,757.5,758,711.3,724.1,4997,7604100
TATACOMM-II,20170623,757.15,760.9,715.05,728.15,1417,1144500
TATACOMM-III,20170623,725.05,725.05,720.9,720.9,8,10500
TATAELXSI-I,20170623,1641,1652.8,1575.55,1610.95,3053,1130800
TATAELXSI-II,20170623,1637.15,1646,1571,1605.8,702,296000
TATAELXSI-III,20170623,0,0,0,1660,0,400
TATAGLOBAL-I,20170623,155.4,155.4,150,151.55,1628,26779500
TATAGLOBAL-II,20170623,153.45,153.55,148.55,150.05,948,10237500
TATAGLOBAL-III,20170623,153.25,153.25,153.25,153.25,1,22500
TATAMOTORS-I,20170623,452.85,456.65,443.25,444.5,11861,32676000
TATAMOTORS-II,20170623,455,458.6,445.2,446.35,5866,6081000
TATAMOTORS-III,20170623,457.5,457.5,448,448.75,27,78000
TATAMTRDVR-I,20170623,282,285.4,275.65,276.55,2121,16604700
TATAMTRDVR-II,20170623,284,286.55,277.15,278,877,3091200
TATAMTRDVR-III,20170623,0,0,0,279,0,10500
TATAPOWER-I,20170623,82.65,82.75,81.1,81.75,939,21294000
TATAPOWER-II,20170623,82.95,82.95,81.6,82.15,321,3789000
TATAPOWER-III,20170623,80.9,81.25,80.9,81.25,2,279000
TATASTEEL-I,20170623,513.1,513.9,502.65,508.25,11832,24736000
TATASTEEL-II,20170623,505,505.05,495.35,500.9,2155,5618000
TATASTEEL-III,20170623,505.55,505.55,498.45,502.15,17,50000
TCS-I,20170623,2397.45,2414.6,2355.7,2363.75,8486,6111250
TCS-II,20170623,2400,2414.95,2358.05,2364.4,4055,1034000
TCS-III,20170623,2423.3,2426.85,2370.95,2373.45,45,14500
TECHM-I,20170623,388.95,390.65,380.85,382,2147,11664400
TECHM-II,20170623,381.9,383.6,374.05,375,1474,2126300
TECHM-III,20170623,384.3,384.3,376.75,376.75,4,38500
TITAN-I,20170623,515,522,509,512.1,1755,4702500
TITAN-II,20170623,517.5,521.45,510,511.3,459,534000
TITAN-III,20170623,511,511,511,511,1,13500
TORNTPHARM-I,20170623,1177.2,1194.8,1168.1,1182.2,306,281600
TORNTPHARM-II,20170623,1187.95,1193.2,1183.75,1186.95,42,29600
TORNTPHARM-III,20170623,0,0,0,1241.75,0,0
TORNTPOWER-I,20170623,181.95,181.95,173.7,176.25,528,4110000
TORNTPOWER-II,20170623,181.8,181.8,176.3,177.15,183,465000
TORNTPOWER-III,20170623,0,0,0,202.25,0,0
TV18BRDCST-I,20170623,37.5,37.6,35.95,36.5,1557,84405000
TV18BRDCST-II,20170623,37.6,37.6,36.2,36.7,1058,17408000
TV18BRDCST-III,20170623,0,0,0,36.25,0,0
TVSMOTOR-I,20170623,544,544,532.3,537.1,1539,5766000
TVSMOTOR-II,20170623,541.5,542.25,530,534.3,305,858000
TVSMOTOR-III,20170623,0,0,0,546.4,0,6000
UBL-I,20170623,779.9,789.25,778,784.5,317,814800
UBL-II,20170623,785.3,790.2,780.2,786.15,94,45500
UBL-III,20170623,0,0,0,793.3,0,0
UJJIVAN-I,20170623,317.55,318.45,306.35,310.3,1109,6322800
UJJIVAN-II,20170623,315.4,315.4,307,309.25,424,1028400
UJJIVAN-III,20170623,0,0,0,326,0,4800
ULTRACEMCO-I,20170623,4075.5,4093.9,4007.2,4016.45,2862,2013400
ULTRACEMCO-II,20170623,4094.25,4098,4015,4022.15,1429,253000
ULTRACEMCO-III,20170623,3960.3,4063.55,3960.3,4011.95,2,600
UNIONBANK-I,20170623,150.7,151.8,145.15,146.8,4304,21264000
UNIONBANK-II,20170623,148.2,148.8,141.95,143.45,1406,8492000
UNIONBANK-III,20170623,144,144,141,142.05,20,220000
UPL-I,20170623,859.6,864.95,831.2,834.3,2275,7377600
UPL-II,20170623,865.45,867.45,835.55,838.2,310,447600
UPL-III,20170623,0,0,0,824.75,0,0
VEDL-I,20170623,234.05,237.95,230.15,236.95,11966,50193500
VEDL-II,20170623,234.9,239.15,231.5,238.05,3352,7850500
VEDL-III,20170623,236.3,239,234.5,237.6,18,70000
VGUARD-I,20170623,181.1,182.85,179.15,179.9,322,3486000
VGUARD-II,20170623,180,183.25,179.6,180.25,116,525000
VGUARD-III,20170623,0,0,0,185.2,0,0
VOLTAS-I,20170623,462.8,465.7,449.4,454.25,3388,5936000
VOLTAS-II,20170623,466.1,466.85,451.3,455.95,571,970000
VOLTAS-III,20170623,464.65,464.65,453,454.5,16,30000
WIPRO-I,20170623,255.4,260.95,253.75,257.65,1693,25804800
WIPRO-II,20170623,254.55,261,254.55,257.75,421,1903200
WIPRO-III,20170623,0,0,0,255.95,0,98400
WOCKPHARMA-I,20170623,567.9,579.7,562.05,571.35,2207,3058800
WOCKPHARMA-II,20170623,579.85,579.85,562.95,571.35,469,476000
WOCKPHARMA-III,20170623,0,0,0,599.2,0,1600
YESBANK-I,20170623,1455.55,1459,1431.65,1439.25,10509,8187200
YESBANK-II,20170623,1460.85,1465.3,1439.2,1446.55,2081,1176000
YESBANK-III,20170623,1466.4,1466.4,1447.85,1453.1,17,21350
ZEEL-I,20170623,510.95,516.55,506.05,510.2,3533,8063900
ZEEL-II,20170623,509.5,516.3,506.4,510.3,703,796900
ZEEL-III,20170623,0,0,0,521.1,0,0
