BANKNIFTY-I,20171124,25781,25885.65,25770.05,25842.45,39536,2447000
BANKNIFTY-II,20171124,25854.4,25956,25844.35,25924.15,5106,267360
BANKNIFTY-III,20171124,25950,26012.4,25939.15,25979.8,63,14320
FTSE100-I,20171124,0,0,0,7457,0,0
FTSE100-II,20171124,0,0,0,7652,0,0
FTSE100-III,20171124,0,0,0,7503,0,0
FTSE100-IIII,20171124,0,0,0,7912,0,0
FTSE100-IIIII,20171124,0,0,0,7982,0,0
FTSE100-IIIIII,20171124,0,0,0,7867,0,0
NIFTY-I,20171124,10366.25,10424,10366.25,10409.35,93585,19895025
NIFTY-II,20171124,10411.55,10461,10405,10445.35,27505,5368575
NIFTY-III,20171124,10435.8,10488,10435.8,10477.2,862,221925
NIFTYCPSE-I,20171124,0,0,0,2505.1,0,0
NIFTYCPSE-II,20171124,0,0,0,2531.5,0,0
NIFTYCPSE-III,20171124,0,0,0,2752.3,0,0
NIFTYINFRA-I,20171124,0,0,0,3376.25,0,0
NIFTYINFRA-II,20171124,0,0,0,3261.55,0,0
NIFTYINFRA-III,20171124,0,0,0,3636.75,0,0
NIFTYIT-I,20171124,11268,11365,11268,11322,145,28900
NIFTYIT-II,20171124,11350,11399,11316,11320,10,700
NIFTYIT-III,20171124,0,0,0,11057,0,0
NIFTYMID50-I,20171124,0,0,0,4782,0,0
NIFTYMID50-II,20171124,0,0,0,4732.3,0,0
NIFTYMID50-III,20171124,0,0,0,5134.25,0,0
NIFTYPSE-I,20171124,0,0,0,4196.35,0,0
NIFTYPSE-II,20171124,0,0,0,4060.8,0,0
NIFTYPSE-III,20171124,0,0,0,4478.55,0,0
ACC-I,20171124,1717.75,1723.8,1699,1701.7,972,1444000
ACC-II,20171124,1731.75,1731.75,1708.1,1710.7,350,220800
ACC-III,20171124,0,0,0,1810.85,0,0
ADANIENT-I,20171124,152.25,155.5,150.15,153.7,3036,26424000
ADANIENT-II,20171124,153.4,156.1,150.85,154.4,638,2736000
ADANIENT-III,20171124,152.4,152.4,152.4,152.4,1,24000
ADANIPORTS-I,20171124,407.6,407.95,403,405.6,1754,9095000
ADANIPORTS-II,20171124,408.95,409.15,405.05,407.5,235,1190000
ADANIPORTS-III,20171124,0,0,0,420.9,0,0
ADANIPOWER-I,20171124,35.05,35.65,35,35.5,799,106320000
ADANIPOWER-II,20171124,35.4,35.85,35.25,35.7,382,14740000
ADANIPOWER-III,20171124,0,0,0,33.35,0,20000
AJANTPHARM-I,20171124,1324.4,1336.45,1313.8,1333.4,468,974000
AJANTPHARM-II,20171124,1330.2,1342,1321.2,1339.65,57,63600
AJANTPHARM-III,20171124,0,0,0,1344.6,0,1500
ALBK-I,20171124,78.55,79.9,77.95,78.8,1309,14440000
ALBK-II,20171124,78.8,80.2,78.5,79.2,146,2360000
ALBK-III,20171124,78.9,78.9,78.9,78.9,1,20000
AMARAJABAT-I,20171124,787.85,799.85,787.85,790.45,2707,1662000
AMARAJABAT-II,20171124,795.1,803.65,792.9,794.05,201,216000
AMARAJABAT-III,20171124,0,0,0,800.05,0,4200
AMBUJACEM-I,20171124,265.85,268.5,265.2,265.75,994,9032500
AMBUJACEM-II,20171124,268,269.75,266.6,267,156,900000
AMBUJACEM-III,20171124,0,0,0,267,0,5000
ANDHRABANK-I,20171124,65,66.85,64.85,65.75,1166,20980000
ANDHRABANK-II,20171124,65.4,67.15,65.3,66.1,234,3750000
ANDHRABANK-III,20171124,0,0,0,65.5,0,20000
APOLLOHOSP-I,20171124,1118,1143.75,1114,1134.15,1437,2723000
APOLLOHOSP-II,20171124,1127.85,1143.35,1116.55,1134.3,159,157500
APOLLOHOSP-III,20171124,0,0,0,1123,0,1500
APOLLOTYRE-I,20171124,252.8,255.25,251.45,253.85,2541,11157000
APOLLOTYRE-II,20171124,254,256.2,253.05,255.05,304,1596000
APOLLOTYRE-III,20171124,255.9,255.9,255.9,255.9,1,6000
ARVIND-I,20171124,434.85,437.45,432,435.1,1661,5818000
ARVIND-II,20171124,437.9,439.3,434.7,437.35,128,534000
ARVIND-III,20171124,0,0,0,435,0,12000
ASHOKLEY-I,20171124,114.6,118.95,114.35,118.4,5975,52451000
ASHOKLEY-II,20171124,115.35,119.5,114.9,118.95,1276,11641000
ASHOKLEY-III,20171124,117.5,119.05,117.5,119.05,7,336000
ASIANPAINT-I,20171124,1163.5,1165.25,1152.3,1163.4,1407,2815200
ASIANPAINT-II,20171124,1170.1,1170.15,1159.95,1168.65,265,344400
ASIANPAINT-III,20171124,0,0,0,1210.15,0,0
AUROPHARMA-I,20171124,697.1,718,696,716.25,9262,16238400
AUROPHARMA-II,20171124,701,721.45,700,719.75,3084,4873600
AUROPHARMA-III,20171124,705.7,725,705,723,12,40000
AXISBANK-I,20171124,546.15,548.85,541.8,546.2,6926,41846400
AXISBANK-II,20171124,548.25,551.15,544.5,548.55,1183,5426400
AXISBANK-III,20171124,548.95,553,548.5,551,15,186000
BAJAJ-AUTO-I,20171124,3316,3331,3292.45,3298.9,2907,1643000
BAJAJ-AUTO-II,20171124,3300,3342.35,3300,3313.5,781,197250
BAJAJ-AUTO-III,20171124,0,0,0,3335.75,0,0
BAJAJFINSV-I,20171124,5148,5197,5132,5160.9,954,719750
BAJAJFINSV-II,20171124,5169.6,5220,5165,5193.9,186,60250
BAJAJFINSV-III,20171124,0,0,0,5061.4,0,0
BAJFINANCE-I,20171124,1769.9,1799.5,1767.45,1790.1,4501,5326000
BAJFINANCE-II,20171124,1779.85,1807.8,1777,1798.7,806,698000
BAJFINANCE-III,20171124,1805,1805,1805,1805,3,5000
BALKRISIND-I,20171124,2098.45,2108,2076.7,2079.35,631,431600
BALKRISIND-II,20171124,2112.2,2112.2,2086,2085.6,63,108400
BALKRISIND-III,20171124,0,0,0,2109.85,0,400
BALRAMCHIN-I,20171124,166.85,166.95,163.15,163.75,946,12964000
BALRAMCHIN-II,20171124,166.95,166.95,164.15,164.75,323,3479000
BALRAMCHIN-III,20171124,166.9,166.9,166.7,166.7,4,87500
BANKBARODA-I,20171124,179.1,180.25,176.65,177.35,5158,47470500
BANKBARODA-II,20171124,179.4,181.05,177.5,178.1,1022,7500500
BANKBARODA-III,20171124,0,0,0,179.4,0,64000
BANKINDIA-I,20171124,203.95,204.25,200.2,201.2,2580,14472000
BANKINDIA-II,20171124,204,204,200.4,201.3,248,2022000
BANKINDIA-III,20171124,202.25,202.25,202,202,2,42000
BATAINDIA-I,20171124,728.3,746.8,728,741.2,3895,2337500
BATAINDIA-II,20171124,737.25,749.9,735.05,745,389,387200
BATAINDIA-III,20171124,0,0,0,755.1,0,9900
BEL-I,20171124,187.8,189.1,184.5,185,2126,20963250
BEL-II,20171124,189.05,190.15,185.5,185.95,342,2074050
BEL-III,20171124,188.35,188.5,187.2,187.2,5,74250
BEML-I,20171124,1713.9,1728,1672,1682.85,5888,1956900
BEML-II,20171124,1725,1737.45,1681,1690.3,1209,599700
BEML-III,20171124,0,0,0,1696,0,300
BERGEPAINT-I,20171124,257.7,258.15,254.5,256.2,398,1661000
BERGEPAINT-II,20171124,258.3,258.75,256,257.55,34,112200
BERGEPAINT-III,20171124,0,0,0,254.35,0,2200
BHARATFIN-I,20171124,972.65,996.95,971.15,991.45,4567,8748000
BHARATFIN-II,20171124,977.5,1001.35,976.55,996.4,1544,3760000
BHARATFIN-III,20171124,991.8,1004.3,991.8,1001,7,9000
BHARATFORG-I,20171124,702,705.45,696.85,700.7,1741,6272400
BHARATFORG-II,20171124,704,708.45,701,703.9,495,1069200
BHARATFORG-III,20171124,717.8,717.8,705,705,5,20400
BHARTIARTL-I,20171124,499,502.3,496,498.15,4265,38707300
BHARTIARTL-II,20171124,499.95,505,498.55,500.65,989,7036300
BHARTIARTL-III,20171124,504,505.3,500.6,503.15,21,154700
BHEL-I,20171124,93.75,94.05,92.3,92.55,2650,44302500
BHEL-II,20171124,94.2,94.6,92.7,92.95,650,10185000
BHEL-III,20171124,94.3,94.3,93.35,93.35,8,187500
BIOCON-I,20171124,415.25,420.3,413.5,415.3,2154,6282000
BIOCON-II,20171124,418.45,420.9,414.45,415.75,584,2649600
BIOCON-III,20171124,419,419,419,419,1,41400
BOSCHLTD-I,20171124,18814.95,19064.45,18814.95,19014.45,689,105750
BOSCHLTD-II,20171124,18669.4,19214.9,18669.4,19118.35,291,13975
BOSCHLTD-III,20171124,0,0,0,21366.55,0,0
BPCL-I,20171124,504.45,510.3,502.45,509.55,2187,11215800
BPCL-II,20171124,506,510.1,503.05,509.45,298,768600
BPCL-III,20171124,0,0,0,510.5,0,68400
BRITANNIA-I,20171124,4788.05,4800.2,4721.3,4754.2,752,760200
BRITANNIA-II,20171124,4800,4813.85,4750,4774.55,85,24200
BRITANNIA-III,20171124,0,0,0,4678.05,0,0
CADILAHC-I,20171124,444.35,451.65,442.65,447,1200,4444800
CADILAHC-II,20171124,448,454.15,445.5,449,486,691200
CADILAHC-III,20171124,0,0,0,448.1,0,1600
CANBK-I,20171124,396.7,398.4,390.55,391.8,3168,11762376
CANBK-II,20171124,397.55,399.75,392.1,393.25,290,1597512
CANBK-III,20171124,0,0,0,403,0,16000
CANFINHOME-I,20171124,463,464.75,458,459.75,364,4091250
CANFINHOME-II,20171124,466.15,467.35,460.5,462.25,183,555000
CANFINHOME-III,20171124,0,0,0,506.5,0,0
CAPF-I,20171124,704.55,711.25,703.5,706.65,702,3528800
CAPF-II,20171124,707.2,715,707.2,710.25,308,366400
CAPF-III,20171124,0,0,0,699.95,0,800
CASTROLIND-I,20171124,390.95,398.35,390.95,395.2,1840,11531800
CASTROLIND-II,20171124,393.55,399.5,392.7,396.6,591,2179800
CASTROLIND-III,20171124,399.65,400.3,397,398.5,8,29400
CEATLTD-I,20171124,1818,1833,1811.1,1823.75,2745,1457050
CEATLTD-II,20171124,1827.95,1840.3,1821,1834.3,535,232400
CEATLTD-III,20171124,0,0,0,1800,0,1050
CENTURYTEX-I,20171124,1333.9,1347.5,1331.8,1336.8,5429,4782800
CENTURYTEX-II,20171124,1340.4,1353.9,1338.85,1343.85,4182,2827550
CENTURYTEX-III,20171124,0,0,0,1383.45,0,550
CESC-I,20171124,1021.1,1024.35,1010.55,1012.45,1316,4424750
CESC-II,20171124,1027.45,1027.45,1015.85,1017.6,763,656700
CESC-III,20171124,0,0,0,1036.45,0,1100
CGPOWER-I,20171124,87.25,87.65,85.15,85.55,664,26004000
CGPOWER-II,20171124,88,88,85.65,86,184,3552000
CGPOWER-III,20171124,0,0,0,83.5,0,0
CHENNPETRO-I,20171124,427.45,437.45,427.45,430.95,714,2001000
CHENNPETRO-II,20171124,431.05,439.45,431.05,433,110,298500
CHENNPETRO-III,20171124,0,0,0,450,0,6000
CHOLAFIN-I,20171124,1272,1279.95,1265.95,1273.65,248,473000
CHOLAFIN-II,20171124,1277.2,1286,1272.95,1279.8,39,23500
CHOLAFIN-III,20171124,0,0,0,1131.5,0,0
CIPLA-I,20171124,621.2,624,614,616,2102,7212000
CIPLA-II,20171124,624,626,616.85,618.65,289,824000
CIPLA-III,20171124,0,0,0,620,0,1000
COALINDIA-I,20171124,270.3,272.95,269.05,271.3,1696,21362200
COALINDIA-II,20171124,270.1,273.35,270.1,271.95,648,2986900
COALINDIA-III,20171124,269.5,272.1,269.5,270.9,8,442200
COLPAL-I,20171124,1045.4,1057,1044.4,1055.2,603,1302000
COLPAL-II,20171124,1053.7,1061.85,1049.5,1059.65,64,67900
COLPAL-III,20171124,0,0,0,1071.45,0,0
CONCOR-I,20171124,1343.95,1357.4,1335.5,1349.8,538,1207500
CONCOR-II,20171124,1350.15,1363.55,1343.4,1356.55,71,71250
CONCOR-III,20171124,0,0,0,1390,0,0
CUMMINSIND-I,20171124,875.95,875.95,857.5,864,358,765000
CUMMINSIND-II,20171124,865.6,874.15,862.45,868.65,141,123600
CUMMINSIND-III,20171124,0,0,0,922.2,0,0
DABUR-I,20171124,340.7,349.3,340.7,344.65,1357,11457500
DABUR-II,20171124,344,350.2,344,346.35,107,310000
DABUR-III,20171124,349.95,351,349.95,351,4,5000
DALMIABHA-I,20171124,3023.05,3062.95,3020.1,3055.2,377,479400
DALMIABHA-II,20171124,3043.35,3073.2,3038.95,3068.7,30,15600
DALMIABHA-III,20171124,0,0,0,2873.65,0,0
DCBBANK-I,20171124,184.8,187.9,183.5,187.4,1343,4716000
DCBBANK-II,20171124,185.9,188.75,184.5,188.4,170,661500
DCBBANK-III,20171124,0,0,0,180.65,0,13500
DHFL-I,20171124,626.3,635.3,616,619.45,6857,24955500
DHFL-II,20171124,631.95,638.9,618.75,623.5,3486,5530500
DHFL-III,20171124,0,0,0,650.6,0,241500
DISHTV-I,20171124,79.85,82.6,79.05,82.15,3099,25312000
DISHTV-II,20171124,80.25,82.95,79.7,82.6,691,4774000
DISHTV-III,20171124,0,0,0,80.15,0,14000
DIVISLAB-I,20171124,1043.85,1056.45,1026.5,1049.25,2817,3567200
DIVISLAB-II,20171124,1043.45,1062,1033.35,1054.8,380,341600
DIVISLAB-III,20171124,0,0,0,1030,0,5600
DLF-I,20171124,225,229.45,221.4,228.15,3295,36075000
DLF-II,20171124,225,230.8,222.65,229.9,275,3700000
DLF-III,20171124,224.9,228.8,224.9,227.4,5,110000
DRREDDY-I,20171124,2369,2369,2290,2299.7,4588,3468200
DRREDDY-II,20171124,2331.4,2337.65,2303,2313.2,2351,1384600
DRREDDY-III,20171124,2340.05,2351.65,2340,2351.65,4,6000
EICHERMOT-I,20171124,30599.65,31090,30599.45,30839.25,1142,163225
EICHERMOT-II,20171124,30870.15,31200,30845.95,30977.15,188,13800
EICHERMOT-III,20171124,0,0,0,31000,0,75
ENGINERSIN-I,20171124,183.6,186.7,182.6,184.2,1912,14927500
ENGINERSIN-II,20171124,184.5,187.45,184,185,436,2075500
ENGINERSIN-III,20171124,185.85,186.25,185.85,186.25,4,49000
EQUITAS-I,20171124,146.2,148.3,145.55,146.45,1639,15603200
EQUITAS-II,20171124,147,149,146.4,147.2,705,2444800
EQUITAS-III,20171124,0,0,0,149.4,0,35200
ESCORTS-I,20171124,691.95,695.2,684.15,685.85,1202,4336200
ESCORTS-II,20171124,694.35,698.2,687.4,689.45,274,631400
ESCORTS-III,20171124,0,0,0,698,0,3300
EXIDEIND-I,20171124,205.7,207.85,205.2,206.65,1695,17604000
EXIDEIND-II,20171124,207.7,208.6,206.4,207.8,395,1912000
EXIDEIND-III,20171124,0,0,0,209.25,0,8000
FEDERALBNK-I,20171124,113.25,113.25,111.9,112.35,1739,73815500
FEDERALBNK-II,20171124,113.6,113.85,112.5,112.85,631,9036500
FEDERALBNK-III,20171124,114,114.05,113.25,113.4,12,676500
FORTIS-I,20171124,133.5,139,132.2,138.65,3940,39411900
FORTIS-II,20171124,134,139.7,133,139.35,1992,11772000
FORTIS-III,20171124,138.5,140,138.5,140,5,98000
GAIL-I,20171124,463.15,470.7,461.7,469.8,1960,16552000
GAIL-II,20171124,463.45,470.9,463.35,470.3,272,1036000
GAIL-III,20171124,469,472.05,469,472.05,2,30000
GLENMARK-I,20171124,593.25,597.3,592.05,594.15,1209,7273700
GLENMARK-II,20171124,596.5,600.2,595.6,597.15,462,1036000
GLENMARK-III,20171124,620,620,597,597,2,6300
GMRINFRA-I,20171124,17,18.9,16.9,18.7,3504,287055000
GMRINFRA-II,20171124,17.05,19,17.05,18.85,1188,59355000
GMRINFRA-III,20171124,17.45,19.05,17.45,18.85,13,1170000
GODFRYPHLP-I,20171124,1015,1036.8,1015,1017.5,411,571000
GODFRYPHLP-II,20171124,1032.35,1040.2,1022,1023.2,78,48500
GODFRYPHLP-III,20171124,0,0,0,1045,0,2500
GODREJCP-I,20171124,961.6,975.4,951.2,972.4,1061,2211200
GODREJCP-II,20171124,959.9,979,958.05,975.8,202,190400
GODREJCP-III,20171124,0,0,0,937.8,0,0
GODREJIND-I,20171124,567.05,568.75,559.9,564.2,779,3862500
GODREJIND-II,20171124,570.2,571.65,563,566.95,200,589500
GODREJIND-III,20171124,0,0,0,579.8,0,0
GRANULES-I,20171124,123.05,125.6,122.85,125.35,680,17535000
GRANULES-II,20171124,124.6,126.25,124.25,126.1,324,3155000
GRANULES-III,20171124,0,0,0,128.1,0,30000
GRASIM-I,20171124,1198.55,1222.4,1198.55,1205.35,1911,3241500
GRASIM-II,20171124,1217.55,1227.25,1205,1210.6,423,330750
GRASIM-III,20171124,0,0,0,1216,0,3750
GSFC-I,20171124,144.5,145.7,142.95,143.6,1833,21937500
GSFC-II,20171124,145.9,146.5,143.6,144.4,460,2277000
GSFC-III,20171124,0,0,0,141.5,0,22500
HAVELLS-I,20171124,510.4,520.4,510,519.5,2848,4400000
HAVELLS-II,20171124,513,522.7,513,521.9,321,484000
HAVELLS-III,20171124,521,521.6,521,521.6,2,6000
HCC-I,20171124,37.55,37.8,37,37.4,451,28032000
HCC-II,20171124,37.85,37.95,37.3,37.6,252,4428000
HCC-III,20171124,0,0,0,37.6,0,30000
HCLTECH-I,20171124,857.5,864.5,856.05,859,2171,8920100
HCLTECH-II,20171124,860,868.35,859.85,863.05,418,495600
HCLTECH-III,20171124,870.05,870.05,870.05,870.05,1,2800
HDFC-I,20171124,1707.75,1717.85,1701,1714.45,3617,9931500
HDFC-II,20171124,1710.7,1725.85,1708.95,1722.55,860,1269500
HDFC-III,20171124,1722.2,1727,1722.2,1722.3,6,34500
HDFCBANK-I,20171124,1845.6,1862,1842,1857.35,5644,17664000
HDFCBANK-II,20171124,1848.25,1866,1847.05,1860.5,1256,2920000
HDFCBANK-III,20171124,1854.55,1855.15,1853.9,1854.1,14,13500
HDIL-I,20171124,61.65,63.25,61.5,62.5,701,26872000
HDIL-II,20171124,62.85,63.5,62.3,62.95,79,3176000
HDIL-III,20171124,0,0,0,66,0,117000
HEROMOTOCO-I,20171124,3677.65,3689.05,3626.25,3661.6,2194,1386000
HEROMOTOCO-II,20171124,3699.65,3702,3671,3679.45,408,115800
HEROMOTOCO-III,20171124,3744.9,3744.9,3744.9,3744.9,1,200
HEXAWARE-I,20171124,329.35,332.25,325,326.3,1042,3069000
HEXAWARE-II,20171124,331.05,333.45,326,326.85,121,345000
HEXAWARE-III,20171124,0,0,0,289.05,0,0
HINDALCO-I,20171124,255.85,256.45,251.55,252.45,4067,41874000
HINDALCO-II,20171124,256.65,256.7,252.9,253.55,591,3990000
HINDALCO-III,20171124,255,255.85,254.5,254.65,9,112000
HINDPETRO-I,20171124,423.95,434.4,421,431.15,5890,25263000
HINDPETRO-II,20171124,426.3,435.85,422.15,432.55,1486,5331375
HINDPETRO-III,20171124,434,434,434,434,1,59850
HINDUNILVR-I,20171124,1272.45,1274.3,1257,1269.85,1905,8688000
HINDUNILVR-II,20171124,1272.45,1279.25,1263,1275.65,336,597000
HINDUNILVR-III,20171124,0,0,0,1294,0,0
HINDZINC-I,20171124,312.75,312.75,307.5,309.65,1049,6195200
HINDZINC-II,20171124,314.4,314.4,309.15,311.2,156,764800
HINDZINC-III,20171124,0,0,0,306,0,19200
IBREALEST-I,20171124,214,214.75,206.3,208.4,7807,34522500
IBULHSGFIN-I,20171124,1169.05,1182,1158,1173.55,11225,10337200
IBULHSGFIN-II,20171124,1170,1186.85,1166,1179.6,2022,1189600
IBULHSGFIN-III,20171124,1177,1189.95,1174,1184,14,18000
ICICIBANK-I,20171124,320.05,321.4,316.75,318.15,6828,75374750
ICICIBANK-II,20171124,320.35,322.3,318,319.25,1416,12479500
ICICIBANK-III,20171124,321.8,322.65,319.55,319.75,12,189750
ICICIPRULI-I,20171124,380.4,382.4,377,379.05,972,6916000
ICICIPRULI-II,20171124,383.95,383.95,379.05,381.1,389,1066000
ICICIPRULI-III,20171124,0,0,0,383.95,0,9100
ICIL-I,20171124,126.75,129.6,124.45,128.7,1360,10419500
ICIL-II,20171124,127,130.1,125.25,129.4,157,458500
ICIL-III,20171124,0,0,0,122.7,0,0
IDBI-I,20171124,61.65,62.7,61.4,62.1,866,20968000
IDBI-II,20171124,62.4,62.9,61.75,62.4,222,4120000
IDBI-III,20171124,62.25,62.25,62.25,62.25,2,160000
IDEA-I,20171124,96.5,97.9,94.1,94.85,5022,59073000
IDEA-II,20171124,97,98.25,94.7,95.35,849,6482000
IDEA-III,20171124,0,0,0,100,1,91000
IDFC-I,20171124,61.05,62,60.9,61.2,1588,131670000
IDFC-II,20171124,61.45,62.3,61.25,61.5,823,23878800
IDFC-III,20171124,0,0,0,61,0,158400
IDFCBANK-I,20171124,54.8,55.45,54.45,54.85,1331,113400000
IDFCBANK-II,20171124,55,55.7,54.85,55.15,965,23580000
IDFCBANK-III,20171124,55.7,55.8,55.3,55.3,6,396000
IFCI-I,20171124,24.7,24.8,24.5,24.7,368,74470000
IFCI-II,20171124,24.85,25,24.7,24.8,197,14696000
IFCI-III,20171124,25.05,25.05,24.85,24.85,7,176000
IGL-I,20171124,306.35,316.55,304.15,313.6,2519,5357000
IGL-II,20171124,307.45,318,306.9,315.5,244,638000
IGL-III,20171124,0,0,0,303.5,0,24750
INDIACEM-I,20171124,175.8,177.9,174,175.75,1861,26512500
INDIACEM-II,20171124,176.7,178.7,175.5,176.65,637,3489500
INDIACEM-III,20171124,0,0,0,172.9,0,24500
INDIANB-I,20171124,414.65,420.9,409.05,412.7,1890,3824000
INDIANB-II,20171124,413.9,422,410.65,414.15,242,360000
INDIANB-III,20171124,416.8,416.8,415.65,415.65,2,28000
INDIGO-I,20171124,1176.35,1189.5,1167,1180.2,904,2170800
INDIGO-II,20171124,1181.7,1193.7,1173.45,1186.55,149,162000
INDIGO-III,20171124,0,0,0,1199,0,1200
INDUSINDBK-I,20171124,1650,1680.75,1648.4,1672.2,8971,5411100
INDUSINDBK-II,20171124,1649.9,1684.65,1649.9,1678.05,2073,1054200
INDUSINDBK-III,20171124,1680,1680,1680,1680,1,2100
INFIBEAM-I,20171124,177.9,178.35,173,176.1,2862,24224000
INFIBEAM-II,20171124,177.95,177.95,175.15,177.55,2609,21500000
INFIBEAM-III,20171124,0,0,0,181.35,0,12000
INFRATEL-I,20171124,379.1,383.1,377.1,381.7,1628,12132900
INFRATEL-II,20171124,382.9,384.8,379.75,383.85,355,858500
INFRATEL-III,20171124,0,0,0,373.25,0,20400
INFY-I,20171124,992.65,1019.2,991.45,1008.9,22905,27517000
INFY-II,20171124,997,1023.55,997,1013.45,6934,10114500
INFY-III,20171124,1005,1024.85,1005,1016.15,74,81000
IOC-I,20171124,394.5,397.9,392.7,396.2,2089,18535500
IOC-II,20171124,396.6,398.85,393.8,397.6,332,1459500
IOC-III,20171124,397.65,397.65,397.45,397.45,4,138000
IRB-I,20171124,230.1,234.55,229.5,232.9,1249,15395000
IRB-II,20171124,231,235.65,230.7,234.1,509,2100000
IRB-III,20171124,0,0,0,234,0,5000
ITC-I,20171124,258.65,261.65,258.1,260.85,5289,71522400
ITC-II,20171124,259.45,262.9,259.4,262.1,1406,10699200
ITC-III,20171124,261.8,264.05,260.7,263.5,20,393600
JETAIRWAYS-I,20171124,664.5,672,652.2,654.95,1582,5878800
JETAIRWAYS-II,20171124,669.4,675.95,654,658.8,183,1176000
JETAIRWAYS-III,20171124,0,0,0,605.25,0,0
JINDALSTEL-I,20171124,171.05,173.9,168.8,172.75,2798,30730500
JINDALSTEL-II,20171124,172.5,174.7,169.85,173.65,445,3253500
JINDALSTEL-III,20171124,0,0,0,176.25,0,58500
JISLJALEQS-I,20171124,112.8,114.45,111.95,113.45,580,43830000
JISLJALEQS-II,20171124,114.35,114.95,113.35,114.1,198,5643000
JISLJALEQS-III,20171124,0,0,0,116.25,0,36000
JPASSOCIAT-I,20171124,18.95,19.05,18.5,18.9,637,162214000
JPASSOCIAT-II,20171124,18.85,19.2,18.8,19.05,207,16558000
JPASSOCIAT-III,20171124,18.85,18.85,18.75,18.75,2,272000
JSWENERGY-I,20171124,83.3,85.25,82.5,84,378,51688500
JSWENERGY-II,20171124,83.5,85.95,83.5,84.45,55,11925500
JSWENERGY-III,20171124,0,0,0,85.05,0,0
JSWSTEEL-I,20171124,266.1,267.9,264.6,265.7,3409,41067000
JSWSTEEL-II,20171124,267.3,269.25,266.15,267.15,1919,11313000
JSWSTEEL-III,20171124,0,0,0,277.25,0,3000
JUBLFOOD-I,20171124,1716.2,1813.85,1706.2,1806.8,9790,1761500
JUBLFOOD-II,20171124,1724,1817.95,1713.15,1810.85,1220,297000
JUBLFOOD-III,20171124,1727.8,1820,1727.8,1817.5,6,8500
JUSTDIAL-I,20171124,525.2,537.9,525.2,534.8,508,2812800
JUSTDIAL-II,20171124,533.05,538.35,530,536.65,47,224400
JUSTDIAL-III,20171124,0,0,0,544.4,0,9800
KAJARIACER-I,20171124,725,736.5,724,729.95,718,1735200
KAJARIACER-II,20171124,734.95,739.6,730.5,734.05,113,155200
KAJARIACER-III,20171124,0,0,0,750.95,0,800
KOTAKBANK-I,20171124,1023.85,1038.85,1022,1033.8,2993,8432000
KOTAKBANK-II,20171124,1029,1042.35,1029,1038.2,426,1172000
KOTAKBANK-III,20171124,0,0,0,1035.2,0,7200
KPIT-I,20171124,177.1,177.8,174.55,176.1,1116,10152000
KPIT-II,20171124,178.3,178.5,175.6,176.95,176,636000
KPIT-III,20171124,0,0,0,139.6,0,0
KSCL-I,20171124,564.55,568.9,558.2,562.05,542,3543000
KSCL-II,20171124,568,571.45,561.7,565.35,236,477000
KSCL-III,20171124,0,0,0,569,0,3000
KTKBANK-I,20171124,160.9,161.55,159.05,159.55,1040,22351600
KTKBANK-II,20171124,161.5,162.2,160.1,160.45,304,2211600
KTKBANK-III,20171124,0,0,0,160.05,0,26600
L&TFH-I,20171124,181.05,182.5,177.75,178.3,3368,43366500
L&TFH-II,20171124,181.8,183.35,178.7,179.3,930,12424500
L&TFH-III,20171124,183.5,183.5,181.5,181.5,3,85500
LICHSGFIN-I,20171124,603.6,606.65,597.65,599,2499,12780900
LICHSGFIN-II,20171124,607.45,608.9,601.15,602.3,847,3846700
LICHSGFIN-III,20171124,604.2,604.2,604.2,604.2,1,12100
LT-I,20171124,1220,1225.4,1215.3,1218.7,3557,13557750
LT-II,20171124,1225,1230.1,1221.75,1224.45,790,1514250
LT-III,20171124,1232.3,1232.3,1227,1227,3,29250
LUPIN-I,20171124,831.2,837.2,830,831.35,4004,10928000
LUPIN-II,20171124,835,841.55,834.2,835.5,1793,2300000
LUPIN-III,20171124,841,843,840.05,840.25,20,128400
M&M-I,20171124,1428,1441.4,1421.55,1435.6,2526,4302000
M&M-II,20171124,1433,1447,1426,1440.85,576,472500
M&M-III,20171124,1435,1445.7,1435,1445.7,2,4500
M&MFIN-I,20171124,438.05,452.6,437.25,448.45,4567,7215000
M&MFIN-II,20171124,442,454.6,440.3,450.4,456,370000
M&MFIN-III,20171124,0,0,0,445.5,0,1250
MANAPPURAM-I,20171124,102,107.5,102,107,5139,37350000
MANAPPURAM-II,20171124,103.65,107.9,103.55,107.6,1276,5562000
MANAPPURAM-III,20171124,106,108,106,108,3,84000
MARICO-I,20171124,305.5,310.5,305.5,309.55,828,6409000
MARICO-II,20171124,307.4,311.75,307.4,311.2,115,304200
MARICO-III,20171124,0,0,0,304.65,0,2600
MARUTI-I,20171124,8495.5,8546.55,8481.9,8511.8,5671,1541625
MARUTI-II,20171124,8537,8584.35,8529.6,8553,1152,192000
MARUTI-III,20171124,8584,8608,8584,8605.7,8,13350
MCDOWELL-N-I,20171124,3278.5,3296.95,3242.1,3266.95,1802,1867500
MCDOWELL-N-II,20171124,3277.35,3311.15,3265.2,3284.2,281,203750
MCDOWELL-N-III,20171124,0,0,0,3296.6,0,3500
MCX-I,20171124,954.35,964.7,948.25,951.25,683,2334000
MCX-II,20171124,957.5,971,954.1,956.6,372,468500
MCX-III,20171124,0,0,0,970,0,2000
MFSL-I,20171124,567.95,571.95,562.15,563.7,500,3810000
MFSL-II,20171124,573,574.9,565.2,567.05,90,144000
MFSL-III,20171124,0,0,0,566.1,0,1000
MGL-I,20171124,1090.05,1113,1086.05,1106.25,986,1180800
MGL-II,20171124,1100.95,1118.8,1093,1111.35,201,213000
MGL-III,20171124,0,0,0,1128,0,2400
MINDTREE-I,20171124,513.4,517.6,509.35,513.45,511,2569200
MINDTREE-II,20171124,517.55,519.55,512.05,515.5,92,315600
MINDTREE-III,20171124,512.6,512.6,512.6,512.6,1,1200
MOTHERSUMI-I,20171124,347.4,348.6,344.25,346.75,2126,13383750
MOTHERSUMI-II,20171124,347,350.2,345.75,348.4,683,3108750
MOTHERSUMI-III,20171124,0,0,0,360,0,1600
MRF-I,20171124,69401.05,69922.95,69400,69513.35,544,52905
MRF-II,20171124,69950,70200,69788.8,69886.95,131,18525
MRF-III,20171124,0,0,0,69696,0,15
MRPL-I,20171124,126.45,127.9,125.65,126.45,752,12280500
MRPL-II,20171124,127.65,128.6,126.45,127.05,275,1089000
MRPL-III,20171124,0,0,0,136.55,0,0
MUTHOOTFIN-I,20171124,456,457.95,450.7,452.5,638,2311500
MUTHOOTFIN-II,20171124,459.9,459.9,452.65,454.25,83,199500
MUTHOOTFIN-III,20171124,0,0,0,494.2,0,0
NATIONALUM-I,20171124,82.65,83.15,81.45,81.85,802,39192000
NATIONALUM-II,20171124,83.05,83.5,82,82.3,191,4408000
NATIONALUM-III,20171124,83.6,83.6,83.6,83.6,1,88000
NBCC-I,20171124,267.35,269.25,264,265.75,723,5679000
NBCC-II,20171124,269.45,270.7,266,267.1,198,999000
NBCC-III,20171124,0,0,0,270,0,9000
NCC-I,20171124,108.9,112.9,108.5,111.25,3092,20848000
NCC-II,20171124,109.7,113.6,109.1,111.75,573,3840000
NCC-III,20171124,113.65,113.65,113.65,113.65,3,32000
NESTLEIND-I,20171124,7650.05,7650.05,7501,7522.95,386,173500
NESTLEIND-II,20171124,7680,7680,7533.35,7561.5,111,14000
NESTLEIND-III,20171124,0,0,0,7740,0,200
NHPC-I,20171124,27,27.25,26.95,27.1,253,50490000
NHPC-II,20171124,27.2,27.45,27.15,27.3,135,9450000
NHPC-III,20171124,0,0,0,27.15,0,513000
NIITTECH-I,20171124,660.75,669,657.95,661,524,841500
NIITTECH-II,20171124,665.6,671.45,662,663.85,48,66000
NIITTECH-III,20171124,0,0,0,666.5,0,1500
NMDC-I,20171124,127.35,128.2,126.3,127.35,923,27744000
NMDC-II,20171124,128,128.9,127,128,282,4116000
NMDC-III,20171124,127.75,128.95,127.75,128.85,4,150000
NTPC-I,20171124,180.2,181.6,179.35,180.85,1345,35556000
NTPC-II,20171124,180.6,181.5,179.25,181.05,306,2432000
NTPC-III,20171124,0,0,0,184.55,0,36000
OFSS-I,20171124,3679.95,3778.4,3679.95,3723.7,417,74100
OFSS-II,20171124,3720.6,3757.9,3720.6,3742.2,9,2100
OFSS-III,20171124,0,0,0,3574.35,0,0
OIL-I,20171124,362.3,368.85,360.3,367.2,514,2558314
OIL-II,20171124,365,368.4,363,367.85,57,237930
OIL-III,20171124,0,0,0,364.9,0,15862
ONGC-I,20171124,181.4,182.4,180.85,181.4,1998,39281250
ONGC-II,20171124,182.5,183.2,181.75,182.35,638,6798750
ONGC-III,20171124,183.45,183.6,182.85,182.9,10,251250
ORIENTBANK-I,20171124,130.2,133.4,129.65,131.85,1883,15444000
ORIENTBANK-II,20171124,131.35,134.15,130.4,132.5,288,3000000
ORIENTBANK-III,20171124,0,0,0,132,0,30000
PAGEIND-I,20171124,22160,22826,22160,22652,308,28350
PAGEIND-II,20171124,22485.4,22800,22402,22606.35,56,3250
PAGEIND-III,20171124,0,0,0,20227.05,0,0
PCJEWELLER-I,20171124,370.05,386.1,368.15,384.6,7199,15444000
PCJEWELLER-II,20171124,370.75,388,370.7,386.2,884,1174500
PCJEWELLER-III,20171124,375,386.85,375,383.6,4,9000
PEL-I,20171124,2599.85,2674.95,2587.9,2663.35,1775,1411500
PEL-II,20171124,2606.25,2687.5,2604,2676.25,589,393900
PEL-III,20171124,0,0,0,2687.5,0,300
PETRONET-I,20171124,254.1,255.7,253.35,253.6,889,14382000
PETRONET-II,20171124,254.95,256.35,254.3,254.6,249,1683000
PETRONET-III,20171124,0,0,0,270.75,0,21000
PFC-I,20171124,128.05,128.75,126.55,127.6,1266,50964000
PFC-II,20171124,129.5,129.5,127.6,128.3,313,4590000
PFC-III,20171124,128.95,128.95,128.8,128.8,3,162000
PIDILITIND-I,20171124,846.05,848.75,840,843.15,357,1286000
PIDILITIND-II,20171124,849.5,851.2,844.9,847,76,85000
PIDILITIND-III,20171124,0,0,0,800.8,0,0
PNB-I,20171124,187.4,189.8,185.4,186.6,5550,39732000
PNB-II,20171124,188.65,190.35,186.3,187.1,574,4504500
PNB-III,20171124,0,0,0,186.9,0,12000
POWERGRID-I,20171124,208.45,211.5,207.95,211,2176,23560000
POWERGRID-II,20171124,209.3,212.05,208.75,211.6,239,1920000
POWERGRID-III,20171124,208.5,208.5,208.5,208.5,1,44000
PTC-I,20171124,120.3,122.35,119.8,121.45,799,17992000
PTC-II,20171124,121,122.8,120.55,122.1,177,2000000
PTC-III,20171124,0,0,0,116,0,40000
PVR-I,20171124,1344,1346.6,1300.2,1305.15,1398,548800
PVR-II,20171124,1348.1,1351.6,1306.25,1312.05,274,58000
PVR-III,20171124,1343,1345,1325,1325,11,3600
RAMCOCEM-I,20171124,720.75,720.75,707.4,711.1,182,597600
RAMCOCEM-II,20171124,716.7,716.7,711.2,714.25,18,48800
RAMCOCEM-III,20171124,0,0,0,734.65,0,0
RAYMOND-I,20171124,979.15,996.35,971.6,980.55,2291,4031200
RAYMOND-II,20171124,979.7,1001,978.95,986.2,365,344000
RAYMOND-III,20171124,0,0,0,978.9,0,1600
RBLBANK-I,20171124,513,527.35,510,514.1,5098,6309000
RBLBANK-II,20171124,515,530.25,514,516.55,1338,1159000
RBLBANK-III,20171124,517,530,517,519,6,9000
RCOM-I,20171124,13.8,14.1,13.4,13.6,722,77868000
RCOM-II,20171124,13.95,13.95,13.55,13.75,269,18984000
RCOM-III,20171124,0,0,0,14.35,0,700000
RECLTD-I,20171124,162.3,164.55,162.15,163.45,1759,32028000
RECLTD-II,20171124,164.5,165.05,163,164.1,461,5802000
RECLTD-III,20171124,163.5,164,163.5,164,2,222000
RELCAPITAL-I,20171124,451.6,456.6,447.45,453.6,4377,10888500
RELCAPITAL-II,20171124,453,458.65,450,455.9,1152,1732500
RELCAPITAL-III,20171124,454.3,454.3,454.3,454.3,1,5250
RELIANCE-I,20171124,952.05,958.75,947.65,952.55,12701,36178000
RELIANCE-II,20171124,953.6,962.55,952,956.75,3004,6552000
RELIANCE-III,20171124,961.2,966,956.65,961.35,85,199000
RELINFRA-I,20171124,450.05,455,447.55,452.4,3314,8801000
RELINFRA-II,20171124,453.35,457.05,450,454.95,632,1480700
RELINFRA-III,20171124,0,0,0,452.3,0,9100
REPCOHOME-I,20171124,623.95,632.8,623.95,630.5,297,888300
REPCOHOME-II,20171124,631.55,635.7,630,634.35,71,80500
REPCOHOME-III,20171124,0,0,0,627.85,0,0
RNAVAL-I,20171124,44.1,44.35,43.25,44.15,137,11430000
RNAVAL-II,20171124,43.9,44.5,43.7,44.45,43,1647000
RNAVAL-III,20171124,0,0,0,42.55,0,54000
RPOWER-I,20171124,38,38.6,38,38.45,681,54468000
RPOWER-II,20171124,38.35,38.8,38.3,38.6,389,11808000
RPOWER-III,20171124,0,0,0,38.45,0,611000
SAIL-I,20171124,82.9,83.6,81.7,82.65,2384,68100000
SAIL-II,20171124,83.4,83.9,82.2,83.05,509,13932000
SAIL-III,20171124,83.8,83.8,83.15,83.4,3,288000
SBIN-I,20171124,336.75,337.75,332.55,333.25,10638,62814000
SBIN-II,20171124,337.65,339.2,334.25,334.9,1494,9744000
SBIN-III,20171124,338.7,340.4,336,336.35,22,336000
SHREECEM-I,20171124,17255.7,17349.85,17100.6,17118.95,220,47700
SHREECEM-II,20171124,17278.35,17421.55,17187.3,17212.3,60,4750
SHREECEM-III,20171124,0,0,0,19463.85,0,0
SIEMENS-I,20171124,1192.5,1203.9,1175,1192.35,2967,999000
SIEMENS-II,20171124,1197.8,1206.3,1181.65,1198.75,446,137500
SIEMENS-III,20171124,0,0,0,1219.3,0,500
SOUTHBANK-I,20171124,31.4,31.7,31.3,31.55,1037,165042180
SOUTHBANK-II,20171124,31.55,31.85,31.5,31.7,168,15410565
SOUTHBANK-III,20171124,31.9,32,31.9,32,2,463974
SREINFRA-I,20171124,101.35,104.2,101.15,103.3,545,12200000
SREINFRA-II,20171124,102.2,104.9,101.75,103.85,154,1375000
SREINFRA-III,20171124,0,0,0,100.1,0,5000
SRF-I,20171124,1865.05,1890.25,1844.6,1851.3,3386,912500
SRF-II,20171124,1867.6,1899.35,1855,1861.5,368,146500
SRF-III,20171124,0,0,0,1668.6,0,0
SRTRANSFIN-I,20171124,1244.95,1250.1,1234.75,1241.45,863,2842200
SRTRANSFIN-II,20171124,1254.8,1255.35,1242.5,1248,163,146400
SRTRANSFIN-III,20171124,0,0,0,1269.4,0,1200
STAR-I,20171124,819.9,828.95,819.9,823.45,1050,4456000
STAR-II,20171124,825,833.8,825,828.3,358,396500
STAR-III,20171124,833,833,833,833,1,6000
SUNPHARMA-I,20171124,542.5,552,533.65,550.15,13843,35522400
SUNPHARMA-II,20171124,550.55,554.6,545.7,552.6,4257,10380800
SUNPHARMA-III,20171124,551,556,549.25,554.7,18,88000
SUNTV-I,20171124,882.05,885.5,873.6,878.3,3268,4913000
SUNTV-II,20171124,883.8,889.65,878.45,882.8,703,1703000
SUNTV-III,20171124,890,890,885.4,885.4,2,5000
SUZLON-I,20171124,13.85,14.25,13.85,14.2,2334,406410000
SUZLON-II,20171124,14,14.35,13.9,14.3,813,70290000
SUZLON-III,20171124,14.25,14.4,14.25,14.4,23,5075000
SYNDIBANK-I,20171124,92.3,95.75,92.15,94.65,5056,22446000
SYNDIBANK-II,20171124,93,96.2,92.8,95.1,719,4572000
SYNDIBANK-III,20171124,96,96.05,95.6,95.6,4,135000
TATACHEM-I,20171124,739.2,746.45,739.2,742.05,1256,6691500
TATACHEM-II,20171124,745.25,749.65,744.15,745.85,458,894000
TATACHEM-III,20171124,0,0,0,739.9,0,1500
TATACOMM-I,20171124,695.4,701.8,692.05,694.5,1323,7431900
TATACOMM-II,20171124,701.2,705.35,696.1,698.35,466,1032500
TATACOMM-III,20171124,0,0,0,705.65,0,3200
TATAELXSI-I,20171124,955.6,964.95,948.4,954.35,2014,2013600
TATAELXSI-II,20171124,961,969.45,954.95,959.9,223,250400
TATAELXSI-III,20171124,0,0,0,959.8,0,7200
TATAGLOBAL-I,20171124,276.1,280.55,275.55,279.5,5315,22441500
TATAGLOBAL-II,20171124,277.5,281.9,277.05,280.85,750,7978500
TATAGLOBAL-III,20171124,280.05,281.15,277.3,277.3,8,58500
TATAMOTORS-I,20171124,426.7,431.4,425,425.95,9375,59673000
TATAMOTORS-II,20171124,430,433.15,427.3,427.95,2321,10170000
TATAMOTORS-III,20171124,432.75,434,430,430,11,229500
TATAMTRDVR-I,20171124,244.25,245.15,240.35,240.9,1643,23402400
TATAMTRDVR-II,20171124,245.85,246.3,241.75,242.2,663,3563700
TATAMTRDVR-III,20171124,0,0,0,246.5,0,15000
TATAPOWER-I,20171124,93.25,94.65,92.85,94.1,1820,41949000
TATAPOWER-II,20171124,93.45,95.1,93.35,94.4,591,9747000
TATAPOWER-III,20171124,94.85,94.85,94.85,94.85,1,72000
TATASTEEL-I,20171124,711.95,713.2,703.8,708.55,8434,23737000
TATASTEEL-II,20171124,715,715.05,707.1,712.3,2289,3467000
TATASTEEL-III,20171124,715,715.5,711.95,714.65,17,128000
TCS-I,20171124,2692.9,2710.75,2680.05,2696.8,3109,6654000
TCS-II,20171124,2697.2,2721.6,2694,2707.5,567,481750
TCS-III,20171124,2700.05,2704.05,2700,2704.05,3,8000
TECHM-I,20171124,493.05,499.65,490.7,495.25,2430,11353100
TECHM-II,20171124,495,501.5,494.25,497.95,367,577500
TECHM-III,20171124,0,0,0,499,0,2400
TITAN-I,20171124,810.95,832.1,798.8,830,7099,6222000
TITAN-II,20171124,810.7,835.45,802.4,833.3,655,853500
TITAN-III,20171124,809,838.45,809,838.25,4,15000
TORNTPHARM-I,20171124,1273.05,1289.1,1273.05,1280.15,295,576400
TORNTPHARM-II,20171124,1285,1290.55,1281.35,1286.1,36,28400
TORNTPHARM-III,20171124,0,0,0,1268.05,0,0
TORNTPOWER-I,20171124,270.45,274.3,270,272.5,1128,5730000
TORNTPOWER-II,20171124,272.2,275.95,271.6,274.25,192,915000
TORNTPOWER-III,20171124,0,0,0,273.15,0,21000
TV18BRDCST-I,20171124,45.9,50.65,45.75,50.5,3003,68612000
TV18BRDCST-II,20171124,46.5,50.85,46.5,50.8,793,14195000
TV18BRDCST-III,20171124,0,0,0,46.3,0,17000
TVSMOTOR-I,20171124,738.8,742.7,736.15,739.1,3324,5079000
TVSMOTOR-II,20171124,736.8,740.7,735,737.8,534,1019000
TVSMOTOR-III,20171124,738.1,738.1,736.45,736.45,6,17000
UBL-I,20171124,1079,1104.15,1079,1088.4,961,1760500
UBL-II,20171124,1091.75,1110,1089.1,1094.15,116,126700
UBL-III,20171124,0,0,0,1110,0,700
UJJIVAN-I,20171124,406.9,417.85,404,414.95,6020,8058000
UJJIVAN-II,20171124,409,419.7,406.8,417.2,914,762000
UJJIVAN-III,20171124,0,0,0,407.7,0,14400
ULTRACEMCO-I,20171124,4191.1,4249,4191.1,4240.8,2105,1115000
ULTRACEMCO-II,20171124,4232.95,4266,4220.35,4258.95,749,196000
ULTRACEMCO-III,20171124,0,0,0,4555.35,0,0
UNIONBANK-I,20171124,167.7,169.8,167.05,167.7,1849,14032000
UNIONBANK-II,20171124,168.2,170.35,168,168.45,199,1708000
UNIONBANK-III,20171124,0,0,0,168.8,0,28000
UPL-I,20171124,751.9,756.05,743.5,745.6,2501,12032400
UPL-II,20171124,753.35,760,747.5,749.45,631,1311600
UPL-III,20171124,759,759,759,759,1,4800
VEDL-I,20171124,309.95,310.6,305.3,306.7,8431,39359250
VEDL-II,20171124,310.45,312,305.95,308.15,2050,6534500
VEDL-III,20171124,308.35,310,308.35,309.2,7,136500
VGUARD-I,20171124,232.15,240.95,232.1,238.9,2706,3309000
VGUARD-II,20171124,233.8,241.7,233.8,239.7,249,390000
VGUARD-III,20171124,242,242,242,242,1,6000
VOLTAS-I,20171124,625,630.55,619.7,624.75,1532,2877000
VOLTAS-II,20171124,622,630.4,620.25,625.5,239,394000
VOLTAS-III,20171124,0,0,0,629,0,16000
WIPRO-I,20171124,293.75,293.9,291.3,293,1140,30597600
WIPRO-II,20171124,294,294.65,292.3,293.95,326,5676000
WIPRO-III,20171124,0,0,0,297.35,0,4800
WOCKPHARMA-I,20171124,718.05,724.85,705.05,709.85,606,2891200
WOCKPHARMA-II,20171124,720.55,727.25,710.55,713.2,141,312800
WOCKPHARMA-III,20171124,0,0,0,703,0,2700
YESBANK-I,20171124,315.95,316.3,312.5,313.05,8111,52431750
YESBANK-II,20171124,316.95,317.8,314.05,314.55,2639,10270750
YESBANK-III,20171124,318.35,318.35,315.55,316.75,17,350000
ZEEL-I,20171124,562.3,571,557.2,565.5,3797,6552000
ZEEL-II,20171124,563,573.3,560,567.75,517,718900
ZEEL-III,20171124,570,570,570,570,1,2600
