BANKNIFTY-I,20181121,26050,26409.7,26050,26332.3,167148,1663680
BANKNIFTY-II,20181121,26202.45,26476.95,26184.15,26415.7,7126,294600
BANKNIFTY-III,20181121,26302.05,26540.65,26263.2,26484.5,147,8240
NIFTY-I,20181121,10671.15,10684.2,10577,10621.6,157071,23409075
NIFTY-II,20181121,10706,10722.15,10615.15,10660.65,13799,2029350
NIFTY-III,20181121,10728.05,10764.6,10662.2,10702.8,706,146625
NIFTYIT-I,20181121,14266,14266,13850,13908,504,24350
NIFTYIT-II,20181121,14105,14105,13876,13995,44,2100
NIFTYIT-III,20181121,0,0,0,14357,0,0
NIFTYMID50-I,20181121,4670,4847,4670,4741.85,4,694870
NIFTYMID50-II,20181121,0,0,0,4819.75,0,0
ACC-I,20181121,1478,1510.2,1465.45,1501.85,3433,1126000
ACC-II,20181121,1486.35,1511.05,1473.65,1507.8,120,46800
ACC-III,20181121,0,0,0,1360.2,0,400
ADANIENT-I,20181121,161.15,162.25,158.5,161.75,1972,21500000
ADANIENT-II,20181121,164.8,165.05,159.55,162.5,136,6844000
ADANIENT-III,20181121,162.5,164.2,161.25,163.75,1087,16500000
ADANIPORTS-I,20181121,355.65,362.75,352.8,361.6,3654,17142500
ADANIPORTS-II,20181121,355.55,364.05,354.4,363.15,369,1067500
ADANIPORTS-III,20181121,364.6,364.6,364.6,364.6,1,2500
ADANIPOWER-I,20181121,47.3,47.75,46.15,46.6,3301,105140000
ADANIPOWER-II,20181121,47,47.7,46.6,46.95,2960,59240000
ADANIPOWER-III,20181121,0,0,0,50,0,0
AJANTPHARM-I,20181121,1096.15,1158.45,1096.15,1149.9,1965,706000
AJANTPHARM-II,20181121,1110.05,1160,1103.35,1153.3,131,39500
AJANTPHARM-III,20181121,0,0,0,1135,0,2500
ALBK-I,20181121,44.95,45.6,44.45,45.2,1449,15950000
ALBK-II,20181121,44.8,45.15,44.35,44.85,298,5841000
ALBK-III,20181121,0,0,0,42.3,0,39000
AMARAJABAT-I,20181121,722.1,732.6,714.6,727.95,1336,1236900
AMARAJABAT-II,20181121,723.35,726.95,711.9,722.65,143,140700
AMARAJABAT-III,20181121,725.15,725.15,725.15,725.15,1,2100
AMBUJACEM-I,20181121,212.6,218.85,212.6,218.35,1597,14795000
AMBUJACEM-II,20181121,217.15,219.6,215.6,219.4,69,210000
AMBUJACEM-III,20181121,0,0,0,212.3,0,2500
APOLLOHOSP-I,20181121,1203.25,1227.8,1203.25,1218.55,1562,1537000
APOLLOHOSP-II,20181121,1211,1225,1211,1218.7,80,52000
APOLLOHOSP-III,20181121,1220.7,1220.7,1220.7,1220.7,1,500
APOLLOTYRE-I,20181121,227.65,231.85,225.5,226.35,4962,10713000
APOLLOTYRE-II,20181121,229.8,232.6,226.5,227,406,831000
APOLLOTYRE-III,20181121,233,233,228.4,228.4,3,9000
ARVIND-I,20181121,321.35,321.95,313.75,319.75,3087,7262000
ARVIND-II,20181121,321.5,321.65,314.3,319.8,276,714000
ARVIND-III,20181121,316.5,320,315.1,320,4,30000
ASHOKLEY-I,20181121,107.7,111.15,107.3,110.45,10655,59900000
ASHOKLEY-II,20181121,108.6,111.5,107.9,110.85,2078,9836000
ASHOKLEY-III,20181121,109.35,111.8,108.5,111.6,46,652000
ASIANPAINT-I,20181121,1331.25,1344.75,1315.55,1325.8,4111,5210400
ASIANPAINT-II,20181121,1340.05,1349,1321,1330.9,196,187800
ASIANPAINT-III,20181121,1323.8,1323.8,1323.8,1323.8,1,600
AUROPHARMA-I,20181121,779,806.8,779,803.15,7865,17326000
AUROPHARMA-II,20181121,786.35,810.7,786.35,806.9,489,540000
AUROPHARMA-III,20181121,796,800,796,800,2,9000
AXISBANK-I,20181121,613,629.7,611,627.7,16014,31197600
AXISBANK-II,20181121,615.6,632.35,614.85,630.7,1482,3350400
AXISBANK-III,20181121,625,635,625,633.2,15,54000
BAJAJ-AUTO-I,20181121,2668.7,2671.8,2595.1,2612.6,3093,2235000
BAJAJ-AUTO-II,20181121,2661,2665.9,2607.2,2623.55,476,125250
BAJAJ-AUTO-III,20181121,2639,2639,2630.4,2630.4,2,1250
BAJAJFINSV-I,20181121,5690,5872,5690,5858.95,3119,620375
BAJAJFINSV-II,20181121,5740,5896.85,5740,5886.9,118,17875
BAJAJFINSV-III,20181121,0,0,0,5476.85,0,0
BAJFINANCE-I,20181121,2384.1,2441.7,2364,2436.55,17066,6491750
BAJFINANCE-II,20181121,2397.6,2452.45,2374.1,2447.9,1386,379250
BAJFINANCE-III,20181121,2416.4,2460.7,2390,2450.55,9,8250
BALKRISIND-I,20181121,965,971.8,946.7,954.1,2657,2458400
BALKRISIND-II,20181121,970,976,952,958.25,289,172800
BALKRISIND-III,20181121,961.5,961.5,961.5,961.5,1,1600
BANKBARODA-I,20181121,110.9,113.7,110.6,112.1,8701,64732000
BANKBARODA-II,20181121,111.95,114.2,111.45,112.65,1084,8816000
BANKBARODA-III,20181121,112.5,114.3,112.5,113.8,11,116000
BANKINDIA-I,20181121,86.25,89.25,86.1,87.75,4084,20874000
BANKINDIA-II,20181121,86.45,89.5,86.45,88.1,335,3870000
BANKINDIA-III,20181121,89.55,89.95,89.55,89.95,2,114000
BATAINDIA-I,20181121,987.65,992,967.25,976.9,3201,1645050
BATAINDIA-II,20181121,992,993,972.45,981.25,101,62150
BATAINDIA-III,20181121,970.9,970.9,970.9,970.9,1,1100
BEL-I,20181121,92.95,95,91.95,94.25,1619,20468250
BEL-II,20181121,92.2,94.55,91.6,93.7,470,3796650
BEL-III,20181121,93.5,93.5,93.5,93.5,1,246000
BEML-I,20181121,757.9,767,745.6,748.25,4784,1345000
BEML-II,20181121,764.4,768.25,749.4,750.8,328,120500
BEML-III,20181121,0,0,0,765,0,0
BERGEPAINT-I,20181121,327.4,327.4,315.8,317.65,1472,2362800
BERGEPAINT-II,20181121,320.75,322.15,312.3,313.85,172,679800
BERGEPAINT-III,20181121,0,0,0,296.9,0,0
BHARATFIN-I,20181121,963.65,971.1,952.85,963.3,2044,6699500
BHARATFIN-II,20181121,967.85,969.1,957.8,967.5,70,158500
BHARATFIN-III,20181121,0,0,0,981.9,0,500
BHARATFORG-I,20181121,577,585,569.25,582.3,2536,7770000
BHARATFORG-II,20181121,574.1,587.05,572.5,584.85,397,324000
BHARATFORG-III,20181121,0,0,0,587.05,0,1200
BHARTIARTL-I,20181121,330.15,339.5,330.15,332.5,6647,41755400
BHARTIARTL-II,20181121,333.8,340.55,332.75,334.2,495,2211700
BHARTIARTL-III,20181121,339.1,339.1,334.95,335.15,6,108800
BHEL-I,20181121,67.2,67.2,65.85,66.5,1889,50610000
BHEL-II,20181121,67.1,67.15,66,66.6,598,8962500
BHEL-III,20181121,67.4,67.4,66.5,66.6,5,390000
BIOCON-I,20181121,607.1,632.7,606.55,629.9,5530,5296500
BIOCON-II,20181121,615,635.3,614.3,632.7,726,749700
BIOCON-III,20181121,636.5,636.5,636.45,636.45,2,25200
BOSCHLTD-I,20181121,18650.7,19089.95,18457,18811.7,1238,153960
BOSCHLTD-II,20181121,18810,19150,18610,18864.35,94,4380
BOSCHLTD-III,20181121,0,0,0,19418.95,0,0
BPCL-I,20181121,339.95,342.4,325.5,327.05,9044,12533400
BPCL-II,20181121,339.55,343.5,326.9,328.1,503,709200
BPCL-III,20181121,332.25,338.9,327.95,327.95,71,178200
BRITANNIA-I,20181121,5930.9,6044,5917.25,6014.7,1702,1439900
BRITANNIA-II,20181121,5960,6062.55,5960,6039.65,85,20000
BRITANNIA-III,20181121,0,0,0,5417.3,0,0
CADILAHC-I,20181121,356.5,361.15,353.05,359.15,1002,8460800
CADILAHC-II,20181121,359.6,362.7,355.3,361.2,128,320000
CADILAHC-III,20181121,0,0,0,357.95,0,1600
CANBK-I,20181121,258,265.75,257.1,263.35,7740,11284000
CANBK-II,20181121,259.2,266.55,258.8,264.35,755,1068000
CANBK-III,20181121,264.9,264.9,264.9,264.9,1,36000
CANFINHOME-I,20181121,257.65,268.75,256.1,264.8,1211,3760000
CANFINHOME-II,20181121,259.85,269.75,259.2,266.2,142,223750
CANFINHOME-III,20181121,0,0,0,260.7,0,14400
CAPF-I,20181121,485.7,498.6,481.75,497.6,2157,5976800
CAPF-II,20181121,486.4,501,485.05,500.25,479,732000
CAPF-III,20181121,0,0,0,485,0,1800
CASTROLIND-I,20181121,155.05,155.5,152.3,153.5,824,7985600
CASTROLIND-II,20181121,153,154.05,152.3,153,171,988400
CASTROLIND-III,20181121,153.6,153.6,153.6,153.6,1,30600
CEATLTD-I,20181121,1271.05,1274.8,1253.65,1263.25,2709,884100
CEATLTD-II,20181121,1274.8,1276.5,1256.95,1264.4,117,45150
CEATLTD-III,20181121,0,0,0,1265,0,1600
CENTURYTEX-I,20181121,895.15,918.8,894,916.85,3240,4650250
CENTURYTEX-II,20181121,898.6,922.5,898.6,920.5,213,122650
CENTURYTEX-III,20181121,0,0,0,792.6,0,0
CESC-I,20181121,683.25,696.45,679.85,692.45,1244,1508650
CESC-II,20181121,685.8,698.2,685.7,695.9,130,90750
CESC-III,20181121,0,0,0,688,0,1100
CGPOWER-I,20181121,38,39.7,37.3,39.15,1146,46140000
CGPOWER-II,20181121,38.35,39.8,37.65,39.4,200,3804000
CGPOWER-III,20181121,39.75,39.75,39.75,39.75,2,60000
CHENNPETRO-I,20181121,264.5,271.7,260.2,261.55,641,1090500
CHENNPETRO-II,20181121,272.7,272.7,261.75,263.2,62,138000
CHENNPETRO-III,20181121,0,0,0,263.25,0,0
CHOLAFIN-I,20181121,1273.95,1293,1265,1286.05,768,588000
CHOLAFIN-II,20181121,1276,1290,1270,1285.85,25,37500
CHOLAFIN-III,20181121,1284.6,1284.6,1284.6,1284.6,1,500
CIPLA-I,20181121,523.45,529.1,522.15,523.85,3180,10349000
CIPLA-II,20181121,527,530.05,524.3,526,211,651000
CIPLA-III,20181121,530.25,530.65,530.25,530.65,2,20000
COALINDIA-I,20181121,261.6,262.8,260,260.7,3258,20948400
COALINDIA-II,20181121,260.3,261.45,257.25,257.85,1387,4316400
COALINDIA-III,20181121,260.85,260.95,257.6,257.75,37,202400
COLPAL-I,20181121,1157.05,1164.4,1151.95,1158.15,833,1523200
COLPAL-II,20181121,1159.55,1164.9,1156.1,1161.9,31,32200
COLPAL-III,20181121,0,0,0,1134.85,0,0
CONCOR-I,20181121,685.85,687.4,673,677.8,619,2953750
CONCOR-II,20181121,687.45,688,675,680,17,40000
CONCOR-III,20181121,0,0,0,561.35,0,0
CUMMINSIND-I,20181121,787.05,794.75,780,788.45,672,1365700
CUMMINSIND-II,20181121,784,792.65,782.1,790.4,10,16800
CUMMINSIND-III,20181121,0,0,0,791.8,0,700
DABUR-I,20181121,396.7,403.2,395.95,400.55,1989,11856250
DABUR-II,20181121,401.25,404.55,400,402.55,302,437500
DABUR-III,20181121,0,0,0,406.7,0,0
DALMIABHA-I,20181121,2241.15,2359,2237.05,2341.7,1787,458700
DALMIABHA-II,20181121,2278.4,2360,2255,2341.5,556,161100
DALMIABHA-III,20181121,0,0,0,2157.45,0,0
DCBBANK-I,20181121,157.05,159.95,156.5,159.15,296,4797000
DCBBANK-II,20181121,156.95,158.55,155.95,157.5,47,508500
DCBBANK-III,20181121,0,0,0,159.1,0,31500
DHFL-I,20181121,223.4,235.6,219.95,231.15,6175,21909000
DHFL-II,20181121,223,230,216.2,227.15,637,3202500
DHFL-III,20181121,216.15,218.5,216.15,218.5,3,135000
DISHTV-I,20181121,37.8,39.2,37.8,38.95,1106,42928000
DISHTV-II,20181121,38.1,39.3,38.1,39.1,168,5368000
DISHTV-III,20181121,0,0,0,39,0,32000
DIVISLAB-I,20181121,1528,1552.65,1528,1542.45,2499,2504000
DIVISLAB-II,20181121,1543.7,1550,1528.15,1540.95,148,190800
DIVISLAB-III,20181121,0,0,0,1545,0,4000
DLF-I,20181121,174.25,183.8,173.55,182.75,9732,26702500
DLF-II,20181121,174.5,184.15,174.5,183.55,594,1265000
DLF-III,20181121,182.7,182.7,182.7,182.7,1,28600
DRREDDY-I,20181121,2611.1,2654.95,2577.45,2600.1,23484,3168750
DRREDDY-II,20181121,2621.4,2665.65,2590,2610.9,1819,670750
DRREDDY-III,20181121,2663.9,2663.9,2615,2627.95,11,2250
EICHERMOT-I,20181121,24775.95,24789.5,24022.75,24308.45,4492,246200
EICHERMOT-II,20181121,24665,24665,24140,24402.2,331,10325
EICHERMOT-III,20181121,0,0,0,25000,0,75
ENGINERSIN-I,20181121,118,119.75,115.5,119.2,838,6030500
ENGINERSIN-II,20181121,118.5,120.05,116,119.85,189,889000
ENGINERSIN-III,20181121,0,0,0,114.55,0,0
EQUITAS-I,20181121,108.35,109.75,106.3,108.7,1006,13668000
EQUITAS-II,20181121,108.6,109.6,106.8,108.7,59,416000
EQUITAS-III,20181121,107,107,107,107,1,44000
ESCORTS-I,20181121,664.25,668.7,653.2,662.9,3568,4092000
ESCORTS-II,20181121,662,671.45,656.7,666.25,278,295900
ESCORTS-III,20181121,0,0,0,675,0,3300
EXIDEIND-I,20181121,238.5,251.55,238.5,250.7,3498,7064000
EXIDEIND-II,20181121,239.7,251.6,239.7,250.95,280,494000
EXIDEIND-III,20181121,0,0,0,252.6,0,6000
FEDERALBNK-I,20181121,80.2,83.5,79.75,83.2,4285,47591500
FEDERALBNK-II,20181121,80.6,83.75,80.2,83.5,544,4510000
FEDERALBNK-III,20181121,81,83.95,81,83.95,3,175000
GAIL-I,20181121,343.8,346.6,341,345,2343,22304121
GAIL-II,20181121,346.75,347.5,341.85,345.15,484,1125474
GAIL-III,20181121,341.95,343.2,341.95,343.2,2,90678
GLENMARK-I,20181121,637.3,649.65,636.3,643.15,1421,4197000
GLENMARK-II,20181121,642.55,651.75,640,645.55,179,309000
GLENMARK-III,20181121,0,0,0,641.35,0,5000
GMRINFRA-I,20181121,16.15,17.1,16.15,16.5,1514,161730000
GMRINFRA-II,20181121,16.4,17.2,16.4,16.6,317,21690000
GMRINFRA-III,20181121,0,0,0,16.3,0,180000
GODFRYPHLP-I,20181121,855.1,859.4,842,850.45,208,527100
GODFRYPHLP-II,20181121,854.6,860.15,850.6,854.55,31,30800
GODFRYPHLP-III,20181121,0,0,0,733.45,0,0
GODREJCP-I,20181121,707.25,714.05,698.95,711.1,1097,5531400
GODREJCP-II,20181121,715,715.9,702.4,714.15,162,116400
GODREJCP-III,20181121,0,0,0,716.05,0,0
GODREJIND-I,20181121,528.2,531.3,514.8,524.65,834,2032500
GODREJIND-II,20181121,532.4,532.4,519.05,527.4,54,117000
GODREJIND-III,20181121,0,0,0,458.15,0,0
GRANULES-I,20181121,98.7,99.4,94.55,95.45,1259,11285000
GRASIM-I,20181121,841.2,867,841,864,3756,7954500
GRASIM-II,20181121,846.05,871,846,868.05,167,351750
GRASIM-III,20181121,0,0,0,857.5,0,7500
GSFC-I,20181121,104.85,107.9,102.8,107.05,995,15588000
GSFC-II,20181121,105.45,108.2,103.55,107.3,252,1431000
GSFC-III,20181121,105.65,106.2,105.5,106.2,5,51700
HAVELLS-I,20181121,681,682,666.55,672.05,2171,4875000
HAVELLS-II,20181121,682.75,683,670,675,103,214000
HAVELLS-III,20181121,0,0,0,684.45,0,1000
HCC-I,20181121,12.4,12.7,11.85,12,430,18016574
HCLTECH-I,20181121,1002.25,1014.55,982.55,987.55,2669,7734300
HCLTECH-II,20181121,1009.35,1009.35,986.05,991.6,508,393400
HCLTECH-III,20181121,996,997,996,997,11,7700
HDFC-I,20181121,1878.25,1894.5,1868.9,1872.8,6354,22559000
HDFC-II,20181121,1882.05,1902.95,1876.7,1880.85,2446,1721000
HDFC-III,20181121,0,0,0,1895.55,0,6000
HDFCBANK-I,20181121,2014.95,2029.8,2007.05,2025.6,15194,12803250
HDFCBANK-II,20181121,2016.4,2033.8,2012.6,2030.45,1613,1232500
HDFCBANK-III,20181121,2025,2037,2021.1,2035.1,35,15250
HEROMOTOCO-I,20181121,2960.05,2962,2897.1,2914,3241,1295400
HEROMOTOCO-II,20181121,2967,2967,2910.05,2925.35,198,58400
HEROMOTOCO-III,20181121,0,0,0,2930,0,800
HEXAWARE-I,20181121,308.3,309.2,300.65,304.1,2049,5040000
HEXAWARE-II,20181121,309.75,309.75,302.5,305.5,227,303000
HEXAWARE-III,20181121,0,0,0,315.5,0,4500
HINDALCO-I,20181121,220.3,225.35,217.6,223.3,8984,33960500
HINDALCO-II,20181121,222,226.25,218.75,224.45,746,2408000
HINDALCO-III,20181121,220.5,225.75,220.5,225.35,6,45500
HINDPETRO-I,20181121,251,261.6,245.55,246.75,10891,19323675
HINDPETRO-II,20181121,256.75,262,246.7,247.8,818,1330875
HINDPETRO-III,20181121,258.1,258.1,247.5,248,22,77700
HINDUNILVR-I,20181121,1704,1709.8,1683,1694.65,3343,7515000
HINDUNILVR-II,20181121,1707.45,1716.4,1690.95,1701.85,504,488400
HINDUNILVR-III,20181121,0,0,0,1739.95,0,7800
HINDZINC-I,20181121,264.5,267.2,263.35,266.15,638,5926400
HINDZINC-II,20181121,263.75,266,263.75,264.9,82,544000
HINDZINC-III,20181121,0,0,0,267.2,0,3200
IBULHSGFIN-I,20181121,719.95,721.95,695.55,707.7,19182,20355000
IBULHSGFIN-II,20181121,723.1,724.2,698.7,710.2,3938,4003000
IBULHSGFIN-III,20181121,719,719,705,714.5,22,24500
ICICIBANK-I,20181121,357.25,361.35,353.5,357.7,20374,91203750
ICICIBANK-II,20181121,358.65,362.65,355,359.2,2777,15210250
ICICIBANK-III,20181121,360.4,363.7,358.3,363.7,15,162250
ICICIPRULI-I,20181121,322.05,323.05,319.25,321.45,677,3857100
ICICIPRULI-II,20181121,324.05,324.4,321.05,323.2,92,236600
ICICIPRULI-III,20181121,0,0,0,324.2,0,0
IDBI-I,20181121,60.45,60.85,60.15,60.5,519,37800000
IDBI-II,20181121,60.65,61.05,60.45,60.8,121,2350000
IDBI-III,20181121,0,0,0,60.95,0,90000
IDEA-I,20181121,42.5,45.6,42.2,44.55,7512,122528000
IDEA-II,20181121,43,45.75,42.5,44.8,778,8904000
IDEA-III,20181121,45,45.65,45,45,7,408000
IDFC-I,20181121,38.25,39,38,38.85,683,101072400
IDFC-II,20181121,38.5,39.2,38.3,39.1,288,8580000
IDFC-III,20181121,39,39,39,39,2,277200
IDFCBANK-I,20181121,35.7,36.5,35.2,36.4,2748,106931000
IDFCBANK-II,20181121,35.7,36.7,35.45,36.6,979,20152000
IDFCBANK-III,20181121,35.8,36.7,35.7,36.7,20,912000
IFCI-I,20181121,13.9,14.1,13.7,13.85,314,41875000
IFCI-II,20181121,14.05,14.2,13.8,13.9,224,11650000
IFCI-III,20181121,0,0,0,14.2,0,140000
IGL-I,20181121,267.95,268.9,262.9,266.15,907,4474250
IGL-II,20181121,268.8,268.8,264.1,266.9,85,363000
IGL-III,20181121,0,0,0,282,0,5500
INDIACEM-I,20181121,92.5,94.5,91.4,94.05,2669,17531500
INDIACEM-II,20181121,92.45,94.8,92,94.45,383,1253000
INDIACEM-III,20181121,0,0,0,95,0,13500
INDIANB-I,20181121,227.65,235.75,226.85,232.1,2273,5502000
INDIANB-II,20181121,228.75,236.15,228.65,232.7,408,626000
INDIANB-III,20181121,0,0,0,230,0,0
INDIGO-I,20181121,1064,1083.1,1046,1051.05,3891,4547400
INDIGO-II,20181121,1072.1,1083,1048.9,1052.6,122,117000
INDIGO-III,20181121,0,0,0,1040,0,0
INDUSINDBK-I,20181121,1560.4,1570.5,1540.3,1551.55,6956,5333400
INDUSINDBK-II,20181121,1572.6,1572.65,1543.9,1555.85,573,460200
INDUSINDBK-III,20181121,1568,1568,1547,1550,143,51600
INFIBEAM-I,20181121,46.6,49.35,46.35,47.85,1938,13504000
INFIBEAM-II,20181121,47,48.5,45.9,47.1,218,2092000
INFIBEAM-III,20181121,0,0,0,50.05,0,28000
INFRATEL-I,20181121,261.1,261.15,257.2,259.55,819,7531000
INFRATEL-II,20181121,261.85,261.85,258.45,260.2,69,119000
INFRATEL-III,20181121,0,0,0,270.4,0,0
INFY-I,20181121,637,637,613.3,620.8,13622,38160000
INFY-II,20181121,637.5,638.8,616.3,623.65,3591,5431200
INFY-III,20181121,632.85,632.85,620,626,38,70800
IOC-I,20181121,144.25,148.8,141.1,141.6,8749,29058000
IOC-II,20181121,142.95,147.4,139.5,140,2173,9414000
IOC-III,20181121,145.4,145.4,141.05,141.1,11,248500
IRB-I,20181121,135.7,144.95,135.7,142.85,2079,11732500
IRB-II,20181121,138.3,145.2,137.55,143.35,120,505000
IRB-III,20181121,0,0,0,148,0,3200
ITC-I,20181121,283.35,285.4,280.7,282.1,5670,68868000
ITC-II,20181121,284,286.6,282.05,283.6,1127,6223200
ITC-III,20181121,286.5,286.5,284.5,284.5,3,28800
JETAIRWAYS-I,20181121,316,329.8,294,299.2,5679,5011200
JETAIRWAYS-II,20181121,307.7,316.85,284.55,289.85,481,1084800
JETAIRWAYS-III,20181121,308.7,310,283.55,283.55,10,28600
JINDALSTEL-I,20181121,170.15,172.15,165.2,170.85,7836,22929750
JINDALSTEL-II,20181121,172,172.9,166.25,171.8,738,1336500
JINDALSTEL-III,20181121,173.2,173.2,167.95,170.45,4,67500
JISLJALEQS-I,20181121,70.2,71.85,69.55,71.65,902,30816000
JISLJALEQS-II,20181121,70.25,72.2,69.75,71.9,109,1233000
JISLJALEQS-III,20181121,70.3,70.3,70.3,70.3,1,18000
JPASSOCIAT-I,20181121,6.7,7.25,6.7,7.2,1727,108392000
JPASSOCIAT-II,20181121,6.75,7.25,6.75,7.2,443,23732000
JPASSOCIAT-III,20181121,7.3,7.3,7.3,7.3,1,715000
JSWSTEEL-I,20181121,328.95,329.8,323.25,327,6500,48070500
JSWSTEEL-II,20181121,329.05,331,325,328.5,471,1680000
JSWSTEEL-III,20181121,0,0,0,326.65,1,4500
JUBLFOOD-I,20181121,1212.85,1226,1192.55,1218.95,5322,2598500
JUBLFOOD-II,20181121,1213.8,1229,1198,1218.35,253,218500
JUBLFOOD-III,20181121,1201,1201,1201,1201,1,4000
JUSTDIAL-I,20181121,519,519,500.8,505.55,2787,1953000
JUSTDIAL-II,20181121,506.65,506.65,496.7,499.65,206,204400
JUSTDIAL-III,20181121,0,0,0,456.9,0,0
KAJARIACER-I,20181121,447,453.9,445.5,450.7,505,1880000
KAJARIACER-II,20181121,447.95,454,447.35,450.15,84,96000
KAJARIACER-III,20181121,0,0,0,368.7,0,0
KOTAKBANK-I,20181121,1165.6,1186.95,1165.6,1179.6,5064,9592800
KOTAKBANK-II,20181121,1176.7,1189,1176.7,1183.35,490,1717600
KOTAKBANK-III,20181121,0,0,0,1175.7,0,3200
KPIT-I,20181121,205.35,209.3,197.4,207.4,2498,7044750
KPIT-II,20181121,203.5,210.4,198.9,208.9,139,240750
KPIT-III,20181121,0,0,0,214.85,0,0
KSCL-I,20181121,499.6,511.9,499.6,505.2,423,1140000
KSCL-II,20181121,497,499.45,492,493.1,112,357000
KSCL-III,20181121,0,0,0,485.55,1,1500
KTKBANK-I,20181121,103.5,105.25,102.5,104.6,928,14935500
KTKBANK-II,20181121,103.8,105.45,103.75,105.1,214,1714500
KTKBANK-III,20181121,105.45,105.45,105.45,105.45,1,18800
L&TFH-I,20181121,132.05,137.4,131.2,136.75,4004,22162500
L&TFH-II,20181121,133.35,138,132,137.5,398,2214000
L&TFH-III,20181121,132.85,136,132.85,136,2,36000
LICHSGFIN-I,20181121,454.1,472.4,454.1,468.5,5055,9447900
LICHSGFIN-II,20181121,461.75,474.25,461.75,471.55,382,454300
LICHSGFIN-III,20181121,472.5,472.5,472.5,472.5,1,4400
LT-I,20181121,1412.75,1416.65,1397,1405.5,5117,9546000
LT-II,20181121,1418.05,1421.15,1401.6,1411.35,455,449625
LT-III,20181121,1403.2,1420,1403.2,1420,2,10500
LUPIN-I,20181121,845.2,859.7,845.2,852,3711,8242500
LUPIN-II,20181121,859.6,862.8,851.75,855.8,435,556500
LUPIN-III,20181121,860.1,865.7,860,860,3,11200
M&M-I,20181121,788.05,788.05,766.8,771.35,3407,13335000
M&M-II,20181121,787.7,788.2,770.1,774.25,469,626000
M&M-III,20181121,783.95,783.95,776,778.15,5,8000
M&MFIN-I,20181121,425.35,433.15,423.2,431.6,1549,8482500
M&MFIN-II,20181121,426,435,425.4,433,280,371250
M&MFIN-III,20181121,0,0,0,407,0,3750
MANAPPURAM-I,20181121,84.5,85.7,83.25,85.35,564,12966000
MANAPPURAM-II,20181121,85.05,86,83.7,85.8,66,732000
MANAPPURAM-III,20181121,84.4,84.4,84.4,84.4,1,18000
MARICO-I,20181121,348.55,354.4,348.55,352.8,510,8260200
MARICO-II,20181121,354.2,354.4,353,353.95,84,306800
MARICO-III,20181121,0,0,0,303.6,0,0
MARUTI-I,20181121,7374.15,7475,7340.1,7430.35,13407,2183925
MARUTI-II,20181121,7409.85,7515,7378,7468.75,1050,146175
MARUTI-III,20181121,7441.55,7543,7440,7505.15,16,5250
MCDOWELL-N-I,20181121,629.95,647.4,623.7,637.35,2987,9795000
MCDOWELL-N-II,20181121,632.5,649.9,629.5,640.9,304,355000
MCDOWELL-N-III,20181121,0,0,0,656.95,0,7500
MCX-I,20181121,709.05,713,701,708.2,962,3244500
MCX-II,20181121,711,714.5,705,710.8,188,133700
MCX-III,20181121,0,0,0,713.15,0,1400
MFSL-I,20181121,443.95,443.95,417.3,428.35,607,2288400
MFSL-II,20181121,422,434.7,421,430,31,40800
MFSL-III,20181121,0,0,0,380.55,0,0
MGL-I,20181121,861.2,869,856,859.55,846,1317000
MGL-II,20181121,868.35,872.2,860.75,863.2,86,54000
MGL-III,20181121,0,0,0,840,0,0
MINDTREE-I,20181121,832.15,835.95,804.15,831.2,5445,2897400
MINDTREE-II,20181121,825,838.5,808.6,833.9,129,68400
MINDTREE-III,20181121,826.15,826.15,826.15,826.15,1,1200
MOTHERSUMI-I,20181121,152.55,153.1,150.3,151.4,1762,30084000
MOTHERSUMI-II,20181121,152.1,152.9,150.4,151.7,425,2599200
MOTHERSUMI-III,20181121,153,153,153,153,1,65550
MRF-I,20181121,66320.1,67700,66248.95,67506.5,1495,26160
MRF-II,20181121,66800,67937.05,66604.25,67737.65,239,1910
MRF-III,20181121,0,0,0,64370.6,0,120
MRPL-I,20181121,78.1,78.7,74.05,76.4,1529,3312000
MRPL-II,20181121,78.45,78.5,74.55,76.6,179,594000
MRPL-III,20181121,0,0,0,84.95,0,0
MUTHOOTFIN-I,20181121,452.95,456.9,447.25,454.35,799,1810500
MUTHOOTFIN-II,20181121,448.75,448.75,442.35,446.9,13,99000
MUTHOOTFIN-III,20181121,0,0,0,396.9,0,0
NATIONALUM-I,20181121,65.75,67.1,65.3,66.5,1400,25896000
NATIONALUM-II,20181121,66.75,67.1,65.35,66.5,231,4392000
NATIONALUM-III,20181121,66,67.15,65.4,67.15,8,160000
NBCC-I,20181121,58.7,59.8,58.25,58.6,1321,23268000
NBCC-II,20181121,59.15,59.4,58,58.4,434,4638000
NBCC-III,20181121,59.1,59.1,58.5,58.8,3,120000
NCC-I,20181121,86.65,89.5,86.3,89,2346,49696000
NCC-II,20181121,87.45,89.85,86.7,89.3,228,2736000
NCC-III,20181121,88.6,89.65,88.6,89.65,2,32000
NESTLEIND-I,20181121,10270.05,10358,10198.3,10257.7,576,304600
NESTLEIND-II,20181121,10328,10364.4,10240,10293.45,84,14050
NESTLEIND-III,20181121,0,0,0,9732.3,0,0
NHPC-I,20181121,25.95,25.95,25.55,25.65,223,19170000
NHPC-II,20181121,25.9,25.95,25.65,25.75,76,5832000
NHPC-III,20181121,0,0,0,26.35,0,162000
NIITTECH-I,20181121,1115.05,1116.85,1078.35,1088.95,2702,1588500
NIITTECH-II,20181121,1112,1112,1085,1091.75,566,267000
NIITTECH-III,20181121,1094.75,1094.75,1094.75,1094.75,1,750
NMDC-I,20181121,97.65,99.25,97,98.3,1135,19692000
NMDC-II,20181121,98.1,99.15,97.15,98.6,432,3834000
NMDC-III,20181121,97.9,97.9,97.9,97.9,1,162000
NTPC-I,20181121,147.8,149.7,147.25,147.75,4170,32108000
NTPC-II,20181121,147.35,148.7,145.55,146.2,1787,9276000
NTPC-III,20181121,148,148.1,145.5,146.2,13,132000
OFSS-I,20181121,3401.55,3440,3394.5,3411.4,319,194100
OFSS-II,20181121,3440.5,3440.5,3416.6,3425.9,9,1800
OFSS-III,20181121,0,0,0,3635.3,0,150
OIL-I,20181121,202.75,203.5,196.8,197.7,517,3772890
OIL-II,20181121,200.45,200.45,193.1,194.35,121,615219
OIL-III,20181121,0,0,0,201.05,0,33990
ONGC-I,20181121,153.45,154.8,151.35,151.8,3234,33960000
ONGC-II,20181121,153.1,153.95,149.8,150.2,1313,9378750
ONGC-III,20181121,153.85,153.85,150.2,150.3,13,360000
ORIENTBANK-I,20181121,87.45,91.5,86.9,88.85,2616,9894000
ORIENTBANK-II,20181121,87.15,91.35,87.15,88.85,286,2136000
ORIENTBANK-III,20181121,90.6,91.3,90.6,91.3,2,119000
PAGEIND-I,20181121,27116.3,28034.9,27116.3,27889.65,2104,131975
PAGEIND-II,20181121,27224.25,27958.1,27204.05,27784.65,356,13325
PAGEIND-III,20181121,0,0,0,25440,0,25
PCJEWELLER-I,20181121,76,82.35,75.55,79.15,3361,8890500
PCJEWELLER-II,20181121,74.9,80.5,74.9,78.4,215,1303500
PCJEWELLER-III,20181121,0,0,0,74.7,0,71500
PEL-I,20181121,2292,2315.45,2221,2261.65,2916,2977418
PEL-II,20181121,2313.9,2324.8,2240.1,2270.45,207,44394
PEL-III,20181121,2320.9,2320.9,2320.9,2320.9,1,302
PETRONET-I,20181121,216.3,216.7,213.75,214.7,513,12411000
PETRONET-II,20181121,216.15,216.35,215,215.7,100,438000
PETRONET-III,20181121,216.15,216.15,216.15,216.15,1,60000
PFC-I,20181121,102.4,105.45,101.6,104.25,2945,26022000
PFC-II,20181121,102.4,104.75,101,103.55,539,4368000
PFC-III,20181121,101.4,104.45,101.4,104.45,3,105400
PIDILITIND-I,20181121,1133,1153.65,1132.35,1149.05,3278,3555500
PIDILITIND-II,20181121,1133.25,1150.1,1133.25,1145.7,654,437000
PIDILITIND-III,20181121,0,0,0,952.6,0,0
PNB-I,20181121,71.5,73.2,71.05,72.9,6016,95694500
PNB-II,20181121,71.7,73.5,71.45,73.3,980,12639000
PNB-III,20181121,71.95,73.75,71.9,73.6,10,553000
POWERGRID-I,20181121,187.5,187.9,182,182.65,1961,37656000
POWERGRID-II,20181121,187.4,187.8,182.6,183.25,238,1256000
POWERGRID-III,20181121,184.2,184.2,183.1,183.1,2,20000
PTC-I,20181121,80.2,81.5,79.55,80.85,302,8760000
PTC-II,20181121,80,81.75,80,81.2,89,920000
PTC-III,20181121,0,0,0,81.2,0,24000
PVR-I,20181121,1417,1426.4,1390,1419.4,885,1093200
PVR-II,20181121,1421,1430,1398,1426.65,182,111200
PVR-III,20181121,0,0,0,1310.2,0,0
RAMCOCEM-I,20181121,632,634.95,617,631.4,508,730400
RAMCOCEM-II,20181121,631.9,635.75,618.4,632.15,102,63200
RAMCOCEM-III,20181121,0,0,0,582.75,0,0
RAYMOND-I,20181121,793.1,810.65,792.1,803.8,3198,3749600
RAYMOND-II,20181121,800,813.8,798,808.35,172,117600
RAYMOND-III,20181121,0,0,0,801,0,800
RBLBANK-I,20181121,552.2,561,549.5,554.85,2291,6469200
RBLBANK-II,20181121,554.85,557.15,547,552.65,352,1134000
RBLBANK-III,20181121,548.1,548.1,548.1,548.1,1,7200
RCOM-I,20181121,13.6,13.9,13.5,13.8,894,71904000
RCOM-II,20181121,13.65,13.95,13.6,13.9,304,13440000
RCOM-III,20181121,13.3,13.3,13.3,13.3,1,204000
RECLTD-I,20181121,122.85,125.75,122.05,124.6,2932,31422000
RECLTD-II,20181121,122.7,125.3,121.4,124.25,653,7914000
RECLTD-III,20181121,124,125,124,125,3,60000
RELCAPITAL-I,20181121,242.65,247.2,241.75,243.1,4702,10425000
RELCAPITAL-II,20181121,244.85,248,243.25,244.35,929,1729500
RELCAPITAL-III,20181121,246.3,246.3,246.3,246.3,1,106500
RELIANCE-I,20181121,1138,1145.75,1108.1,1114.7,30372,40609500
RELIANCE-II,20181121,1145,1150.8,1114,1120.1,4427,3409000
RELIANCE-III,20181121,1156.35,1157.2,1121.9,1125.55,57,88000
RELINFRA-I,20181121,358.7,369.55,356.75,363.95,7386,6327100
RELINFRA-II,20181121,359.7,371,358.7,365.45,392,500500
RELINFRA-III,20181121,364.95,365,364.95,365,2,55900
REPCOHOME-I,20181121,390.05,404.3,389.25,400.7,856,549900
REPCOHOME-II,20181121,391.7,399,382.6,396.15,148,168300
REPCOHOME-III,20181121,0,0,0,347.7,0,0
RPOWER-I,20181121,30.6,31.4,30.3,31.15,915,34268000
RPOWER-II,20181121,30.8,31.6,30.65,31.35,209,9659000
RPOWER-III,20181121,30.8,31.5,30.8,31.5,5,832000
SAIL-I,20181121,62.1,62.45,61.35,62.1,3196,74460000
SAIL-II,20181121,62.55,62.7,61.7,62.45,484,10224000
SAIL-III,20181121,62.5,62.5,62.4,62.8,5,228000
SBIN-I,20181121,283.6,289.9,283.05,287.2,15365,89571000
SBIN-II,20181121,285.05,291.05,284.85,288.45,1911,8646000
SBIN-III,20181121,287.9,292,287.85,292,8,195000
SHREECEM-I,20181121,15990,16121.15,15655,15998.1,860,104450
SHREECEM-II,20181121,15952.9,16040.25,15775,16040.25,24,3350
SHREECEM-III,20181121,0,0,0,13805.4,0,0
SIEMENS-I,20181121,924.65,932,908.2,915.45,2385,2439000
SIEMENS-II,20181121,925.05,925.15,907.9,914.05,339,238500
SIEMENS-III,20181121,912,912,912,912,1,5500
SOUTHBANK-I,20181121,14.2,14.75,14.2,14.6,714,121329201
SOUTHBANK-II,20181121,14.35,14.85,14.35,14.7,125,12991272
SOUTHBANK-III,20181121,14.7,14.9,14.7,14.8,3,1159935
SREINFRA-I,20181121,31.9,34.1,31.9,33.75,816,11907000
SREINFRA-II,20181121,32.1,34.55,32.1,33.75,201,3248000
SREINFRA-III,20181121,32.55,32.55,32.55,32.55,1,12000
SRF-I,20181121,2088,2128.8,2073.15,2114.55,1872,521000
SRF-II,20181121,2108.85,2134.95,2081.55,2126.75,137,46000
SRF-III,20181121,0,0,0,2093,0,500
SRTRANSFIN-I,20181121,1192,1211,1164.5,1187.55,3760,3604800
SRTRANSFIN-II,20181121,1213.4,1213.4,1172.25,1193.95,115,132000
SRTRANSFIN-III,20181121,0,0,0,1240,0,600
STAR-I,20181121,464.8,473.55,456.35,459.15,2445,3186400
STAR-II,20181121,464,476,459.7,461.5,266,210400
STAR-III,20181121,0,0,0,402.5,0,0
SUNPHARMA-I,20181121,526.5,536.4,526.5,532.45,8872,32012200
SUNPHARMA-II,20181121,531.1,539,529.85,534.9,1402,2424400
SUNPHARMA-III,20181121,537.95,540.95,534.1,540.95,12,77000
SUNTV-I,20181121,612.15,629.9,609.85,622.4,3676,7796000
SUNTV-II,20181121,614.55,630.65,613.25,625.3,227,312000
SUNTV-III,20181121,621,621,621,621,1,6000
SUZLON-I,20181121,5.5,5.65,5.45,5.6,740,266535000
SUZLON-II,20181121,5.55,5.7,5.5,5.6,371,55845000
SUZLON-III,20181121,5.7,5.7,5.6,5.6,2,3724000
SYNDIBANK-I,20181121,35.25,35.9,35.15,35.75,700,19494000
SYNDIBANK-II,20181121,35.5,36.05,35.35,35.9,222,4617000
SYNDIBANK-III,20181121,0,0,0,36,0,15000
TATACHEM-I,20181121,685.65,693.85,679.7,687.25,1923,2553750
TATACHEM-II,20181121,688.6,696.5,682.1,689.6,128,174750
TATACHEM-III,20181121,0,0,0,680.1,0,0
TATACOMM-I,20181121,533.95,538.2,526.3,534.9,408,2632800
TATACOMM-II,20181121,529,538.3,529,537.35,27,72000
TATACOMM-III,20181121,0,0,0,459,0,0
TATAELXSI-I,20181121,982.4,984,958.35,974.5,3767,1486800
TATAELXSI-II,20181121,988,990.05,963.4,980.4,394,158000
TATAELXSI-III,20181121,976.5,978.35,976.5,978.35,2,2800
TATAGLOBAL-I,20181121,214.25,220.8,214.25,219.75,1406,9967500
TATAGLOBAL-II,20181121,216.9,221.75,216.9,220.65,128,468000
TATAGLOBAL-III,20181121,0,0,0,210,0,2250
TATAMOTORS-I,20181121,183.45,187.2,183.3,184.05,10193,55197000
TATAMOTORS-II,20181121,185,187.9,184.45,185,1869,7324500
TATAMOTORS-III,20181121,186.3,188.45,185.4,186,25,294000
TATAMTRDVR-I,20181121,100.25,101.5,99.65,100.3,1420,24715600
TATAMTRDVR-II,20181121,100.85,101.9,100.15,100.7,488,2161600
TATAMTRDVR-III,20181121,101.45,101.45,101.45,101.45,1,79800
TATAPOWER-I,20181121,78.2,79.1,76.85,78,1371,46323000
TATAPOWER-II,20181121,78.15,79.3,77.45,78.3,177,2430000
TATAPOWER-III,20181121,0,0,0,77.75,0,27000
TATASTEEL-I,20181121,561.25,563.4,550.7,553.1,17216,35356764
TATASTEEL-II,20181121,564.4,564.7,553.4,555.5,3373,3772916
TATASTEEL-III,20181121,565.1,565.6,557.15,557.85,60,54111
TCS-I,20181121,1870,1870,1803,1816.4,15237,10366250
TCS-II,20181121,1877.5,1877.5,1811.15,1825.1,3573,996500
TCS-III,20181121,1856.75,1858.2,1817.05,1832.7,97,19250
TECHM-I,20181121,707.2,708.6,685.8,692.45,4822,11510400
TECHM-II,20181121,709.15,710,689.05,695.6,351,427200
TECHM-III,20181121,705,705,699.45,699.45,7,9600
TITAN-I,20181121,917.2,931,911.75,928.75,4845,12576000
TITAN-II,20181121,922.35,935,916.05,933.05,687,1030500
TITAN-III,20181121,937,937,937,937,1,8250
TORNTPHARM-I,20181121,1640,1649,1614.55,1638.25,876,373000
TORNTPHARM-II,20181121,1641.1,1650.05,1625,1641.7,36,20000
TORNTPHARM-III,20181121,0,0,0,1611.15,0,0
TORNTPOWER-I,20181121,261,266.45,259.05,262.65,495,3207000
TORNTPOWER-II,20181121,261,265.65,261,263.1,21,93000
TORNTPOWER-III,20181121,0,0,0,229.2,0,0
TV18BRDCST-I,20181121,36.65,36.9,36.25,36.4,999,44370000
TV18BRDCST-II,20181121,37,37,36.5,36.65,642,6341000
TV18BRDCST-III,20181121,37,37,37,37,3,39000
TVSMOTOR-I,20181121,532.6,545.95,532.6,543.75,1907,7070000
TVSMOTOR-II,20181121,532,541.55,530.8,539.25,355,452000
TVSMOTOR-III,20181121,0,0,0,529.75,0,0
UBL-I,20181121,1296.3,1322.95,1280.1,1317.9,1836,1863400
UBL-II,20181121,1300,1329,1287.15,1323.3,193,123900
UBL-III,20181121,0,0,0,1327,0,1400
UJJIVAN-I,20181121,215.1,222.5,215.1,221.35,1241,4028800
UJJIVAN-II,20181121,218.5,223.25,218,221.85,121,262400
UJJIVAN-III,20181121,0,0,0,224.5,0,0
ULTRACEMCO-I,20181121,3963.45,4057.9,3940,4045.25,2886,2383000
ULTRACEMCO-II,20181121,3965,4060.95,3950.1,4049.2,410,225000
ULTRACEMCO-III,20181121,3970.85,4049.6,3970.85,4049.6,5,21600
UNIONBANK-I,20181121,80.3,83.3,79.7,82.3,3172,37356000
UNIONBANK-II,20181121,80.3,83.65,80.3,82.7,239,2862000
UNIONBANK-III,20181121,0,0,0,81.7,0,133000
UPL-I,20181121,769.6,786,761,780.9,6828,14965200
UPL-II,20181121,766.9,789.7,766.9,783.85,1451,1786800
UPL-III,20181121,790,790.45,790,790.45,2,8400
VEDL-I,20181121,205.75,205.75,200.5,202.25,13094,34272000
VEDL-II,20181121,203.55,205.2,201.6,203.15,2012,3872750
VEDL-III,20181121,205,205.75,203.5,204.45,12,94300
VGUARD-I,20181121,193.8,194.75,189.45,190.9,552,3099000
VGUARD-II,20181121,190.15,190.2,184.55,185.9,162,705000
VGUARD-III,20181121,0,0,0,175,0,3000
VOLTAS-I,20181121,546,562.65,546,559.95,2537,6464000
VOLTAS-II,20181121,545,554,543.35,552.5,582,1076000
VOLTAS-III,20181121,542.15,546.5,542.15,546.5,3,12000
WIPRO-I,20181121,320.9,321.1,313.35,314.2,2344,26659200
WIPRO-II,20181121,319.65,320.3,315.5,316.05,158,379200
WIPRO-III,20181121,0,0,0,325.05,0,0
WOCKPHARMA-I,20181121,521,555,514.65,531.55,7291,3191400
WOCKPHARMA-II,20181121,521.15,556.1,521.15,533.65,470,222300
WOCKPHARMA-III,20181121,0,0,0,536.55,0,900
YESBANK-I,20181121,196.2,201.15,194.8,198.35,28308,123831750
YESBANK-II,20181121,197.45,202,195.7,199.15,4449,16899750
YESBANK-III,20181121,198.7,202.5,197.25,200.2,166,768250
ZEEL-I,20181121,449.15,450.25,437.35,440.2,4142,11681800
ZEEL-II,20181121,451.75,451.85,439,441.9,432,642200
ZEEL-III,20181121,0,0,0,441.25,0,0
