BANKNIFTY-I,20180205,26094.95,26317.35,25903.3,26196,80977,1983560
BANKNIFTY-II,20180205,26131.1,26363.3,26040.75,26245.7,1151,60280
BANKNIFTY-III,20180205,26219.85,26407.9,26067.95,26298.15,87,4160
FTSE100-I,20180205,0,0,0,7503,0,0
FTSE100-II,20180205,0,0,0,7912,0,0
FTSE100-III,20180205,0,0,0,7832,0,0
FTSE100-IIII,20180205,0,0,0,7982,0,0
FTSE100-IIIII,20180205,0,0,0,7867,0,0
FTSE100-IIIIII,20180205,0,0,0,7947,0,0
NIFTY-I,20180205,10629,10722,10606,10684.6,178159,21903075
NIFTY-II,20180205,10650,10745,10627.05,10705.7,7825,870750
NIFTY-III,20180205,10595.35,10770,10595.3,10730.2,1208,86850
NIFTYCPSE-I,20180205,0,0,0,2661.05,0,0
NIFTYCPSE-II,20180205,0,0,0,2729.2,0,0
NIFTYCPSE-III,20180205,0,0,0,2827.05,0,0
NIFTYINFRA-I,20180205,0,0,0,3569.3,0,0
NIFTYINFRA-II,20180205,0,0,0,3662.6,0,0
NIFTYINFRA-III,20180205,0,0,0,3716.6,0,0
NIFTYIT-I,20180205,12911,13127,12870,12951,324,36750
NIFTYIT-II,20180205,0,0,0,11682,0,0
NIFTYIT-III,20180205,0,0,0,12916,0,50
NIFTYMID50-I,20180205,4912,4999,4860,4999,26,527400
NIFTYMID50-II,20180205,0,0,0,5588,0,0
NIFTYMID50-III,20180205,0,0,0,5562.4,0,0
NIFTYPSE-I,20180205,0,0,0,4297,0,0
NIFTYPSE-II,20180205,0,0,0,4378.2,0,0
NIFTYPSE-III,20180205,0,0,0,4380.6,0,0
ACC-I,20180205,1648,1660,1617,1650.15,3083,1511600
ACC-II,20180205,1626.85,1655.25,1624.95,1653.65,22,12400
ACC-III,20180205,0,0,0,1750,0,0
ADANIENT-I,20180205,185.5,201.6,184.4,200.45,5938,15720000
ADANIENT-II,20180205,188,202.75,187,202.05,92,324000
ADANIENT-III,20180205,198.3,198.3,198.3,198.3,1,4000
ADANIPORTS-I,20180205,410.35,414.6,407.55,410.15,2473,10972500
ADANIPORTS-II,20180205,410.3,416.05,410.3,412.6,41,197500
ADANIPORTS-III,20180205,0,0,0,434.75,0,2500
ADANIPOWER-I,20180205,31.8,33.55,30.2,32.95,2391,109480000
ADANIPOWER-II,20180205,31.5,33.55,31.5,33.05,93,2120000
ADANIPOWER-III,20180205,33.85,33.85,33.85,33.85,1,80000
AJANTPHARM-I,20180205,1342.05,1356.85,1301,1317.4,1290,905000
AJANTPHARM-II,20180205,1361.35,1361.45,1294.95,1324.3,64,17000
AJANTPHARM-III,20180205,0,0,0,1518.9,0,0
ALBK-I,20180205,60.4,61.75,59.5,60.8,1155,19100000
ALBK-II,20180205,60.7,61.9,59.8,61.15,79,760000
ALBK-III,20180205,0,0,0,63.9,0,20000
AMARAJABAT-I,20180205,752,787.95,738.6,782.1,1289,1722000
AMARAJABAT-II,20180205,770,789,742.05,786.3,39,30100
AMARAJABAT-III,20180205,0,0,0,856.25,0,0
AMBUJACEM-I,20180205,254.3,260.4,251.45,259.6,2628,12012500
AMBUJACEM-II,20180205,253.65,260.85,252.15,259.35,23,77500
AMBUJACEM-III,20180205,0,0,0,267.55,0,0
ANDHRABANK-I,20180205,48.2,49.55,47.5,48.95,1220,26040000
ANDHRABANK-II,20180205,48.2,49.85,47.9,49.3,74,1370000
ANDHRABANK-III,20180205,0,0,0,50.2,0,40000
APOLLOHOSP-I,20180205,1136.7,1154,1112.95,1120.7,934,796000
APOLLOHOSP-II,20180205,1152.1,1152.1,1117,1117.8,4,11000
APOLLOHOSP-III,20180205,0,0,0,1153.15,0,0
APOLLOTYRE-I,20180205,242.4,255.75,237.5,253.2,3156,10485000
APOLLOTYRE-II,20180205,243.6,255.95,243.35,254.7,23,132000
APOLLOTYRE-III,20180205,0,0,0,263.7,0,3000
ARVIND-I,20180205,372,390,367.2,388.1,3594,6362000
ARVIND-II,20180205,372.35,391,372.2,391,36,138000
ARVIND-III,20180205,387,387,387,387,1,6000
ASHOKLEY-I,20180205,119.3,130.3,118.1,129.75,11127,55342000
ASHOKLEY-II,20180205,119.05,130.95,119,130.4,252,1568000
ASHOKLEY-III,20180205,128.05,131.05,128.05,131,14,91000
ASIANPAINT-I,20180205,1128.65,1138,1116,1134.7,1920,3931800
ASIANPAINT-II,20180205,1136,1140,1122.1,1139.85,49,43200
ASIANPAINT-III,20180205,0,0,0,1157.6,0,600
AUROPHARMA-I,20180205,596.65,618.5,586.55,616.05,7657,23712000
AUROPHARMA-II,20180205,598.05,621.25,592.3,619.4,271,305600
AUROPHARMA-III,20180205,607.5,607.5,607.5,607.5,1,4000
AXISBANK-I,20180205,566,570.7,549.95,568.5,11379,47481600
AXISBANK-II,20180205,553.4,572.5,552.4,571.3,473,768000
AXISBANK-III,20180205,564.6,570,564.6,570,2,8400
BAJAJ-AUTO-I,20180205,3188.05,3233.3,3145.05,3175.65,5775,1951000
BAJAJ-AUTO-II,20180205,3187.2,3217.25,3173,3190.1,45,14000
BAJAJ-AUTO-III,20180205,0,0,0,3368.5,0,0
BAJAJFINSV-I,20180205,4900,4993,4781.15,4928.35,1992,776500
BAJAJFINSV-II,20180205,4979.9,4979.9,4890,4964.2,10,5375
BAJAJFINSV-III,20180205,0,0,0,5017.65,0,0
BAJFINANCE-I,20180205,1625.9,1632,1553.55,1611.65,7283,5990500
BAJFINANCE-II,20180205,1575.75,1641.85,1575.75,1620.55,101,63500
BAJFINANCE-III,20180205,0,0,0,1724,0,2500
BALKRISIND-I,20180205,1062.1,1085,1018,1072.85,983,1203200
BALKRISIND-II,20180205,1060,1084,1029.5,1078.95,14,13600
BALKRISIND-III,20180205,0,0,0,1128.2,0,1600
BALRAMCHIN-I,20180205,109,119.5,106.1,116.4,2933,18406500
BALRAMCHIN-II,20180205,109.95,120,109.25,116.65,92,759500
BALRAMCHIN-III,20180205,117,117,117,117,1,115500
BANKBARODA-I,20180205,151,158.9,149.1,157.8,7877,49596000
BANKBARODA-II,20180205,150.4,159.5,150.3,158.4,204,828000
BANKBARODA-III,20180205,151,159.8,151,159.45,5,36000
BANKINDIA-I,20180205,142.25,150.35,141.55,147.95,2858,18600000
BANKINDIA-II,20180205,143.15,150.25,143.15,147.85,28,264000
BANKINDIA-III,20180205,0,0,0,155,0,6000
BATAINDIA-I,20180205,666.2,697.5,663.5,695.85,1687,2402400
BATAINDIA-II,20180205,671.4,691.3,671.4,691.3,12,25300
BATAINDIA-III,20180205,0,0,0,706.9,0,1100
BEL-I,20180205,147.45,150.5,145.2,148.55,4097,29754450
BEL-II,20180205,148.5,151.1,145.05,149.25,180,772200
BEL-III,20180205,146,150.35,144.55,150,7,44550
BEML-I,20180205,1248.8,1286.25,1183.7,1268.3,3827,2139900
BEML-II,20180205,1225.15,1290.85,1195,1274.3,65,19200
BEML-III,20180205,0,0,0,1315,0,600
BERGEPAINT-I,20180205,242.95,243.35,235.2,242.8,348,1601600
BERGEPAINT-II,20180205,0,0,0,243.75,0,4400
BERGEPAINT-III,20180205,0,0,0,257.5,0,0
BHARATFIN-I,20180205,1027.55,1035,1006,1025.25,2060,6952000
BHARATFIN-II,20180205,1032.25,1038.75,1015,1031.15,25,51000
BHARATFIN-III,20180205,0,0,0,1040.55,0,0
BHARATFORG-I,20180205,676.4,721.45,675,717.55,3805,6946800
BHARATFORG-II,20180205,683.15,722.3,682.2,718.85,53,63600
BHARATFORG-III,20180205,0,0,0,733.55,0,0
BHARTIARTL-I,20180205,417,446.9,412.25,440.8,14068,47734300
BHARTIARTL-II,20180205,416.45,448.2,414.85,442.7,667,666400
BHARTIARTL-III,20180205,436.5,447.5,436.5,446.25,3,520200
BHEL-I,20180205,91.15,94.65,88.5,94.1,3283,42982500
BHEL-II,20180205,90.2,94.9,88.7,94.65,110,922500
BHEL-III,20180205,89.85,93.95,89.85,93.95,7,135000
BIOCON-I,20180205,589.95,610.7,566.3,607.15,4048,7068600
BIOCON-II,20180205,578,608.5,575,608.05,105,226800
BIOCON-III,20180205,590.2,599.8,587.05,599.8,5,10800
BOSCHLTD-I,20180205,19390.3,19950,19222,19899.4,4017,137125
BOSCHLTD-II,20180205,19859.7,19950,19370,19930,25,600
BOSCHLTD-III,20180205,0,0,0,19979.25,0,0
BPCL-I,20180205,460.8,472.75,453.2,467.6,2894,7952400
BPCL-II,20180205,455,467,445.4,462.15,73,457200
BPCL-III,20180205,465,465,465,465,3,7200
BRITANNIA-I,20180205,4702.05,4705,4601.5,4636.4,1159,799600
BRITANNIA-II,20180205,4724.15,4724.15,4644.05,4670.65,13,4000
BRITANNIA-III,20180205,0,0,0,4704.9,0,0
CADILAHC-I,20180205,404.15,412.45,399.95,409.1,884,6241600
CADILAHC-II,20180205,405,411.1,402.05,409.7,24,86400
CADILAHC-III,20180205,0,0,0,425.35,0,0
CANBK-I,20180205,302.9,320.5,298.85,318.5,8644,12310400
CANBK-II,20180205,300.4,321.3,300.4,319.55,136,206400
CANBK-III,20180205,315,315,315,315,1,4800
CANFINHOME-I,20180205,415.8,463.8,400.95,461.15,4289,6138750
CANFINHOME-II,20180205,417.65,456.35,417.65,456.35,48,85000
CANFINHOME-III,20180205,459.75,459.75,459.75,459.75,2,1250
CAPF-I,20180205,657.8,692.65,655.65,684.9,2230,6799200
CAPF-II,20180205,665.5,694,661.2,688.4,28,73600
CAPF-III,20180205,0,0,0,771.6,0,0
CASTROLIND-I,20180205,177.55,182.4,172.95,181.55,1564,18804800
CASTROLIND-II,20180205,174.5,183,174.5,183,27,170800
CASTROLIND-III,20180205,0,0,0,184,0,2800
CEATLTD-I,20180205,1587.3,1652.7,1582,1625.85,4716,1215550
CEATLTD-II,20180205,1605,1660,1600.65,1635.1,62,18900
CEATLTD-III,20180205,0,0,0,1649,0,5950
CENTURYTEX-I,20180205,1242.25,1280.95,1188.6,1253.95,9071,6730900
CENTURYTEX-II,20180205,1246.15,1282,1201.65,1257.7,52,18700
CENTURYTEX-III,20180205,0,0,0,1350.7,0,550
CESC-I,20180205,981.15,1011.95,976.85,1005.95,2782,6305200
CESC-II,20180205,989.3,1013.2,985.25,1003.6,132,335500
CESC-III,20180205,0,0,0,1068.3,0,1650
CGPOWER-I,20180205,84.05,86.55,83,85.9,598,22524000
CGPOWER-II,20180205,85.2,86.55,85.2,85.4,6,192000
CGPOWER-III,20180205,0,0,0,87.15,0,12000
CHENNPETRO-I,20180205,375.05,390.5,369.65,378.25,696,2994000
CHENNPETRO-II,20180205,376.4,383.45,376.4,380.25,11,21000
CHENNPETRO-III,20180205,389.95,389.95,389.95,389.95,1,1500
CHOLAFIN-I,20180205,1223.15,1276.85,1208.65,1267.5,639,764500
CHOLAFIN-II,20180205,0,0,0,1274.75,0,9000
CHOLAFIN-III,20180205,0,0,0,1329.95,0,0
CIPLA-I,20180205,575.4,583.9,572.95,582.5,2422,8583000
CIPLA-II,20180205,574.05,584.8,574.05,584,36,73000
CIPLA-III,20180205,0,0,0,632.05,0,0
COALINDIA-I,20180205,281.35,290.8,280.05,288.75,3100,15712400
COALINDIA-II,20180205,269.3,274.5,267.15,273.3,172,1966800
COALINDIA-III,20180205,0,0,0,270.5,0,19800
COLPAL-I,20180205,1100.05,1142.15,1087,1124.2,2241,1107400
COLPAL-II,20180205,1126.7,1140.95,1123.65,1130.9,11,3500
COLPAL-III,20180205,0,0,0,1170.75,0,0
CONCOR-I,20180205,1301.2,1344.75,1289.95,1333.35,338,939375
CONCOR-II,20180205,1338,1338,1338,1338,1,5000
CONCOR-III,20180205,0,0,0,1465.1,0,0
CUMMINSIND-I,20180205,811.05,817.75,785,807.1,1168,642000
CUMMINSIND-II,20180205,801.65,801.65,801.65,801.65,1,3600
CUMMINSIND-III,20180205,825.45,825.45,825.45,825.45,1,600
DABUR-I,20180205,348.65,348.65,338.6,340.55,962,10827500
DABUR-II,20180205,344.3,344.3,343,343,2,22500
DABUR-III,20180205,0,0,0,359.85,0,0
DALMIABHA-I,20180205,2751,2809.3,2700,2746.45,523,612000
DALMIABHA-II,20180205,0,0,0,3002.3,0,300
DALMIABHA-III,20180205,0,0,0,3054.9,0,0
DCBBANK-I,20180205,162.2,168.9,161.95,166.15,759,6394500
DCBBANK-II,20180205,165,169.5,164.55,167.25,7,283500
DCBBANK-III,20180205,168.7,168.7,168.7,168.7,1,9000
DHFL-I,20180205,506.35,524,482,512.9,10075,28186500
DHFL-II,20180205,498.3,526.4,488.55,515.2,195,229500
DHFL-III,20180205,523.85,523.85,523.85,523.85,1,9000
DISHTV-I,20180205,71.45,75.5,70.15,75.1,2587,48090000
DISHTV-II,20180205,71.15,75.65,71.15,75.3,29,350000
DISHTV-III,20180205,0,0,0,73,0,14000
DIVISLAB-I,20180205,1006.25,1042,1000.1,1034.55,1954,2212800
DIVISLAB-II,20180205,1011.15,1027.95,1010.1,1027.95,35,49600
DIVISLAB-III,20180205,0,0,0,1139.5,0,0
DLF-I,20180205,216.5,232.5,214,229,10043,43785000
DLF-II,20180205,216.8,232.5,216.75,230.3,128,865000
DLF-III,20180205,0,0,0,225.05,0,30000
DRREDDY-I,20180205,2108.05,2145,2095.85,2126,4894,5553500
DRREDDY-II,20180205,2099.9,2155,2099.9,2137.95,94,70000
DRREDDY-III,20180205,2127.9,2160.6,2127.9,2154.8,8,7750
EICHERMOT-I,20180205,27275,27850,27275,27667.7,2306,233100
EICHERMOT-II,20180205,27352.45,27929.8,27352.45,27792.25,68,3075
EICHERMOT-III,20180205,0,0,0,27723.15,0,25
ENGINERSIN-I,20180205,161.05,166.9,156.9,165.5,1631,9999500
ENGINERSIN-II,20180205,157.8,166.2,157.8,164.25,58,651000
ENGINERSIN-III,20180205,0,0,0,176.7,0,0
EQUITAS-I,20180205,136.05,140,134,139.05,2633,25635200
EQUITAS-II,20180205,137.35,140.95,135.9,140.05,30,112000
EQUITAS-III,20180205,137.6,137.6,137.6,137.6,1,19200
ESCORTS-I,20180205,841,900,834.55,885.55,5719,3242800
ESCORTS-II,20180205,840.35,904,840.35,888.15,42,111100
ESCORTS-III,20180205,0,0,0,851.25,0,0
EXIDEIND-I,20180205,206.7,208.95,201.95,205.5,1726,13756000
EXIDEIND-II,20180205,207.45,208,204.85,204.85,12,108000
EXIDEIND-III,20180205,0,0,0,223,0,4000
FEDERALBNK-I,20180205,90.9,94.9,88.95,94.45,4083,70955500
FEDERALBNK-II,20180205,90.7,95.25,89.4,94.95,205,2145000
FEDERALBNK-III,20180205,91.25,95.65,91.25,94.6,12,247500
FORTIS-I,20180205,124.9,124.9,117.15,118.7,2167,51534000
FORTIS-II,20180205,123,123,119.5,119.95,31,647500
FORTIS-III,20180205,0,0,0,149,0,7000
GAIL-I,20180205,459.95,471.2,453.3,463.3,2244,10620000
GAIL-II,20180205,456.05,470.3,452.05,470.3,11,106000
GAIL-III,20180205,0,0,0,480,0,4000
GLENMARK-I,20180205,585.5,597,578.75,593.95,1681,5714100
GLENMARK-II,20180205,585.95,599.35,585.5,596.4,48,84600
GLENMARK-III,20180205,0,0,0,598,0,3600
GMRINFRA-I,20180205,18.75,20.45,18.2,20.3,2860,303030000
GMRINFRA-II,20180205,19.05,20.55,18.95,20.45,127,6975000
GMRINFRA-III,20180205,19.65,20.2,19.6,20.2,8,9180000
GODFRYPHLP-I,20180205,881.4,898.95,866.3,893.25,365,843000
GODFRYPHLP-II,20180205,0,0,0,896.9,0,7000
GODFRYPHLP-III,20180205,0,0,0,979.25,0,0
GODREJCP-I,20180205,1036.05,1042.4,1022.95,1038.15,475,1665600
GODREJCP-II,20180205,0,0,0,1064,0,6400
GODREJCP-III,20180205,0,0,0,1093.45,0,0
GODREJIND-I,20180205,580.05,580.05,553.55,558.25,1157,1705500
GODREJIND-II,20180205,568.05,570,558,559.85,13,12000
GODREJIND-III,20180205,0,0,0,630.7,0,0
GRANULES-I,20180205,117.15,122.45,116.05,119.8,1165,14505000
GRANULES-II,20180205,118.5,123.25,116.3,120.35,12,115000
GRANULES-III,20180205,119.8,120.5,119.8,120.5,2,15000
GRASIM-I,20180205,1106.05,1113.75,1083,1103.4,2129,3340500
GRASIM-II,20180205,1131,1131,1090,1110.7,66,42000
GRASIM-III,20180205,1108,1115.05,1105,1115.05,4,4500
GSFC-I,20180205,122.95,127.8,120.65,125.6,4088,21910500
GSFC-II,20180205,123.8,127.65,122.6,126.1,44,220500
GSFC-III,20180205,125.3,129.7,125.3,129.7,2,18000
HAVELLS-I,20180205,507.15,515.95,492.7,501.45,2125,5202000
HAVELLS-II,20180205,495.75,517,494.75,504.2,60,136000
HAVELLS-III,20180205,510,510,506.5,506.5,2,12000
HCC-I,20180205,34.55,36.45,33.35,36.05,1721,54060000
HCC-II,20180205,34.05,36.5,33.7,36.45,49,2790000
HCC-III,20180205,36.9,36.9,36.9,36.9,1,75000
HCLTECH-I,20180205,970,1005.75,970,994.45,2650,11048800
HCLTECH-II,20180205,1002.2,1004,985.1,998.5,28,18200
HCLTECH-III,20180205,0,0,0,1026.9,0,0
HDFC-I,20180205,1875.15,1894.65,1821.15,1833.05,15911,18358000
HDFC-II,20180205,1887.05,1897.7,1832.5,1839.95,982,517000
HDFC-III,20180205,0,0,0,1941.05,0,0
HDFCBANK-I,20180205,1920.05,1943.55,1915,1922.95,12091,19510500
HDFCBANK-II,20180205,1929.3,1945,1920.25,1927.35,140,267000
HDFCBANK-III,20180205,0,0,0,1960.35,0,1000
HDIL-I,20180205,49.65,53.7,49.3,53,1525,37791000
HDIL-II,20180205,52.25,53.8,52.25,53.6,4,1062000
HDIL-III,20180205,0,0,0,52.15,0,81000
HEROMOTOCO-I,20180205,3538.2,3618,3501.5,3603.15,3340,1508600
HEROMOTOCO-II,20180205,3554.15,3629,3520,3619.2,190,95800
HEROMOTOCO-III,20180205,0,0,0,3615,0,2000
HEXAWARE-I,20180205,366,375.8,360,371.2,954,4038000
HEXAWARE-II,20180205,371,371,364.95,370.15,13,39000
HEXAWARE-III,20180205,0,0,0,387.9,0,0
HINDALCO-I,20180205,242.3,249.9,240.6,248.05,5955,39004000
HINDALCO-II,20180205,244.75,250.6,242.65,249.55,105,448000
HINDALCO-III,20180205,0,0,0,251,0,3500
HINDPETRO-I,20180205,363,379.85,362.4,375.7,5299,23294250
HINDPETRO-II,20180205,361.65,374.6,358,372.55,263,675675
HINDPETRO-III,20180205,371.55,374.5,371.55,374.5,2,9450
HINDUNILVR-I,20180205,1380,1380,1347,1360.6,3454,9015000
HINDUNILVR-II,20180205,1359,1369,1352,1369,35,49800
HINDUNILVR-III,20180205,0,0,0,1396.3,0,0
HINDZINC-I,20180205,286.3,298.35,283.65,293.7,1780,11382400
HINDZINC-II,20180205,285.5,294.5,285.5,289.6,12,208000
HINDZINC-III,20180205,0,0,0,303.7,0,0
IBULHSGFIN-I,20180205,1286.6,1313.95,1275,1296.4,7750,15129200
IBULHSGFIN-II,20180205,1290,1313.2,1283.3,1301.95,137,79600
IBULHSGFIN-III,20180205,0,0,0,1360,0,400
ICICIBANK-I,20180205,328.95,335.9,328.4,331.25,12811,85596500
ICICIBANK-II,20180205,331.85,335.4,330.3,331.95,151,629750
ICICIBANK-III,20180205,332,335.1,332,333.25,9,49500
ICICIPRULI-I,20180205,410.25,426.8,394,425.05,1434,4248400
ICICIPRULI-II,20180205,407.05,425.1,407.05,425.1,9,57200
ICICIPRULI-III,20180205,0,0,0,437.3,0,0
IDBI-I,20180205,58.15,61.2,57.25,60.65,1849,35700000
IDBI-II,20180205,57.5,61,57.5,60.1,23,750000
IDBI-III,20180205,60.5,60.5,60.5,60.5,1,90000
IDEA-I,20180205,87.6,89.75,86.8,88,4345,63056000
IDEA-II,20180205,87.8,90,87.5,88.3,236,1344000
IDEA-III,20180205,90.5,90.5,88.55,88.55,5,70000
IDFC-I,20180205,50.9,54,50.5,53.4,2863,189354000
IDFC-II,20180205,51.1,54.1,50.75,53.65,91,1161600
IDFC-III,20180205,53.7,53.75,53.7,53.75,2,4527600
IDFCBANK-I,20180205,51.05,53.65,50.75,53.05,2390,176643000
IDFCBANK-II,20180205,51.9,53.85,50.7,53.35,124,2619000
IDFCBANK-III,20180205,53,53.65,53,53.45,8,99000
IFCI-I,20180205,24.5,25.5,24,24.85,2032,76296000
IFCI-II,20180205,24.75,25.45,24,24.95,99,2442000
IFCI-III,20180205,25.15,25.2,25.1,25.2,3,66000
IGL-I,20180205,290,301.15,280.25,296.85,1840,7172000
IGL-II,20180205,291.8,300.5,282.1,299.45,45,134750
IGL-III,20180205,300.65,300.65,299.7,299.7,3,8250
INDIACEM-I,20180205,149.05,155.5,146,153.75,2741,25210500
INDIACEM-II,20180205,148.35,156,147.55,154.6,27,493500
INDIACEM-III,20180205,0,0,0,155,0,38500
INDIANB-I,20180205,336.9,347.95,326.75,341.95,1541,3948000
INDIANB-II,20180205,327,344.5,327,341.4,4,66000
INDIANB-III,20180205,0,0,0,371,0,2000
INDIGO-I,20180205,1156.5,1204.25,1140.35,1197.6,1528,2284200
INDIGO-II,20180205,1173.25,1203.75,1173.25,1202.05,18,10800
INDIGO-III,20180205,0,0,0,1217,0,600
INDUSINDBK-I,20180205,1706.6,1733.9,1687,1711.1,7958,6355800
INDUSINDBK-II,20180205,1714,1724.5,1680,1700.2,274,177600
INDUSINDBK-III,20180205,0,0,0,1756,0,11100
INFIBEAM-I,20180205,149.3,155.05,148,152.95,1447,35076000
INFIBEAM-II,20180205,150,153.9,148.85,151.55,263,2952000
INFIBEAM-III,20180205,0,0,0,156.7,0,12000
INFRATEL-I,20180205,337.55,355.9,331.2,350.5,2750,9790300
INFRATEL-II,20180205,332,350,332,348.8,60,188700
INFRATEL-III,20180205,340.4,347.4,340.4,347.15,3,3400
INFY-I,20180205,1136.15,1157.95,1130.85,1139.35,8628,37361400
INFY-II,20180205,1146,1162.3,1144.4,1144.85,229,702000
INFY-III,20180205,1159.6,1162.8,1156.95,1156.95,3,6600
IOC-I,20180205,384.45,393.05,382.7,389.9,4535,18528000
IOC-II,20180205,385,392.45,383.8,389.55,366,898500
IOC-III,20180205,391.9,391.9,391.9,391.9,1,19500
IRB-I,20180205,219.85,223.3,213.45,221.9,2059,16415000
IRB-II,20180205,214.7,222.6,214.7,221.9,20,92500
IRB-III,20180205,0,0,0,222.5,0,2500
ITC-I,20180205,272.75,282,272,279.65,12020,89832000
ITC-II,20180205,278,283.1,276.45,281,237,2059200
ITC-III,20180205,277.3,278.35,277.3,278.15,5,21600
JETAIRWAYS-I,20180205,655,707,647,694.65,4718,5197200
JETAIRWAYS-II,20180205,657.05,706.1,650.8,696.1,179,126000
JETAIRWAYS-III,20180205,0,0,0,778.95,0,0
JINDALSTEL-I,20180205,238.8,263.1,234.3,261,8681,31950000
JINDALSTEL-II,20180205,238.15,263.3,238.15,261.5,129,310500
JINDALSTEL-III,20180205,239.2,263.8,239.2,263.8,4,40500
JISLJALEQS-I,20180205,109.9,124,108.6,122.2,4055,38745000
JISLJALEQS-II,20180205,114.05,124.85,113.9,124,46,630000
JISLJALEQS-III,20180205,0,0,0,135,0,0
JPASSOCIAT-I,20180205,17,19.5,17,19.15,668,218552000
JPASSOCIAT-II,20180205,18.2,19.55,17.75,19.5,19,3332000
JPASSOCIAT-III,20180205,0,0,0,22.4,0,0
JSWSTEEL-I,20180205,292,301.35,283.4,292.45,7812,49974000
JSWSTEEL-II,20180205,293.5,301.8,285.8,294.45,157,579000
JSWSTEEL-III,20180205,304,304,294.5,294.5,8,18000
JUBLFOOD-I,20180205,1975.95,2052.1,1959.95,1967.9,5996,2612500
JUBLFOOD-II,20180205,2004,2050,1970.5,1976.35,155,104000
JUBLFOOD-III,20180205,1988,2000,1988,2000,3,1000
JUSTDIAL-I,20180205,428.95,456.25,415.1,451.25,5417,3704400
JUSTDIAL-II,20180205,415.1,452.3,413.35,450.25,37,46200
JUSTDIAL-III,20180205,0,0,0,588.8,0,0
KAJARIACER-I,20180205,615.05,627,604.1,606.45,1013,1484000
KAJARIACER-II,20180205,608.05,608.05,608.05,608.05,1,8800
KAJARIACER-III,20180205,0,0,0,707.55,0,0
KOTAKBANK-I,20180205,1090.2,1090.2,1055.65,1066.7,5686,10623200
KOTAKBANK-II,20180205,1080.3,1080.3,1060.1,1067.95,64,138400
KOTAKBANK-III,20180205,0,0,0,1111.1,0,0
KPIT-I,20180205,192.25,208.85,190.65,207.9,4657,14607000
KPIT-II,20180205,200,206.15,200,204.5,27,211500
KPIT-III,20180205,200.1,210.95,200.1,204.7,5,13500
KSCL-I,20180205,487.1,493,471,481.55,1083,3816000
KSCL-II,20180205,479,491.25,477,491.25,8,46500
KSCL-III,20180205,0,0,0,511.45,0,1500
KTKBANK-I,20180205,136.35,140.05,133.6,138.55,1772,23829800
KTKBANK-II,20180205,135.15,140.25,134.55,139,49,433200
KTKBANK-III,20180205,140,140,140,140,5,79800
L&TFH-I,20180205,152.05,160.5,144.45,159.15,5835,41643000
L&TFH-II,20180205,149.7,161.55,145.9,159.95,344,1318500
L&TFH-III,20180205,151.9,151.9,148.4,148.4,2,54000
LICHSGFIN-I,20180205,504.25,519.55,495.1,517.2,4663,16830000
LICHSGFIN-II,20180205,500,521,498.9,520,205,302500
LICHSGFIN-III,20180205,0,0,0,542.1,0,4400
LT-I,20180205,1392.25,1404.7,1361.55,1370.3,8345,12840000
LT-II,20180205,1384,1410.65,1369,1375.9,162,212250
LT-III,20180205,1410.9,1410.9,1383.05,1383.05,2,3750
LUPIN-I,20180205,844.95,861,836.7,852.65,5194,12652200
LUPIN-II,20180205,845,865,842,856.95,389,363600
LUPIN-III,20180205,850,870.8,850,870.8,5,31800
M&M-I,20180205,765.05,770.6,748.85,763.95,2746,12507000
M&M-II,20180205,764,772.5,756.05,766.85,137,173000
M&M-III,20180205,0,0,0,797.6,0,3000
M&MFIN-I,20180205,430.6,444.85,420.25,440,3666,7185000
M&MFIN-II,20180205,436.8,444.05,423.55,442.05,57,45000
M&MFIN-III,20180205,0,0,0,490.1,0,0
MANAPPURAM-I,20180205,103.5,106.45,100.05,105,2662,28092000
MANAPPURAM-II,20180205,104,105.95,101.1,105.9,44,462000
MANAPPURAM-III,20180205,103.05,106.1,103.05,105.25,4,54000
MARICO-I,20180205,299.1,302.55,294.35,295.05,804,4942600
MARICO-II,20180205,0,0,0,315.25,0,5200
MARICO-III,20180205,0,0,0,312.75,0,0
MARUTI-I,20180205,8874.95,9122,8701.2,9099.2,19241,2296650
MARUTI-II,20180205,8814.85,9164.1,8753.7,9144.25,478,78375
MARUTI-III,20180205,8943.25,9204.95,8816.05,9155.55,26,4950
MCDOWELL-N-I,20180205,3130,3235.2,3061.5,3206.1,4098,2361750
MCDOWELL-N-II,20180205,3097.1,3242.35,3087.55,3206.9,37,20000
MCDOWELL-N-III,20180205,0,0,0,3230,0,1000
MCX-I,20180205,720,729.9,693.55,717.05,2181,3817500
MCX-II,20180205,711.65,734.35,702.75,720.65,88,88000
MCX-III,20180205,721.6,725.95,721.25,725.05,10,9500
MFSL-I,20180205,535,541,528.15,531.35,525,2823000
MFSL-II,20180205,533.95,542.55,533.95,542.5,4,16000
MFSL-III,20180205,0,0,0,546.55,0,0
MGL-I,20180205,927.7,971,910,960.6,867,1362600
MGL-II,20180205,927.05,968,927,964.25,21,26400
MGL-III,20180205,0,0,0,968.65,0,600
MINDTREE-I,20180205,711,731.75,685.1,707.5,2838,1590000
MINDTREE-II,20180205,697.6,721.55,690,719.45,30,34800
MINDTREE-III,20180205,0,0,0,762.4,0,0
MOTHERSUMI-I,20180205,351.95,358.5,338.15,355.5,2103,11691200
MOTHERSUMI-II,20180205,346,355.2,345.05,355,16,33600
MOTHERSUMI-III,20180205,0,0,0,376.5,0,0
MRF-I,20180205,68140.2,69499.15,67700.15,68659.25,1157,56790
MRF-II,20180205,68001.2,69590.7,68001.2,68532.8,25,465
MRF-III,20180205,0,0,0,68701.55,0,0
MRPL-I,20180205,114.2,119.4,107.8,118,1135,7974000
MRPL-II,20180205,0,0,0,115.75,0,22500
MRPL-III,20180205,0,0,0,129.75,0,0
MUTHOOTFIN-I,20180205,389.05,398.6,383.75,391.6,923,2725500
MUTHOOTFIN-II,20180205,393.5,393.5,391.8,391.8,2,16500
MUTHOOTFIN-III,20180205,399.65,399.65,399.65,399.65,1,1500
NATIONALUM-I,20180205,65.3,70.85,63.95,70.3,1781,50760000
NATIONALUM-II,20180205,65,70.9,64.7,70.7,44,1024000
NATIONALUM-III,20180205,65.2,66.5,65.2,66.5,3,64000
NBCC-I,20180205,210.5,215.25,198.25,207.05,2740,13791000
NBCC-II,20180205,211.3,213.7,204.1,207.7,74,267000
NBCC-III,20180205,212.8,212.8,212.8,212.8,1,3000
NCC-I,20180205,110.05,114.7,108.55,113.1,2587,29488000
NCC-II,20180205,110.3,115,109.55,113.3,44,408000
NCC-III,20180205,113.2,115.8,113.2,115.8,2,16000
NESTLEIND-I,20180205,7014.25,7229.95,7014.25,7149.5,386,151800
NESTLEIND-II,20180205,0,0,0,7210,0,100
NESTLEIND-III,20180205,0,0,0,7619.2,0,0
NHPC-I,20180205,26.7,27.2,26.3,27.05,332,55161000
NHPC-II,20180205,26.65,27.4,26.5,27.4,7,2241000
NHPC-III,20180205,0,0,0,30.25,0,0
NIITTECH-I,20180205,780,835.65,766.25,828.85,1770,1498500
NIITTECH-II,20180205,810.35,810.35,800.45,800.45,2,22500
NIITTECH-III,20180205,0,0,0,929.8,0,0
NMDC-I,20180205,129.3,134.25,126.55,132.25,2431,38472000
NMDC-II,20180205,129.5,131.9,125.25,130.5,217,5778000
NMDC-III,20180205,0,0,0,130.4,0,30000
NTPC-I,20180205,160.25,164.7,158.65,163.65,1752,25188000
NTPC-II,20180205,162.5,165.25,161.5,164.5,28,224000
NTPC-III,20180205,0,0,0,174.9,0,0
OFSS-I,20180205,4248.7,4255,4116.55,4241.2,374,121650
OFSS-II,20180205,0,0,0,4127,0,0
OFSS-III,20180205,0,0,0,4303.35,0,0
OIL-I,20180205,329.55,336.15,322.5,327.95,255,2447280
OIL-II,20180205,335.3,336,329.15,329.15,5,113300
OIL-III,20180205,0,0,0,388.25,0,0
ONGC-I,20180205,187.65,190.55,186.4,187.45,2898,39727500
ONGC-II,20180205,189.5,191.3,187.4,188.35,138,3060000
ONGC-III,20180205,189.7,191.25,187.95,187.95,11,112500
ORIENTBANK-I,20180205,110,115.35,107.7,113.65,2035,16266000
ORIENTBANK-II,20180205,109.5,115.5,109.5,114.25,78,786000
ORIENTBANK-III,20180205,0,0,0,113.15,0,18000
PAGEIND-I,20180205,19850,19850,19200,19252.8,493,49350
PAGEIND-II,20180205,0,0,0,25564.95,0,0
PAGEIND-III,20180205,0,0,0,22332.15,0,0
PCJEWELLER-I,20180205,361.3,466.9,358,423.35,35580,7972500
PCJEWELLER-II,20180205,360,461.7,360,421.3,576,418500
PCJEWELLER-III,20180205,369.7,435,359.3,415.15,45,100500
PEL-I,20180205,2600,2630,2581.1,2620.3,1338,1552582
PEL-II,20180205,2620.05,2641.9,2615.85,2638.15,7,7550
PEL-III,20180205,0,0,0,2818.75,0,0
PETRONET-I,20180205,240.4,249.35,236.2,247.45,1618,15135000
PETRONET-II,20180205,244.85,247,240.7,247,6,117000
PETRONET-III,20180205,244.25,244.25,244.25,244.25,1,6000
PFC-I,20180205,109.6,113.5,107.1,112.05,3117,58926000
PFC-II,20180205,106.95,112.45,106.25,111.15,194,2652000
PFC-III,20180205,113.3,113.3,112,112,2,66000
PIDILITIND-I,20180205,854,881.05,848.85,876.75,963,1331000
PIDILITIND-II,20180205,859.5,859.5,859.5,859.5,1,25000
PIDILITIND-III,20180205,0,0,0,892.3,0,0
PNB-I,20180205,159,166.7,157.2,164.2,11107,37704000
PNB-II,20180205,159,167.05,157.8,164.95,387,1060000
PNB-III,20180205,160.45,160.45,160.45,160.45,1,16000
POWERGRID-I,20180205,188.9,195.3,188.85,195,2590,22824000
POWERGRID-II,20180205,190.2,195.85,190.2,195.25,14,228000
POWERGRID-III,20180205,0,0,0,192.45,0,12000
PTC-I,20180205,92.3,98.85,90.05,97.6,907,20576000
PTC-II,20180205,93.25,98.25,93.25,98.05,8,248000
PTC-III,20180205,99.05,99.05,99,99,2,32000
PVR-I,20180205,1257.15,1334.2,1257.15,1301.05,869,581200
PVR-II,20180205,0,0,0,1401.05,0,2400
PVR-III,20180205,0,0,0,1372.45,0,400
RAMCOCEM-I,20180205,720,725,701,720.05,769,466400
RAMCOCEM-II,20180205,728.55,728.55,715.15,715.15,5,8000
RAMCOCEM-III,20180205,720,720,720,720,2,2400
RAYMOND-I,20180205,917.2,951.3,869,934.8,3310,5056800
RAYMOND-II,20180205,893.25,955.45,893.25,939.65,30,60000
RAYMOND-III,20180205,900,900,900,900,2,5600
RBLBANK-I,20180205,481,491.65,451.05,487.25,1671,5875000
RBLBANK-II,20180205,467.15,490.75,464.45,490.35,38,108000
RBLBANK-III,20180205,0,0,0,491,0,1000
RCOM-I,20180205,24.8,26.8,23.15,26.4,2429,88284000
RCOM-II,20180205,24.4,26.6,23.8,26.45,31,2828000
RCOM-III,20180205,0,0,0,27,0,308000
RECLTD-I,20180205,141.3,142.8,135.85,141.2,2072,41490000
RECLTD-II,20180205,137.65,142.75,136.25,141.6,98,3072000
RECLTD-III,20180205,139.9,140.1,139.9,140.1,2,72000
RELCAPITAL-I,20180205,420.05,467.35,414.55,459.85,13219,13534500
RELCAPITAL-II,20180205,420.35,469.45,419.7,466.15,535,291750
RELCAPITAL-III,20180205,0,0,0,453,0,6750
RELIANCE-I,20180205,893.25,914.1,885.35,906.05,15652,40230000
RELIANCE-II,20180205,896.2,918.15,890.25,910.7,575,1323000
RELIANCE-III,20180205,897.5,921.9,897,917.4,47,55000
RELINFRA-I,20180205,428.1,455.8,428.1,449.65,8303,11390600
RELINFRA-II,20180205,431,457,431,453.1,110,154700
RELINFRA-III,20180205,0,0,0,455,0,5200
REPCOHOME-I,20180205,586.3,606.65,567,592.8,520,819900
REPCOHOME-II,20180205,0,0,0,607,0,4500
REPCOHOME-III,20180205,0,0,0,675.25,0,0
RNAVAL-I,20180205,35.95,39,35.45,38.2,1166,35802000
RNAVAL-II,20180205,37.95,38.85,37.95,38.6,4,306000
RNAVAL-III,20180205,38.9,38.9,38.9,38.9,1,18000
RPOWER-I,20180205,40,43.05,39.65,42.75,1922,64623000
RPOWER-II,20180205,40.5,43.05,40.1,43.1,42,1963000
RPOWER-III,20180205,0,0,0,42,0,312000
SAIL-I,20180205,80.2,85.95,78.65,85.15,4843,72564000
SAIL-II,20180205,80.7,86.15,79.5,85.4,96,1716000
SAIL-III,20180205,80.1,86.1,79.5,86.1,6,228000
SBIN-I,20180205,293.25,301,290.5,298.35,15923,59790000
SBIN-II,20180205,294.5,302.4,290,299.8,478,1719000
SBIN-III,20180205,295.5,302,293.8,300.9,21,129000
SHREECEM-I,20180205,16821.8,16908.3,16400,16670.05,495,63750
SHREECEM-II,20180205,16500.05,16500.05,16500.05,16500.05,1,250
SHREECEM-III,20180205,0,0,0,18473.2,0,0
SIEMENS-I,20180205,1275.45,1288.4,1258.65,1274.55,1031,893000
SIEMENS-II,20180205,0,0,0,1331.8,0,8500
SIEMENS-III,20180205,0,0,0,1318.35,0,0
SOUTHBANK-I,20180205,27.3,28,26.8,27.75,1241,168422562
SOUTHBANK-II,20180205,27.55,28.05,27.05,27.95,43,4971150
SOUTHBANK-III,20180205,27.75,28.1,27.5,28,9,331410
SREINFRA-I,20180205,81.55,82.9,75.85,80.75,3075,19015000
SREINFRA-II,20180205,80,83.15,76.4,81.5,60,235000
SREINFRA-III,20180205,0,0,0,99.55,0,0
SRF-I,20180205,1766,1806,1754.75,1779.25,779,744000
SRF-II,20180205,1742.2,1807.8,1742.2,1793.95,4,13000
SRF-III,20180205,0,0,0,1871.2,0,0
SRTRANSFIN-I,20180205,1300,1357.2,1300,1348.35,1927,1963200
SRTRANSFIN-II,20180205,1339.65,1358.15,1335,1352.1,20,12000
SRTRANSFIN-III,20180205,0,0,0,1471,0,0
STAR-I,20180205,701.1,702.8,679.55,689.6,2601,4738200
STAR-II,20180205,690.95,701.85,687.1,687.1,39,57000
STAR-III,20180205,0,0,0,725,0,3600
SUNPHARMA-I,20180205,535.75,561,534.95,558,12749,48713500
SUNPHARMA-II,20180205,545.3,570,538,561.2,424,1782000
SUNPHARMA-III,20180205,553.1,567.35,549.65,562.5,10,29700
SUNTV-I,20180205,947.65,967,907.1,957.4,3123,4368000
SUNTV-II,20180205,940,961.7,898.8,961,110,85000
SUNTV-III,20180205,935,938,935,938,2,2000
SUZLON-I,20180205,13.25,13.4,12.75,13.35,2073,382830000
SUZLON-II,20180205,13.6,13.6,12.9,13.45,206,17675000
SUZLON-III,20180205,13.4,13.45,13,13.45,12,1085000
SYNDIBANK-I,20180205,64.2,67.8,64.2,66.5,1316,27801000
SYNDIBANK-II,20180205,65.75,67.9,65.6,66.9,21,450000
SYNDIBANK-III,20180205,0,0,0,78,0,0
TATACHEM-I,20180205,679,702,662.95,697.6,2693,7858500
TATACHEM-II,20180205,670,704.75,670,704.75,24,97500
TATACHEM-III,20180205,0,0,0,729.6,0,0
TATACOMM-I,20180205,609.05,624.5,603.7,621.5,2142,7855200
TATACOMM-II,20180205,610,624.05,604.85,624,25,52800
TATACOMM-III,20180205,0,0,0,629.9,0,0
TATAELXSI-I,20180205,970,1015,956.6,1007.05,1586,1684000
TATAELXSI-II,20180205,966.4,1015.35,966.4,1009.6,46,43200
TATAELXSI-III,20180205,0,0,0,1106.35,0,0
TATAGLOBAL-I,20180205,267.7,277.85,255.1,274.95,6686,29808000
TATAGLOBAL-II,20180205,264.65,278.35,258,276.95,104,346500
TATAGLOBAL-III,20180205,0,0,0,279,0,4500
TATAMOTORS-I,20180205,382.3,398.75,380.15,396.9,17775,59136000
TATAMOTORS-II,20180205,383,400.85,382.9,399.3,851,1852500
TATAMOTORS-III,20180205,385.25,403.1,385.25,402.1,32,102000
TATAMTRDVR-I,20180205,211.8,222.15,211.5,219.9,2697,28210000
TATAMTRDVR-II,20180205,214.7,223.3,214.7,221.05,282,557500
TATAMTRDVR-III,20180205,0,0,0,219.3,0,10000
TATAPOWER-I,20180205,83.85,85.9,82.45,85.15,1777,66762000
TATAPOWER-II,20180205,83.35,85.9,83,85.5,66,909000
TATAPOWER-III,20180205,0,0,0,86.5,0,36000
TATASTEEL-I,20180205,663,676.4,653.25,667.45,12194,21900101
TATASTEEL-II,20180205,660,678.9,656.3,670.25,398,692833
TATASTEEL-III,20180205,664.85,686.55,664.85,672,4,12732
TCS-I,20180205,3108,3194.4,3090.05,3115.4,8827,7041750
TCS-II,20180205,3196.15,3204.85,3108,3130.35,139,139750
TCS-III,20180205,3130,3147.45,3130,3139.5,6,4750
TECHM-I,20180205,607.7,629.4,607.65,627.55,4987,12024000
TECHM-II,20180205,619.9,630.9,619.9,629.9,125,202800
TECHM-III,20180205,0,0,0,612.5,0,1200
TITAN-I,20180205,809.6,820.3,798.25,806.35,4764,10251000
TITAN-II,20180205,808.95,822.5,805,808.4,82,265500
TITAN-III,20180205,820,820,818,818,6,12000
TORNTPHARM-I,20180205,1303.9,1389,1297.9,1328.65,335,299500
TORNTPHARM-II,20180205,0,0,0,1350.55,0,1000
TORNTPHARM-III,20180205,0,0,0,1445.8,0,0
TORNTPOWER-I,20180205,252.5,258.2,244.2,253.8,1710,4323000
TORNTPOWER-II,20180205,253.3,257,253.3,255.6,20,72000
TORNTPOWER-III,20180205,0,0,0,289.15,0,0
TV18BRDCST-I,20180205,52.6,55.25,51.25,54.95,1829,79016000
TV18BRDCST-II,20180205,51.9,55.5,51.9,55.35,31,952000
TV18BRDCST-III,20180205,54.8,54.8,54.8,54.8,1,17000
TVSMOTOR-I,20180205,633.55,663.5,622.8,661.35,3007,5604000
TVSMOTOR-II,20180205,622.1,663.15,620.75,663.15,74,101000
TVSMOTOR-III,20180205,0,0,0,657.95,0,7000
UBL-I,20180205,1097.3,1247.6,1097.3,1184.55,4370,1065400
UBL-II,20180205,1130,1240,1130,1173,48,62300
UBL-III,20180205,1147.4,1156.55,1147.4,1155.9,3,2100
UJJIVAN-I,20180205,349.1,359.5,338.3,348.8,2953,5744000
UJJIVAN-II,20180205,343.3,354.55,342.05,348.75,31,54400
UJJIVAN-III,20180205,0,0,0,355,0,9600
ULTRACEMCO-I,20180205,4086.15,4177.75,4062.4,4153.35,2125,1697200
ULTRACEMCO-II,20180205,4152.95,4179.3,4080.05,4172.9,32,8800
ULTRACEMCO-III,20180205,4173.5,4173.5,4173.5,4173.5,1,0
UNIONBANK-I,20180205,123.4,128.45,120.65,127,6442,26216000
UNIONBANK-II,20180205,123.65,128.95,122,127.35,400,1028000
UNIONBANK-III,20180205,0,0,0,129.8,0,4000
UPL-I,20180205,715.45,732.35,701,726.65,3420,10945200
UPL-II,20180205,715.75,732.2,713.85,731,52,139200
UPL-III,20180205,0,0,0,741.9,0,3600
VEDL-I,20180205,325.75,332.4,314.15,329.55,17534,38076500
VEDL-II,20180205,322,329.95,313,328.9,299,623000
VEDL-III,20180205,316.15,326.2,316.15,326,4,14000
VGUARD-I,20180205,210,217.45,203.5,213.35,1209,2553000
VGUARD-II,20180205,216.7,216.7,207.05,207.05,2,69000
VGUARD-III,20180205,0,0,0,233.4,0,3000
VOLTAS-I,20180205,565.1,596.95,556.45,594.25,3637,2271000
VOLTAS-II,20180205,562.05,597,562,596.05,54,62000
VOLTAS-III,20180205,0,0,0,625.65,0,0
WIPRO-I,20180205,298,306.55,297.5,300,1879,35059200
WIPRO-II,20180205,305.2,306.4,300.25,300.35,20,232800
WIPRO-III,20180205,0,0,0,304.05,0,2400
WOCKPHARMA-I,20180205,730.9,765,707.2,745.05,1371,3107700
WOCKPHARMA-II,20180205,715.85,715.85,713.4,755.05,3,37800
WOCKPHARMA-III,20180205,0,0,0,836.1,0,209700
YESBANK-I,20180205,348,349.95,335.1,344.95,11294,40649000
YESBANK-II,20180205,342.9,351.1,336.8,346.7,266,1239000
YESBANK-III,20180205,343.1,343.1,343.1,343.1,1,12250
ZEEL-I,20180205,581,587,575,583.1,3026,7259200
ZEEL-II,20180205,578.35,587.45,578.35,586,41,109200
ZEEL-III,20180205,0,0,0,606.1,0,0
