BANKNIFTY-I,20170403,21519.9,21588.7,21451,21576.8,42090,2629400
BANKNIFTY-II,20170403,21544.8,21611.5,21478,21599.85,1559,53920
BANKNIFTY-III,20170403,21538,21619,21500,21603.75,31,1880
DJIA-I,20170403,20650,20670,20642.5,20652.5,17,22560
DJIA-II,20170403,0,0,0,20955,0,0
DJIA-III,20170403,0,0,0,19047.5,0,0
DJIA-IIII,20170403,0,0,0,19507.5,0,0
DJIA-IIIII,20170403,0,0,0,21150,0,0
DJIA-IIIIII,20170403,0,0,0,22335,0,0
FTSE100-I,20170403,0,0,0,7326,0,0
FTSE100-II,20170403,0,0,0,7396,0,0
FTSE100-III,20170403,0,0,0,6411,0,0
FTSE100-IIII,20170403,0,0,0,7152,0,0
FTSE100-IIIII,20170403,0,0,0,7457,0,0
FTSE100-IIIIII,20170403,0,0,0,7912,0,0
NIFTY-I,20170403,9221.65,9274,9203.5,9263.25,104916,22365375
NIFTY-II,20170403,9243.2,9295.05,9226.2,9280.35,12223,2522250
NIFTY-III,20170403,9232.35,9300,9230,9288.3,2315,249900
NIFTYCPSE-I,20170403,0,0,0,2550,0,1750
NIFTYCPSE-II,20170403,0,0,0,2631.5,0,0
NIFTYCPSE-III,20170403,0,0,0,2555.7,0,0
NIFTYINFRA-I,20170403,0,0,0,2940.9,0,0
NIFTYINFRA-II,20170403,0,0,0,3061.4,0,0
NIFTYINFRA-III,20170403,0,0,0,3134.3,0,0
NIFTYIT-I,20170403,10700,10700,10583,10605,245,43900
NIFTYIT-II,20170403,0,0,0,10861,0,0
NIFTYIT-III,20170403,0,0,0,10911,0,0
NIFTYMID50-I,20170403,0,0,0,3981.7,0,0
NIFTYMID50-II,20170403,0,0,0,4216.95,0,0
NIFTYMID50-III,20170403,0,0,0,4437.85,0,0
NIFTYPSE-I,20170403,0,0,0,4144.1,0,200
NIFTYPSE-II,20170403,0,0,0,4166.25,0,0
NIFTYPSE-III,20170403,0,0,0,4033.05,0,0
S&P500-I,20170403,2358.5,2363,2358.5,2362.25,34,483500
S&P500-II,20170403,2360,2369.75,2360,2369.75,2,500
S&P500-III,20170403,0,0,0,2232,0,0
S&P500-IIII,20170403,0,0,0,2300,0,0
S&P500-IIIII,20170403,0,0,0,2410,0,0
S&P500-IIIIII,20170403,0,0,0,2540.5,0,0
ABIRLANUVO-I,20170403,1533.95,1534.85,1520.1,1524.65,1196,3251600
ABIRLANUVO-II,20170403,1535.1,1537,1529.5,1531.6,18,8800
ABIRLANUVO-III,20170403,0,0,0,1555.75,0,0
ACC-I,20170403,1470.65,1473.95,1462,1466,2600,1792800
ACC-II,20170403,1474.5,1474.5,1472.35,1473.6,10,5600
ACC-III,20170403,0,0,0,1442.75,0,0
ADANIENT-I,20170403,109.25,112.2,108.35,111.85,2141,19544000
ADANIENT-II,20170403,109.45,112.1,109.45,112.05,18,120000
ADANIENT-III,20170403,0,0,0,107.6,0,0
ADANIPORTS-I,20170403,341.1,344.5,339.2,343.15,2952,12190000
ADANIPORTS-II,20170403,342.2,344.4,340.85,344.4,21,137500
ADANIPORTS-III,20170403,0,0,0,345,0,0
ADANIPOWER-I,20170403,40.25,41.3,40.15,40.95,1232,132540000
ADANIPOWER-II,20170403,40.7,41.4,40.7,41.2,10,360000
ADANIPOWER-III,20170403,0,0,0,40.6,0,0
AJANTPHARM-I,20170403,1793.75,1793.75,1749.7,1756.85,507,638400
AJANTPHARM-II,20170403,0,0,0,1733.55,0,0
AJANTPHARM-III,20170403,0,0,0,1783.85,0,0
ALBK-I,20170403,74,74.15,73.15,73.85,687,14250000
ALBK-II,20170403,74.15,74.15,74.15,74.15,1,280000
ALBK-III,20170403,74.15,74.15,74.15,74.15,2,20000
AMARAJABAT-I,20170403,898.7,917.3,896.2,909.4,3329,1693800
AMARAJABAT-II,20170403,903,922.1,903,913,19,6000
AMARAJABAT-III,20170403,0,0,0,884.9,0,0
AMBUJACEM-I,20170403,239.25,242.8,237.5,238.85,2151,10882500
AMBUJACEM-II,20170403,243.7,243.7,239,239.15,14,22500
AMBUJACEM-III,20170403,0,0,0,237.95,0,0
ANDHRABANK-I,20170403,58.3,59.2,57.85,59,839,20230000
ANDHRABANK-II,20170403,58.5,59.15,58.5,59.15,4,190000
ANDHRABANK-III,20170403,0,0,0,58.25,0,0
APOLLOHOSP-I,20170403,1175.4,1191.1,1174,1180.3,1585,1641600
APOLLOHOSP-II,20170403,1183.2,1183.2,1183.2,1183.2,1,800
APOLLOHOSP-III,20170403,0,0,0,1175.15,0,0
APOLLOTYRE-I,20170403,211.35,212.45,209.5,211.15,2009,14427000
APOLLOTYRE-II,20170403,211,212.35,211,211.6,5,42000
APOLLOTYRE-III,20170403,0,0,0,211.4,0,0
ARVIND-I,20170403,398.1,410.4,398.1,409.3,4285,7078000
ARVIND-II,20170403,400.6,411.1,400.6,410.8,25,40000
ARVIND-III,20170403,0,0,0,397.4,0,0
ASHOKLEY-I,20170403,85.35,85.75,84.1,84.55,2684,84189000
ASHOKLEY-II,20170403,85.6,86.1,84.65,84.9,42,868000
ASHOKLEY-III,20170403,86.05,86.05,85,85,5,63000
ASIANPAINT-I,20170403,1080.1,1097,1071.1,1091.6,3005,4224600
ASIANPAINT-II,20170403,1083.05,1100.45,1079.35,1096.3,50,34200
ASIANPAINT-III,20170403,1082.4,1082.4,1082.4,1082.4,1,600
AUROPHARMA-I,20170403,677.95,685.35,674.55,684.25,4106,14387800
AUROPHARMA-II,20170403,684.3,688.8,679,688.3,65,57400
AUROPHARMA-III,20170403,0,0,0,683,0,0
AXISBANK-I,20170403,498,504.45,492.6,501.25,11079,31563600
AXISBANK-II,20170403,497.75,505.3,494.5,502.55,102,129600
AXISBANK-III,20170403,0,0,0,507.65,0,0
BAJAJ-AUTO-I,20170403,2820.95,2850,2785.5,2796.55,2777,1603000
BAJAJ-AUTO-II,20170403,2790.1,2823.85,2790.1,2805.1,41,8250
BAJAJ-AUTO-III,20170403,0,0,0,2870.2,0,0
BAJFINANCE-I,20170403,1182.8,1194.6,1165.5,1187.75,3389,4340000
BAJFINANCE-II,20170403,1185,1195.5,1173.95,1195.5,17,29000
BAJFINANCE-III,20170403,0,0,0,1200.85,0,0
BANKBARODA-I,20170403,173.9,174.8,170.55,172.9,5025,52535000
BANKBARODA-II,20170403,174,174,172,173.4,34,339500
BANKBARODA-III,20170403,171.45,172.8,171.3,172.25,9,35000
BANKINDIA-I,20170403,140.15,141.05,138.6,140.1,1822,24828000
BANKINDIA-II,20170403,139.55,140.5,138.85,140,14,462000
BANKINDIA-III,20170403,0,0,0,140.95,0,6000
BATAINDIA-I,20170403,571.55,571.9,561.75,564.35,840,4431900
BATAINDIA-II,20170403,568.5,568.5,560.65,560.65,7,13200
BATAINDIA-III,20170403,0,0,0,579,0,0
BEL-I,20170403,159.05,161.6,158.5,160.8,2720,32724000
BEL-II,20170403,160.1,162.8,159.95,160.8,26,139500
BEL-III,20170403,0,0,0,156.05,0,0
BEML-I,20170403,1376.9,1387,1367,1374.6,2634,2341200
BEML-II,20170403,1387.05,1387.05,1387.05,1387.05,1,9000
BEML-III,20170403,0,0,0,1333.6,0,0
BHARATFIN-I,20170403,817.8,828,812.25,822.2,6790,18541000
BHARATFIN-II,20170403,824.15,829.85,820.8,825.5,30,25000
BHARATFIN-III,20170403,0,0,0,820.85,0,0
BHARATFORG-I,20170403,1053.95,1082,1053.95,1078,5679,4387800
BHARATFORG-II,20170403,1059.9,1083.05,1059.9,1082.35,18,10800
BHARATFORG-III,20170403,0,0,0,1044.1,0,0
BHARTIARTL-I,20170403,343.8,344.7,335.3,342.4,5752,37148400
BHARTIARTL-II,20170403,343.1,343.1,336,342.15,85,392700
BHARTIARTL-III,20170403,0,0,0,357.1,0,0
BHEL-I,20170403,164.4,168.4,164.05,167.8,3820,31410000
BHEL-II,20170403,164.95,169,164.95,168.45,52,285000
BHEL-III,20170403,168.5,168.5,168.5,168.5,11,55000
BIOCON-I,20170403,1140,1148.5,1127.55,1132.85,1379,2811000
BIOCON-II,20170403,1148.85,1149.15,1133.75,1139.75,18,110400
BIOCON-III,20170403,0,0,0,1158.15,0,0
BOSCHLTD-I,20170403,22804.9,22959.5,22600,22734.55,592,90575
BOSCHLTD-II,20170403,22810,22810,22800,22800,5,225
BOSCHLTD-III,20170403,0,0,0,22978.95,0,0
BPCL-I,20170403,651.75,652,640.1,641.95,2435,11511600
BPCL-II,20170403,650,650,642.2,643.65,28,43200
BPCL-III,20170403,0,0,0,651.4,0,0
BRITANNIA-I,20170403,3242.55,3436.15,3242.55,3407,683,362400
BRITANNIA-II,20170403,3350,3400,3350,3400,5,1200
BRITANNIA-III,20170403,0,0,0,3452.1,0,0
CADILAHC-I,20170403,445,449.55,444,445.15,450,3320000
CADILAHC-II,20170403,0,0,0,452.55,0,1600
CADILAHC-III,20170403,0,0,0,457.95,0,0
CAIRN-I,20170403,306.6,307.8,304.6,305.9,1688,27174000
CAIRN-II,20170403,305,306.9,304.7,305.45,9,455000
CAIRN-III,20170403,304,305,304,305,3,10500
CANBK-I,20170403,303,305.45,302,304.55,2589,15561864
CANBK-II,20170403,303,304,302.5,303.65,24,188124
CANBK-III,20170403,302.05,302.05,302,302,4,18504
CAPF-I,20170403,790,790.05,771.2,773.75,732,525600
CAPF-II,20170403,0,0,0,777.35,0,800
CAPF-III,20170403,0,0,0,753.3,0,0
CASTROLIND-I,20170403,435,438.5,430.15,433.55,1066,8479800
CASTROLIND-II,20170403,432.7,434.75,431.2,431.35,19,49000
CASTROLIND-III,20170403,0,0,0,436.25,0,0
CEATLTD-I,20170403,1333.15,1347.15,1329,1339.15,2128,1911000
CEATLTD-II,20170403,1334.55,1335.6,1334.55,1335.6,3,6300
CEATLTD-III,20170403,0,0,0,1335.85,0,0
CENTURYTEX-I,20170403,1063,1067.75,1056,1063.55,2184,8166400
CENTURYTEX-II,20170403,1067.65,1070.2,1067.2,1070.2,20,19800
CENTURYTEX-III,20170403,0,0,0,1065.45,0,0
CESC-I,20170403,848.05,865.5,840,862.75,2403,4945600
CESC-II,20170403,849.4,860,846.5,860,12,7700
CESC-III,20170403,0,0,0,857.85,0,0
CGPOWER-I,20170403,78.8,80.4,78,80.15,819,16776000
CGPOWER-II,20170403,0,0,0,78.2,0,144000
CGPOWER-III,20170403,0,0,0,78.1,0,0
CIPLA-I,20170403,595.05,595.45,590.65,593.45,1196,6645000
CIPLA-II,20170403,595.5,596.45,593.55,596.1,28,22000
CIPLA-III,20170403,0,0,0,608.4,0,0
COALINDIA-I,20170403,293.1,295.3,290.8,294.85,3126,19599300
COALINDIA-II,20170403,293.25,296.25,292.4,296,55,217600
COALINDIA-III,20170403,0,0,0,294.35,0,0
COLPAL-I,20170403,997.2,1011.05,996.55,1006,401,905800
COLPAL-II,20170403,0,0,0,907.45,0,0
COLPAL-III,20170403,0,0,0,1025,0,0
CONCOR-I,20170403,1274.1,1286,1250.55,1261,1313,1048000
CONCOR-II,20170403,1268,1271.75,1265,1265.05,8,3500
CONCOR-III,20170403,0,0,0,1289.1,0,0
CUMMINSIND-I,20170403,949,968.9,942.85,965.15,583,679200
CUMMINSIND-II,20170403,0,0,0,960,0,600
CUMMINSIND-III,20170403,0,0,0,956.2,0,0
DABUR-I,20170403,278.55,281.4,277.5,280.75,956,11652500
DABUR-II,20170403,277.95,281.8,277.95,281.8,10,20000
DABUR-III,20170403,0,0,0,278.75,0,0
DALMIABHA-I,20170403,1990.05,2005,1970.1,1979.5,231,99600
DALMIABHA-II,20170403,0,0,0,2053.9,0,600
DALMIABHA-III,20170403,0,0,0,1989.4,0,0
DCBBANK-I,20170403,172.05,173.15,170.35,171.35,564,4995000
DCBBANK-II,20170403,0,0,0,172.1,2,58500
DCBBANK-III,20170403,0,0,0,171.2,0,0
DHFL-I,20170403,372,376.2,369.3,374.75,2837,20364000
DHFL-II,20170403,374.95,377.1,374.75,376.55,15,105000
DHFL-III,20170403,0,0,0,370.35,0,0
DISHTV-I,20170403,109,110.6,101.75,102.95,6276,30786000
DISHTV-II,20170403,108.45,110.65,102.35,103.45,49,126000
DISHTV-III,20170403,104,104,103.65,103.65,2,14000
DIVISLAB-I,20170403,633,633.05,627.6,630.45,3543,10530600
DIVISLAB-II,20170403,634.05,635.5,632.55,633.45,42,117600
DIVISLAB-III,20170403,0,0,0,633.4,0,0
DLF-I,20170403,149.8,149.8,147,147.65,3508,32170000
DLF-II,20170403,149.15,149.15,148,148.5,32,190000
DLF-III,20170403,149.1,149.1,149.1,149.1,1,5000
DRREDDY-I,20170403,2646.95,2762.9,2632.8,2747.5,13194,3338200
DRREDDY-II,20170403,2657.6,2766.7,2657.6,2752.45,45,15400
DRREDDY-III,20170403,0,0,0,2657.1,0,0
EICHERMOT-I,20170403,25688.95,25756.25,25346.2,25593.7,1879,173025
EICHERMOT-II,20170403,25628.9,25733.85,25625.2,25706.1,7,10750
EICHERMOT-III,20170403,0,0,0,26088.8,0,0
ENGINERSIN-I,20170403,145.2,145.9,144.7,145.15,721,28329000
ENGINERSIN-II,20170403,146.2,146.2,145.35,145.75,10,126000
ENGINERSIN-III,20170403,0,0,0,146.2,0,0
EQUITAS-I,20170403,172.95,174.95,171,171.7,1565,4227200
EQUITAS-II,20170403,175.3,175.3,172,172.1,15,73600
EQUITAS-III,20170403,0,0,0,167.1,0,0
ESCORTS-I,20170403,548.65,551.95,539.2,540.55,842,709500
ESCORTS-II,20170403,0,0,0,548.05,0,1100
ESCORTS-III,20170403,0,0,0,544.15,0,0
EXIDEIND-I,20170403,226.2,232.4,225.6,230.75,2150,16968000
EXIDEIND-II,20170403,228.25,232.2,228.25,230.9,7,68000
EXIDEIND-III,20170403,0,0,0,224.25,0,0
FEDERALBNK-I,20170403,91.65,91.95,90.4,91,1784,54714000
FEDERALBNK-II,20170403,92.4,92.4,91,91.35,12,253000
FEDERALBNK-III,20170403,0,0,0,92.3,0,0
GAIL-I,20170403,379,387.75,378.15,386.7,3073,14554000
GAIL-II,20170403,381.3,388.05,381.3,388.1,5,52000
GAIL-III,20170403,0,0,0,385.4,0,0
GLENMARK-I,20170403,855.95,867.1,849.7,862.2,1007,3919300
GLENMARK-II,20170403,864.9,868.65,864.5,866.2,9,12600
GLENMARK-III,20170403,0,0,0,876.7,0,0
GMRINFRA-I,20170403,16.2,16.5,16.1,16.4,546,209970000
GMRINFRA-II,20170403,16.2,16.5,16.15,16.45,10,1260000
GMRINFRA-III,20170403,0,0,0,16.65,0,0
GODREJCP-I,20170403,1685.35,1717,1682,1705.5,479,382400
GODREJCP-II,20170403,1700,1700,1700,1700,4,1600
GODREJCP-III,20170403,0,0,0,1689.85,0,0
GODREJIND-I,20170403,508.05,536.5,507.25,532.4,3169,2199000
GODREJIND-II,20170403,525.15,525.15,520.45,520.45,2,3000
GODREJIND-III,20170403,0,0,0,510.9,0,0
GRANULES-I,20170403,140.3,144.2,139.3,143.15,945,13590000
GRANULES-II,20170403,142,142.3,142,142.25,3,30000
GRANULES-III,20170403,142.95,143,142.95,142.95,9,45000
GRASIM-I,20170403,1055.5,1064,1050.15,1055.95,1926,6261000
GRASIM-II,20170403,1060.45,1060.45,1058.65,1060,10,9000
GRASIM-III,20170403,0,0,0,1086.2,0,0
HAVELLS-I,20170403,468.75,471.6,464.95,470.1,1108,4400000
HAVELLS-II,20170403,0,0,0,470,0,18000
HAVELLS-III,20170403,0,0,0,478.9,0,0
HCLTECH-I,20170403,869.05,875.2,859.05,866.55,2535,8437800
HCLTECH-II,20170403,863.85,864.85,860,864.85,5,39200
HCLTECH-III,20170403,0,0,0,890.55,0,0
HDFC-I,20170403,1518.65,1539.95,1504.45,1536.15,6983,9477000
HDFC-II,20170403,1518.9,1541.65,1518.9,1539.3,25,14000
HDFC-III,20170403,0,0,0,1545.45,0,0
HDFCBANK-I,20170403,1444.25,1450.5,1428.25,1432.9,7359,31356500
HDFCBANK-II,20170403,1441,1441,1425.1,1431.85,36,41500
HDFCBANK-III,20170403,1425,1429.75,1424.8,1429.75,6,3500
HDIL-I,20170403,82.4,83.15,82.05,82.7,1366,20840000
HDIL-II,20170403,83.2,83.25,82.4,82.75,12,352000
HDIL-III,20170403,0,0,0,83.4,0,0
HEROMOTOCO-I,20170403,3250.05,3279.7,3209,3216.05,2532,1487600
HEROMOTOCO-II,20170403,3270,3270,3225,3226.5,38,9800
HEROMOTOCO-III,20170403,0,0,0,3285.85,0,0
HEXAWARE-I,20170403,216.9,218.35,214.25,215.8,514,3984000
HEXAWARE-II,20170403,0,0,0,216.7,0,9000
HEXAWARE-III,20170403,0,0,0,222.35,0,0
HINDALCO-I,20170403,195.55,197.65,193.35,194.65,5987,41240500
HINDALCO-II,20170403,197.8,197.8,194.3,195.35,28,255500
HINDALCO-III,20170403,0,0,0,193.5,0,0
HINDPETRO-I,20170403,527.05,528.95,519.1,521.05,2816,19338900
HINDPETRO-II,20170403,527.75,527.75,521.5,521.9,66,107100
HINDPETRO-III,20170403,0,0,0,526,0,0
HINDUNILVR-I,20170403,913.95,927.3,907.15,923.25,2309,7105800
HINDUNILVR-II,20170403,919.95,927.05,919.45,925.25,38,18600
HINDUNILVR-III,20170403,0,0,0,934.65,0,0
HINDZINC-I,20170403,291.95,294,289.65,292.8,1693,11257600
HINDZINC-II,20170403,292,293.95,292,293.55,5,73600
HINDZINC-III,20170403,0,0,0,290.6,0,0
IBREALEST-I,20170403,88.45,88.85,87.05,87.75,876,33240000
IBREALEST-II,20170403,88.8,89,87.8,87.8,11,140000
IBREALEST-III,20170403,89.5,89.5,89.5,89.5,2,20000
IBULHSGFIN-I,20170403,1003.95,1007,990.25,1001,3560,19902400
IBULHSGFIN-II,20170403,994,1001.2,992.15,1001.2,7,28800
IBULHSGFIN-III,20170403,0,0,0,1007.25,0,0
ICICIBANK-I,20170403,279.3,287.4,277.75,286.9,17130,71115000
ICICIBANK-II,20170403,280.3,288.5,279,288.15,155,347500
ICICIBANK-III,20170403,279.15,284.95,277,284.95,27,50000
ICIL-I,20170403,198.25,201.95,197,200.85,1073,9439500
ICIL-II,20170403,201.95,202,197,201,7,10500
ICIL-III,20170403,0,0,0,199.15,0,0
IDBI-I,20170403,75.8,76.55,75.8,76.25,1075,40320000
IDBI-II,20170403,76.6,76.7,76.4,76.5,8,504000
IDBI-III,20170403,0,0,0,75.75,0,0
IDEA-I,20170403,86.2,86.65,84.7,85.4,4448,94738000
IDEA-II,20170403,86.5,86.5,85,85.65,106,1155000
IDEA-III,20170403,0,0,0,87.35,0,7000
IDFC-I,20170403,55.15,55.2,54.5,54.85,538,104346000
IDFC-II,20170403,55,55.2,54.9,55.15,5,171600
IDFC-III,20170403,0,0,0,55.45,0,0
IDFCBANK-I,20170403,59.9,60.45,59.75,60.1,1119,81696000
IDFCBANK-II,20170403,60.25,60.4,60,60.4,40,1112000
IDFCBANK-III,20170403,0,0,0,60,0,16000
IFCI-I,20170403,29.95,30.4,29.65,30.3,1111,69344000
IFCI-II,20170403,30,30.6,30,30.4,14,748000
IFCI-III,20170403,0,0,0,30.4,0,0
IGL-I,20170403,1008.2,1020,1002,1016.65,1031,2449700
IGL-II,20170403,1009.1,1019.5,1009.1,1019.5,10,7700
IGL-III,20170403,0,0,0,1019.9,0,0
INDIACEM-I,20170403,167.05,168.6,161.5,164.4,5227,23597000
INDIACEM-II,20170403,168.45,168.7,162.45,165.5,32,94500
INDIACEM-III,20170403,0,0,0,163.2,0,0
INDIANB-I,20170403,283.8,283.85,280.75,282.2,271,822000
INDIANB-II,20170403,284.85,284.85,282,282,2,6000
INDIANB-III,20170403,0,0,0,268.65,0,0
INDIGO-I,20170403,1068.55,1078,1041.4,1047.25,1035,677400
INDIGO-II,20170403,0,0,0,1080,0,600
INDIGO-III,20170403,0,0,0,1061.7,0,0
INDUSINDBK-I,20170403,1426.05,1448.7,1408.05,1410.95,3001,8244600
INDUSINDBK-II,20170403,1425.1,1426.55,1414.05,1414.05,44,28200
INDUSINDBK-III,20170403,0,0,0,1446.15,0,0
INFIBEAM-I,20170403,945.5,999.2,917.75,949.9,2655,1540800
INFIBEAM-II,20170403,0,0,0,931.4,0,6000
INFIBEAM-III,20170403,0,0,0,1145.75,0,0
INFRATEL-I,20170403,325.65,332.4,320.25,329.85,1247,7904000
INFRATEL-II,20170403,325,325,323.6,323.6,2,16000
INFRATEL-III,20170403,0,0,0,342.35,0,0
INFY-I,20170403,1030.05,1030.05,1010.05,1013.7,7556,33747500
INFY-II,20170403,1025.15,1025.15,1009.2,1013.8,170,171500
INFY-III,20170403,1013.1,1019.6,1007,1019.6,15,15000
IOC-I,20170403,387,387,380.25,382.5,1918,17625000
IOC-II,20170403,384.9,385.15,382,383,15,228000
IOC-III,20170403,385.45,385.45,385.45,385.45,1,3000
IRB-I,20170403,237.5,244.4,237.5,242.3,3389,17085000
IRB-II,20170403,244.05,244.05,244,244.05,4,22500
IRB-III,20170403,0,0,0,240.4,0,0
ITC-I,20170403,282.15,283.75,279.15,282.6,4275,50877600
ITC-II,20170403,281.25,284.3,280.25,282.7,77,158400
ITC-III,20170403,279.45,280.7,278.05,278.05,5,31200
JETAIRWAYS-I,20170403,539.65,542,532.05,534.45,3416,5610000
JETAIRWAYS-II,20170403,539,539.35,534.35,535.8,19,30000
JETAIRWAYS-III,20170403,538.2,538.2,538.2,538.2,1,1000
JINDALSTEL-I,20170403,122.2,124.65,121.8,123.85,2102,36504000
JINDALSTEL-II,20170403,124.6,125,123.25,124.55,33,576000
JINDALSTEL-III,20170403,0,0,0,121,0,0
JISLJALEQS-I,20170403,95.05,100.5,93.65,99.8,3630,41166000
JISLJALEQS-II,20170403,94.5,99.5,94.5,99.05,22,198000
JISLJALEQS-III,20170403,0,0,0,94.6,0,0
JPASSOCIAT-I,20170403,13.8,14,13.5,13.75,840,172176000
JPASSOCIAT-II,20170403,13.9,13.95,13.85,13.85,6,1020000
JPASSOCIAT-III,20170403,0,0,0,14.2,0,0
JSWENERGY-I,20170403,63.6,64.7,63.15,64.5,1565,60784000
JSWENERGY-II,20170403,0,0,0,63.35,0,72000
JSWENERGY-III,20170403,0,0,0,63.85,0,0
JSWSTEEL-I,20170403,188.15,193.4,187.55,190.5,5025,47181000
JSWSTEEL-II,20170403,190.1,193.95,189.75,191,48,132000
JSWSTEEL-III,20170403,0,0,0,188.55,0,0
JUBLFOOD-I,20170403,1109.8,1113.05,1093.1,1099.25,1475,1849000
JUBLFOOD-II,20170403,1113.85,1113.85,1099,1099.2,59,22000
JUBLFOOD-III,20170403,0,0,0,1136.2,0,0
JUSTDIAL-I,20170403,526.05,549.5,521.35,545.55,5151,3162000
JUSTDIAL-II,20170403,525,546,525,541.25,33,38400
JUSTDIAL-III,20170403,0,0,0,551.95,0,0
KOTAKBANK-I,20170403,879.1,881.4,873.45,876.95,3481,9437600
KOTAKBANK-II,20170403,882.95,882.95,878,879.05,45,67200
KOTAKBANK-III,20170403,0,0,0,879.7,0,0
KPIT-I,20170403,130.8,130.8,129.35,130.5,159,5248000
KPIT-II,20170403,125.85,131.65,125.85,131.65,2,8000
KPIT-III,20170403,0,0,0,132.85,0,0
KSCL-I,20170403,558.75,564.35,556.05,560.3,806,2704500
KSCL-II,20170403,561.75,561.9,561.75,561.85,2,7500
KSCL-III,20170403,0,0,0,551.2,0,0
KTKBANK-I,20170403,142,142.5,141.35,141.7,852,28806750
KTKBANK-II,20170403,142.95,142.95,142.4,142.4,2,199125
KTKBANK-III,20170403,0,0,0,142.45,0,0
L&TFH-I,20170403,123.65,124.9,123.35,124.2,1035,21402000
L&TFH-II,20170403,124.85,124.85,124.45,124.65,6,126000
L&TFH-III,20170403,0,0,0,125.5,0,0
LICHSGFIN-I,20170403,619.95,627,619.6,625.65,2098,5156800
LICHSGFIN-II,20170403,623,628.9,622.05,628.35,31,63800
LICHSGFIN-III,20170403,0,0,0,632.85,0,0
LT-I,20170403,1584.6,1668,1582,1663.2,20346,8839000
LT-II,20170403,1594.25,1673.2,1594.25,1669.8,215,98000
LT-III,20170403,0,0,0,1583.6,0,0
LUPIN-I,20170403,1452.7,1455.5,1437,1441.85,3568,8968800
LUPIN-II,20170403,1455,1459.15,1445,1446.15,68,50800
LUPIN-III,20170403,1467,1467,1461,1461,2,800
M&M-I,20170403,1298.95,1310,1285.6,1291.85,3325,4462500
M&M-II,20170403,1313.35,1313.35,1291,1295.3,69,30500
M&M-III,20170403,0,0,0,1301.35,0,500
M&MFIN-I,20170403,318.4,322.65,316,320.05,2230,13537500
M&MFIN-II,20170403,318.6,322.35,316.15,321.65,17,87500
M&MFIN-III,20170403,0,0,0,320.2,0,0
MARICO-I,20170403,293.45,300.55,293.45,297.6,542,4628000
MARICO-II,20170403,0,0,0,273.2,0,0
MARICO-III,20170403,0,0,0,301.5,0,0
MARUTI-I,20170403,6098.45,6100,6047.05,6080.45,5399,2309100
MARUTI-II,20170403,6104.9,6106.05,6068.1,6104.2,81,22050
MARUTI-III,20170403,6100,6100,6100,6100,1,600
MCDOWELL-N-I,20170403,2075,2089,2007.25,2051.3,8634,4023500
MCDOWELL-N-II,20170403,2097.2,2097.25,2034.8,2060.3,63,12250
MCDOWELL-N-III,20170403,0,0,0,2222,0,250
MFSL-I,20170403,581.75,581.75,566.45,570.65,766,1279000
MFSL-II,20170403,573.8,573.8,571.5,571.5,2,3000
MFSL-III,20170403,0,0,0,582.3,0,0
MINDTREE-I,20170403,455.5,458,450.05,457,450,3016800
MINDTREE-II,20170403,0,0,0,456.9,0,7200
MINDTREE-III,20170403,0,0,0,460.8,0,0
MOTHERSUMI-I,20170403,375.05,378.9,375,377.55,784,8050000
MOTHERSUMI-II,20170403,379.3,379.75,379.3,379.45,3,10000
MOTHERSUMI-III,20170403,0,0,0,384.95,0,0
MRF-I,20170403,60607.7,61255,60497.1,61011.9,1605,54765
MRF-II,20170403,61000,61280,60900,61176,9,735
MRF-III,20170403,0,0,0,60826.8,0,0
MUTHOOTFIN-I,20170403,373.05,386,370.35,383.05,513,490500
MUTHOOTFIN-II,20170403,382.6,384.9,382.6,384.9,2,3000
MUTHOOTFIN-III,20170403,0,0,0,380.05,0,0
NCC-I,20170403,82.15,84.05,81.65,83.85,1448,30384000
NCC-II,20170403,83.75,83.75,83.75,83.75,2,80000
NCC-III,20170403,0,0,0,85.3,0,32000
NHPC-I,20170403,32.2,32.5,32,32.45,434,23112000
NHPC-II,20170403,32.3,32.5,32.25,32.5,8,459000
NHPC-III,20170403,0,0,0,32.25,0,0
NIITTECH-I,20170403,436.55,438.45,431.05,435.75,291,691500
NIITTECH-II,20170403,0,0,0,429.65,0,0
NIITTECH-III,20170403,0,0,0,427.1,0,0
NMDC-I,20170403,134.2,135.5,133.9,134.5,803,28260000
NMDC-II,20170403,135.4,135.4,134.85,134.95,15,156000
NMDC-III,20170403,0,0,0,134.35,0,0
NTPC-I,20170403,166.1,167.75,164.9,165.45,1468,23916000
NTPC-II,20170403,167.1,167.3,165.8,166.35,17,80000
NTPC-III,20170403,0,0,0,165.85,0,0
OFSS-I,20170403,3686.4,3686.4,3628.35,3636.1,204,246600
OFSS-II,20170403,0,0,0,3835.1,0,450
OFSS-III,20170403,0,0,0,3845.75,0,0
OIL-I,20170403,332,333.4,331.25,331.75,286,2123242
OIL-II,20170403,332.55,334.5,332.55,334.5,4,11330
OIL-III,20170403,0,0,0,334.25,0,0
ONGC-I,20170403,185.9,187.2,185.55,186.75,1982,49338750
ONGC-II,20170403,186.6,188,186.6,187.45,43,903750
ONGC-III,20170403,0,0,0,187,0,0
ORIENTBANK-I,20170403,141,142.7,139.35,142,1006,13692000
ORIENTBANK-II,20170403,139.45,140.7,139,140.7,12,336000
ORIENTBANK-III,20170403,139,139.2,139,139.2,3,30000
PAGEIND-I,20170403,14629.95,14800,14520,14580.4,291,34800
PAGEIND-II,20170403,0,0,0,14229.6,0,0
PAGEIND-III,20170403,0,0,0,14955.35,0,0
PCJEWELLER-I,20170403,424.85,424.85,418.3,422.7,282,976500
PCJEWELLER-II,20170403,0,0,0,424.05,0,6000
PCJEWELLER-III,20170403,0,0,0,423.3,0,0
PEL-I,20170403,1929.65,1953,1908.95,1947,896,202500
PEL-II,20170403,1938.3,1938.3,1938.3,1938.3,2,2400
PEL-III,20170403,0,0,0,1899.35,0,0
PETRONET-I,20170403,405.9,416.7,404.55,414.55,2423,3984000
PETRONET-II,20170403,407.7,418.85,407.7,418.85,3,10500
PETRONET-III,20170403,0,0,0,407,0,0
PFC-I,20170403,147.5,149.15,146.3,148.55,2718,32034000
PFC-II,20170403,148.5,149.35,147.1,148.65,30,246000
PFC-III,20170403,0,0,0,145.1,0,0
PIDILITIND-I,20170403,704,707.75,703.5,706.65,467,1786000
PIDILITIND-II,20170403,0,0,0,709.65,0,1000
PIDILITIND-III,20170403,0,0,0,702.55,0,0
PNB-I,20170403,150.95,151.65,148.9,149.55,4512,52220000
PNB-II,20170403,150.3,150.5,148.6,149.1,38,868000
PNB-III,20170403,148.85,148.85,147.7,147.8,10,49000
POWERGRID-I,20170403,197.7,198.9,196.8,197.3,1163,33104000
POWERGRID-II,20170403,198,198.05,197.55,197.55,4,32000
POWERGRID-III,20170403,0,0,0,198.75,0,0
PTC-I,20170403,93,93.9,92.75,93.6,398,14496000
PTC-II,20170403,94.1,94.1,94.1,94.1,2,32000
PTC-III,20170403,0,0,0,93.45,0,0
PVR-I,20170403,1441.95,1451.5,1439,1445.05,131,60000
PVR-II,20170403,0,0,0,1442.35,0,800
PVR-III,20170403,0,0,0,1440.85,0,0
RCOM-I,20170403,38.4,39.25,38.2,39.15,1344,90456000
RCOM-II,20170403,38.8,39.4,38.75,39.35,30,1284000
RCOM-III,20170403,38.6,39.4,38.6,39.35,4,48000
RDEL-I,20170403,68.3,69.9,68.1,68.6,765,7677000
RDEL-II,20170403,68.7,68.7,68.7,68.7,1,9000
RDEL-III,20170403,0,0,0,67.1,0,0
RECLTD-I,20170403,181.55,182.4,179.7,180.55,1827,27096000
RECLTD-II,20170403,181.95,181.95,180.8,181,13,294000
RECLTD-III,20170403,182.85,182.85,182.85,182.85,1,6000
RELCAPITAL-I,20170403,619.9,627.95,619.2,623.55,7396,12291000
RELCAPITAL-II,20170403,627.15,630,620.35,626.9,20,109500
RELCAPITAL-III,20170403,0,0,0,650,0,1500
RELIANCE-I,20170403,1350,1381.3,1340,1376.15,39805,16304000
RELIANCE-II,20170403,1340.1,1377.6,1339.1,1373.9,562,297000
RELIANCE-III,20170403,1347.35,1385.8,1347.35,1375,16,6000
RELINFRA-I,20170403,573.85,582.75,573.1,577.9,6188,10390900
RELINFRA-II,20170403,577,584,576.3,580,26,65000
RELINFRA-III,20170403,0,0,0,573.3,0,0
RPOWER-I,20170403,48.45,50.4,48.4,50.05,1995,59064000
RPOWER-II,20170403,49.2,50.9,49.2,50.4,42,840000
RPOWER-III,20170403,0,0,0,48.55,0,0
SAIL-I,20170403,61.8,63.9,61.65,63.35,2495,55248000
SAIL-II,20170403,62.3,64,62.3,63.5,36,684000
SAIL-III,20170403,0,0,0,62.1,0,0
SBIN-I,20170403,294.2,295.65,292.5,294.55,11669,73422000
SBIN-II,20170403,295.25,295.5,292.8,294.7,141,1035000
SBIN-III,20170403,293.7,294.3,292,294.3,26,123000
SHREECEM-I,20170403,17200,17850.3,17181.1,17258.4,756,24750
SHREECEM-II,20170403,0,0,0,17425.65,0,0
SHREECEM-III,20170403,0,0,0,17537.45,0,0
SIEMENS-I,20170403,1261,1309.6,1259.3,1308.05,2790,966500
SIEMENS-II,20170403,1313,1313,1313,1313,1,500
SIEMENS-III,20170403,0,0,0,1272.2,0,0
SINTEX-I,20170403,106.4,108.9,106.2,108.45,1899,38375250
SINTEX-II,20170403,106.85,108.5,106.85,108.05,11,220875
SINTEX-III,20170403,0,0,0,107.2,0,0
SOUTHBANK-I,20170403,21.7,21.85,21.55,21.7,700,86961984
SOUTHBANK-II,20170403,21.85,21.95,21.75,21.85,16,1060512
SOUTHBANK-III,20170403,0,0,0,20.6,0,0
SRF-I,20170403,1623.6,1677.85,1623.6,1668.95,1874,869500
SRF-II,20170403,0,0,0,1576.95,0,0
SRF-III,20170403,0,0,0,1631,0,0
SRTRANSFIN-I,20170403,1088.05,1110.95,1086.45,1106.05,2268,2011800
SRTRANSFIN-II,20170403,0,0,0,1049,0,3600
SRTRANSFIN-III,20170403,0,0,0,1070.35,0,0
STAR-I,20170403,1106.05,1147,1106,1133.65,1781,2066000
STAR-II,20170403,1115.05,1142.1,1115.05,1142.1,17,7000
STAR-III,20170403,0,0,0,1122.35,0,0
SUNPHARMA-I,20170403,693.35,696.65,688,695.85,5075,28281400
SUNPHARMA-II,20170403,692.2,699.45,691.6,698.85,82,147700
SUNPHARMA-III,20170403,0,0,0,698.6,0,0
SUNTV-I,20170403,795.95,800.75,790.3,797.05,2693,6938000
SUNTV-II,20170403,795.05,801.95,793.15,799.4,46,78000
SUNTV-III,20170403,0,0,0,801.5,0,0
SUZLON-I,20170403,19.25,19.55,19.1,19.3,2150,87870000
SUZLON-II,20170403,19.6,19.6,19.2,19.4,73,3540000
SUZLON-III,20170403,19.6,19.65,19.5,19.55,10,840000
SYNDIBANK-I,20170403,71.95,72,70.75,71.5,452,13383000
SYNDIBANK-II,20170403,71.7,71.7,71.7,71.7,1,9000
SYNDIBANK-III,20170403,71.2,71.2,71.2,71.2,2,18000
TATACHEM-I,20170403,604.65,606.65,598.3,602.1,737,3906000
TATACHEM-II,20170403,604.85,604.85,602.7,604.25,12,21000
TATACHEM-III,20170403,0,0,0,604.55,0,0
TATACOMM-I,20170403,731,738.5,725.8,734.4,1504,6869800
TATACOMM-II,20170403,736,739,736,739,6,8400
TATACOMM-III,20170403,0,0,0,725.8,0,0
TATAELXSI-I,20170403,1480.95,1503.3,1479,1496.1,999,1240800
TATAELXSI-II,20170403,1504.95,1504.95,1504.95,1504.95,1,2400
TATAELXSI-III,20170403,0,0,0,1499.35,0,0
TATAGLOBAL-I,20170403,151,153.95,150.75,152.7,1726,31783500
TATAGLOBAL-II,20170403,152.1,154.5,152.1,153.6,16,139500
TATAGLOBAL-III,20170403,0,0,0,152.7,0,0
TATAMOTORS-I,20170403,469.2,473,468.3,471,5186,40779000
TATAMOTORS-II,20170403,471.9,475.05,470.4,472.95,81,342000
TATAMOTORS-III,20170403,0,0,0,476.25,0,0
TATAMTRDVR-I,20170403,284.9,285.55,281.5,282.65,1235,20275500
TATAMTRDVR-II,20170403,287.25,287.25,283.5,284.15,32,90300
TATAMTRDVR-III,20170403,0,0,0,286.35,0,0
TATAPOWER-I,20170403,91.15,91.2,89.5,89.75,727,28899000
TATAPOWER-II,20170403,90.25,90.25,90.25,90.25,2,36000
TATAPOWER-III,20170403,0,0,0,91.45,0,0
TATASTEEL-I,20170403,486.9,492,485,488.25,8166,23356000
TATASTEEL-II,20170403,489.1,494.2,488.15,490.1,78,262000
TATASTEEL-III,20170403,0,0,0,485.55,0,0
TCS-I,20170403,2440.05,2442.95,2412.5,2417.65,3324,6247000
TCS-II,20170403,2434,2434,2419.95,2422.55,141,39500
TCS-III,20170403,0,0,0,2481.95,0,0
TECHM-I,20170403,461.35,461.35,453,455.4,3330,12592800
TECHM-II,20170403,460,460,455,457.05,56,85800
TECHM-III,20170403,0,0,0,468.95,0,0
TITAN-I,20170403,461.3,464.1,457.6,461.75,969,4996500
TITAN-II,20170403,462.05,462.1,462.05,462.1,3,16500
TITAN-III,20170403,0,0,0,465,0,0
TORNTPHARM-I,20170403,1526.65,1527.85,1458.4,1503.55,1136,250400
TORNTPHARM-II,20170403,0,0,0,1529,0,1200
TORNTPHARM-III,20170403,0,0,0,1522.25,0,0
TORNTPOWER-I,20170403,229.3,238.2,225,236.5,1032,3456000
TORNTPOWER-II,20170403,0,0,0,223,0,6000
TORNTPOWER-III,20170403,0,0,0,240.5,0,0
TV18BRDCST-I,20170403,42.5,45.05,42.4,44.35,2591,94979000
TV18BRDCST-II,20170403,44.9,45,44.6,44.6,10,153000
TV18BRDCST-III,20170403,0,0,0,42.8,0,17000
TVSMOTOR-I,20170403,432,434.4,430.85,433.05,757,4394000
TVSMOTOR-II,20170403,432,432.7,431.75,432.7,6,16000
TVSMOTOR-III,20170403,0,0,0,443.25,0,0
UBL-I,20170403,759.95,768.1,750,765,561,1064000
UBL-II,20170403,0,0,0,774,0,0
UBL-III,20170403,0,0,0,792.25,0,0
UJJIVAN-I,20170403,427,427,414.65,415.65,1924,2937600
UJJIVAN-II,20170403,419.7,419.7,412.35,414.7,55,58800
UJJIVAN-III,20170403,0,0,0,437.4,0,0
ULTRACEMCO-I,20170403,4040,4072.95,4020.9,4039.8,2196,2392800
ULTRACEMCO-II,20170403,4070,4080,4040,4040,11,2400
ULTRACEMCO-III,20170403,0,0,0,4055.35,0,0
UNIONBANK-I,20170403,156.75,157,153.9,155.4,1819,18720000
UNIONBANK-II,20170403,155.25,155.25,154.1,154.5,6,284000
UNIONBANK-III,20170403,153.3,154.2,153.3,153.9,11,108000
UPL-I,20170403,732.85,746.55,728.9,739.3,4374,5298000
UPL-II,20170403,740.5,745,740,743.65,12,15600
UPL-III,20170403,0,0,0,726.5,0,0
VEDL-I,20170403,258.55,259.35,254.8,256.25,5303,37114000
VEDL-II,20170403,256.2,256.2,252,253.2,92,689500
VEDL-III,20170403,0,0,0,279.1,0,0
VOLTAS-I,20170403,418.5,420,415.1,416.2,2804,6730000
VOLTAS-II,20170403,417,418.55,416,416.6,29,78000
VOLTAS-III,20170403,0,0,0,420.3,0,0
WIPRO-I,20170403,514.75,515,507.25,509,1330,7210800
WIPRO-II,20170403,513.3,514.4,509.75,509.75,51,57600
WIPRO-III,20170403,0,0,0,524.6,0,0
WOCKPHARMA-I,20170403,725,777.8,725,769.55,12206,3906600
WOCKPHARMA-II,20170403,735.15,778.95,735.15,771.8,73,23400
WOCKPHARMA-III,20170403,0,0,0,738.7,0,0
YESBANK-I,20170403,1555,1558.9,1542.1,1546.75,4564,7358400
YESBANK-II,20170403,1552,1552.8,1542.55,1548,30,94500
YESBANK-III,20170403,1550,1550.2,1545.2,1545.2,6,4200
ZEEL-I,20170403,540,540,530.05,531.25,1682,7624500
ZEEL-II,20170403,537.55,537.55,532.2,534.25,26,35100
ZEEL-III,20170403,0,0,0,541.35,0,0
