BANKNIFTY-I,20170410,21355.5,21585.95,21355.5,21558.85,52254,2954240
BANKNIFTY-II,20170410,21479.95,21607.95,21440,21579.85,871,56600
BANKNIFTY-III,20170410,21498.1,21610,21480,21580.15,107,8040
DJIA-I,20170410,20642.5,20650,20605,20625,116,24240
DJIA-II,20170410,0,0,0,20565,0,720
DJIA-III,20170410,0,0,0,19047.5,0,0
DJIA-IIII,20170410,0,0,0,19507.5,0,0
DJIA-IIIII,20170410,0,0,0,21150,0,0
DJIA-IIIIII,20170410,0,0,0,22335,0,0
FTSE100-I,20170410,0,0,0,7326,0,0
FTSE100-II,20170410,0,0,0,7396,0,0
FTSE100-III,20170410,0,0,0,6411,0,0
FTSE100-IIII,20170410,0,0,0,7152,0,0
FTSE100-IIIII,20170410,0,0,0,7457,0,0
FTSE100-IIIIII,20170410,0,0,0,7912,0,0
NIFTY-I,20170410,9225.6,9248.3,9194,9209.35,89731,20688075
NIFTY-II,20170410,9246,9267.2,9221.05,9232.55,2980,2245200
NIFTY-III,20170410,9235,9276.15,9234,9245.05,447,308775
NIFTYCPSE-I,20170410,0,0,0,2585,0,2000
NIFTYCPSE-II,20170410,0,0,0,2631.5,0,0
NIFTYCPSE-III,20170410,0,0,0,2555.7,0,0
NIFTYINFRA-I,20170410,0,0,0,2940.9,0,0
NIFTYINFRA-II,20170410,0,0,0,3061.4,0,0
NIFTYINFRA-III,20170410,0,0,0,3134.3,0,0
NIFTYIT-I,20170410,10453,10529,10311,10348,318,47900
NIFTYIT-II,20170410,0,0,0,10861,0,0
NIFTYIT-III,20170410,0,0,0,10911,0,0
NIFTYMID50-I,20170410,0,0,0,3981.7,0,0
NIFTYMID50-II,20170410,0,0,0,4216.95,0,0
NIFTYMID50-III,20170410,0,0,0,4437.85,0,0
NIFTYPSE-I,20170410,0,0,0,4144.1,0,200
NIFTYPSE-II,20170410,0,0,0,4166.25,0,0
NIFTYPSE-III,20170410,0,0,0,4033.05,0,0
S&P500-I,20170410,2355.5,2357.5,2351.25,2352.5,309,512500
S&P500-II,20170410,0,0,0,2342,0,750
S&P500-III,20170410,0,0,0,2232,0,0
S&P500-IIII,20170410,0,0,0,2300,0,0
S&P500-IIIII,20170410,0,0,0,2410,0,0
S&P500-IIIIII,20170410,0,0,0,2540.5,0,0
ABIRLANUVO-I,20170410,1533.25,1574.65,1532,1570.3,2238,3533200
ABIRLANUVO-II,20170410,1567.95,1568,1567.95,1568,9,18800
ABIRLANUVO-III,20170410,0,0,0,1570,0,400
ACC-I,20170410,1460.3,1480,1460.3,1476.05,1349,1712000
ACC-II,20170410,1478.25,1482.3,1478,1478,7,19600
ACC-III,20170410,0,0,0,1442.75,0,0
ADANIENT-I,20170410,118,120.6,117.6,120.2,3115,19864000
ADANIENT-II,20170410,119.95,120.9,119.95,120.9,9,256000
ADANIENT-III,20170410,0,0,0,107.6,0,0
ADANIPORTS-I,20170410,348.65,354.7,347,353.15,2906,12070000
ADANIPORTS-II,20170410,350,355,350,354.35,33,202500
ADANIPORTS-III,20170410,0,0,0,345,0,0
ADANIPOWER-I,20170410,44.4,45.1,43.65,44.4,1416,132060000
ADANIPOWER-II,20170410,44.75,44.75,44.1,44.6,16,840000
ADANIPOWER-III,20170410,0,0,0,40.6,0,0
AJANTPHARM-I,20170410,1737.3,1830.1,1723,1742.95,1567,676400
AJANTPHARM-II,20170410,1741.85,1821.95,1741.85,1758.85,13,5200
AJANTPHARM-III,20170410,1803.7,1803.7,1803.7,1803.7,2,800
ALBK-I,20170410,72.75,74.4,72.3,74.1,1078,13980000
ALBK-II,20170410,73,74.5,73,74.25,5,440000
ALBK-III,20170410,0,0,0,73.45,0,30000
AMARAJABAT-I,20170410,895.1,903.4,887,889.6,882,1825200
AMARAJABAT-II,20170410,895.8,900.8,894,900.3,16,16200
AMARAJABAT-III,20170410,0,0,0,884.9,0,0
AMBUJACEM-I,20170410,244.35,245.4,242.2,244.95,1424,10402500
AMBUJACEM-II,20170410,244.5,245.4,244.05,244.05,6,65000
AMBUJACEM-III,20170410,0,0,0,237.95,0,0
ANDHRABANK-I,20170410,58.15,59.25,58.1,59.05,811,19680000
ANDHRABANK-II,20170410,58.2,59.4,58.2,59.4,10,430000
ANDHRABANK-III,20170410,0,0,0,58.25,0,0
APOLLOHOSP-I,20170410,1180,1186,1155.65,1181.85,2099,2091600
APOLLOHOSP-II,20170410,1176.8,1176.8,1176.4,1176.4,3,4000
APOLLOHOSP-III,20170410,0,0,0,1175.15,0,0
APOLLOTYRE-I,20170410,215.65,218.4,214.35,217.05,3816,14466000
APOLLOTYRE-II,20170410,215.95,218.65,215.95,218,24,168000
APOLLOTYRE-III,20170410,0,0,0,218.35,0,3000
ARVIND-I,20170410,394.9,403.55,394.9,399.8,2367,6614000
ARVIND-II,20170410,402,404.8,397.4,402.05,40,92000
ARVIND-III,20170410,406.85,406.85,404.7,404.7,2,4000
ASHOKLEY-I,20170410,83.95,84.5,82.3,82.85,3576,88270000
ASHOKLEY-II,20170410,84.6,84.6,82.75,83.25,101,1764000
ASHOKLEY-III,20170410,83.7,83.7,83,83.5,4,140000
ASIANPAINT-I,20170410,1079.4,1083.9,1062.7,1064.7,2212,3958800
ASIANPAINT-II,20170410,1086,1086,1068.65,1069.05,38,48600
ASIANPAINT-III,20170410,1073.6,1073.6,1073.6,1073.6,1,1800
AUROPHARMA-I,20170410,662.1,664.6,655.25,658.4,4103,14364700
AUROPHARMA-II,20170410,666.5,667.1,658.95,662.1,184,184100
AUROPHARMA-III,20170410,666,668,662,662.35,8,6300
AXISBANK-I,20170410,504.7,513.6,503.6,511.25,10154,29703600
AXISBANK-II,20170410,507.15,514.3,507.15,512.85,80,175200
AXISBANK-III,20170410,509.3,514.65,509.3,511.75,10,13200
BAJAJ-AUTO-I,20170410,2845.65,2854.95,2832,2843.8,1614,1578250
BAJAJ-AUTO-II,20170410,2842.5,2851.8,2842.45,2842.45,4,6750
BAJAJ-AUTO-III,20170410,0,0,0,2859.95,0,0
BAJFINANCE-I,20170410,1205.45,1249.9,1191,1240.85,6886,4353500
BAJFINANCE-II,20170410,1207,1250,1198.5,1245.7,56,41000
BAJFINANCE-III,20170410,0,0,0,1200.85,0,0
BANKBARODA-I,20170410,169.2,172.35,168.3,171.25,7228,50659000
BANKBARODA-II,20170410,169.7,172.8,168.95,171.85,95,507500
BANKBARODA-III,20170410,169,170,169,170,3,49000
BANKINDIA-I,20170410,140.15,145.6,139.65,144.95,4112,25896000
BANKINDIA-II,20170410,140.1,145.2,139.85,144.45,95,720000
BANKINDIA-III,20170410,144,144,144,144,1,12000
BATAINDIA-I,20170410,563,575,562.6,570.35,1358,4380200
BATAINDIA-II,20170410,568,575.9,568,574.2,12,31900
BATAINDIA-III,20170410,0,0,0,579,0,0
BEL-I,20170410,167.85,173.7,166.35,172.25,3110,27103500
BEL-II,20170410,167.3,174.25,167,173.2,39,184500
BEL-III,20170410,174.65,174.65,174.65,174.65,1,4500
BEML-I,20170410,1369,1393.7,1366.9,1387.85,1537,2336400
BEML-II,20170410,1380.9,1380.9,1380.9,1380.9,2,15000
BEML-III,20170410,0,0,0,1333.6,0,0
BHARATFIN-I,20170410,792.25,798.45,769.2,779.85,3376,20093000
BHARATFIN-II,20170410,798.85,798.85,778.55,783.4,7,124000
BHARATFIN-III,20170410,0,0,0,820.85,0,0
BHARATFORG-I,20170410,1076.7,1091.8,1060.5,1085.15,3404,4065600
BHARATFORG-II,20170410,1078,1092.8,1066.4,1090.25,29,30000
BHARATFORG-III,20170410,0,0,0,1044.1,0,0
BHARTIARTL-I,20170410,346.45,346.65,340.6,345.55,1765,38205800
BHARTIARTL-II,20170410,341.5,345.95,340,345.3,40,419900
BHARTIARTL-III,20170410,341.2,345.7,341.2,345.7,21,146200
BHEL-I,20170410,176,178.35,174.5,175.65,4495,29245000
BHEL-II,20170410,177,178.85,175.5,176.25,100,780000
BHEL-III,20170410,177.2,177.4,176.6,177.4,3,85000
BIOCON-I,20170410,1108.85,1115.1,1102.15,1109.85,1229,2892600
BIOCON-II,20170410,1108.45,1115,1108.45,1115,4,125400
BIOCON-III,20170410,0,0,0,1158.15,0,0
BOSCHLTD-I,20170410,22903.2,23092.05,22745.05,22807.15,661,90300
BOSCHLTD-II,20170410,0,0,0,23073,0,250
BOSCHLTD-III,20170410,0,0,0,22978.95,0,0
BPCL-I,20170410,680.1,705.75,680.1,700.75,9348,10896000
BPCL-II,20170410,690,707.05,686.55,701.35,94,103200
BPCL-III,20170410,0,0,0,651.4,0,0
BRITANNIA-I,20170410,3370.15,3445.95,3355.65,3437.15,918,394200
BRITANNIA-II,20170410,0,0,0,3393,0,1400
BRITANNIA-III,20170410,0,0,0,3452.1,0,0
CADILAHC-I,20170410,459.65,460.8,449.2,451.85,1209,3552000
CADILAHC-II,20170410,454.25,456.7,452.65,452.65,5,16000
CADILAHC-III,20170410,0,0,0,457.95,0,0
CAIRN-I,20170410,301,303.9,298.25,303.15,3347,28875000
CAIRN-II,20170410,299.6,304,299.25,302.95,46,623000
CAIRN-III,20170410,301.25,301.9,301.25,301.9,2,31500
CANBK-I,20170410,305.05,309.3,301.95,308.4,4993,15642048
CANBK-II,20170410,304.95,307.95,301.35,306.65,60,317652
CANBK-III,20170410,302.9,302.9,302.9,302.9,1,33924
CAPF-I,20170410,763.6,786,763.6,781.7,811,713600
CAPF-II,20170410,770.4,776,770,776,4,3200
CAPF-III,20170410,0,0,0,753.3,0,0
CASTROLIND-I,20170410,424.3,442.3,423.45,435.15,2711,8723400
CASTROLIND-II,20170410,425.2,435.05,425.2,432.65,31,82600
CASTROLIND-III,20170410,0,0,0,436.25,0,0
CEATLTD-I,20170410,1371,1388.65,1366.5,1378.95,2362,1824900
CEATLTD-II,20170410,1375,1379.5,1367.65,1376.85,24,17500
CEATLTD-III,20170410,0,0,0,1335.85,0,0
CENTURYTEX-I,20170410,1074.85,1080.5,1061.1,1069.75,3376,8266500
CENTURYTEX-II,20170410,1077,1077,1069,1069,3,58300
CENTURYTEX-III,20170410,0,0,0,1065.45,0,0
CESC-I,20170410,853.5,873.6,843.1,846.5,2919,5713400
CESC-II,20170410,858,858,850,850,4,18700
CESC-III,20170410,0,0,0,857.85,0,0
CGPOWER-I,20170410,79.45,80.55,79.1,80.15,496,15048000
CGPOWER-II,20170410,79.65,80.6,79.25,80.4,16,468000
CGPOWER-III,20170410,0,0,0,78.1,0,0
CIPLA-I,20170410,590.1,593.8,588.1,590.85,817,6565000
CIPLA-II,20170410,593.2,593.2,591.1,591.1,6,48000
CIPLA-III,20170410,0,0,0,608.4,0,0
COALINDIA-I,20170410,284.95,288.6,284.95,287.6,2395,22613400
COALINDIA-II,20170410,287.5,289.75,287.5,289,63,493000
COALINDIA-III,20170410,289.45,289.45,289.05,289.05,2,15300
COLPAL-I,20170410,1008.65,1029.85,1006.15,1018.3,713,1028300
COLPAL-II,20170410,0,0,0,1016.3,0,11200
COLPAL-III,20170410,0,0,0,1025,0,0
CONCOR-I,20170410,1131.55,1143,1101.25,1127.05,2018,1198125
CONCOR-II,20170410,1125,1131.6,1107,1125,10,12500
CONCOR-III,20170410,0,0,0,1289.1,0,0
CUMMINSIND-I,20170410,958.1,991,958.05,984.2,777,709200
CUMMINSIND-II,20170410,986.4,986.4,986.4,986.4,1,600
CUMMINSIND-III,20170410,0,0,0,956.2,0,0
DABUR-I,20170410,284.95,290.45,283.2,288.05,2546,10900000
DABUR-II,20170410,291.45,291.45,288.15,289.65,16,52500
DABUR-III,20170410,0,0,0,278.75,0,0
DALMIABHA-I,20170410,2187.4,2199.9,2100.1,2128.55,770,264000
DALMIABHA-II,20170410,2150,2155,2120,2155,5,5400
DALMIABHA-III,20170410,0,0,0,1989.4,0,0
DCBBANK-I,20170410,169,172.45,168.2,171.6,555,4986000
DCBBANK-II,20170410,169,171.95,168.95,171.9,36,148500
DCBBANK-III,20170410,0,0,0,171.2,0,0
DHFL-I,20170410,387.85,389,383.7,386.55,2857,21954000
DHFL-II,20170410,389.85,390,386.1,388.7,48,300000
DHFL-III,20170410,0,0,0,387,0,6000
DISHTV-I,20170410,100.2,103.35,98.2,102.25,3467,32655000
DISHTV-II,20170410,100.3,103,99.85,102.8,45,315000
DISHTV-III,20170410,0,0,0,104,0,21000
DIVISLAB-I,20170410,659.2,662.4,643.4,658.5,15472,9991800
DIVISLAB-II,20170410,656,665,647,661.7,325,145200
DIVISLAB-III,20170410,666.45,666.45,644.1,644.1,2,2400
DLF-I,20170410,154.6,158.1,153.3,156.95,6189,32455000
DLF-II,20170410,155.9,158.6,154.05,157.5,46,400000
DLF-III,20170410,0,0,0,155.8,0,20000
DRREDDY-I,20170410,2658.65,2673.95,2642.55,2649.3,1980,3324400
DRREDDY-II,20170410,2670.6,2676,2651.65,2660.05,80,58000
DRREDDY-III,20170410,0,0,0,2700.05,0,400
EICHERMOT-I,20170410,25818.1,25818.15,25553.5,25614.95,1357,161950
EICHERMOT-II,20170410,25751,25849.6,25674.4,25697.65,18,11550
EICHERMOT-III,20170410,0,0,0,26088.8,0,0
ENGINERSIN-I,20170410,150.65,151.35,149.9,150.75,752,28910000
ENGINERSIN-II,20170410,152.45,152.45,150.55,151.25,29,350000
ENGINERSIN-III,20170410,0,0,0,146.2,0,0
EQUITAS-I,20170410,165.5,166.5,162,162.55,1223,8131200
EQUITAS-II,20170410,164.6,164.6,162.8,162.8,14,121600
EQUITAS-III,20170410,0,0,0,167.1,0,0
ESCORTS-I,20170410,524.15,549.9,521.5,548.55,3022,1191300
ESCORTS-II,20170410,529,552.75,529,552.75,11,12100
ESCORTS-III,20170410,0,0,0,544.15,0,0
EXIDEIND-I,20170410,227.15,229.8,224.7,228.7,1222,16896000
EXIDEIND-II,20170410,227.5,230,227.5,230,3,128000
EXIDEIND-III,20170410,0,0,0,224.25,0,0
FEDERALBNK-I,20170410,88.2,90.4,88.05,90.1,1962,56914000
FEDERALBNK-II,20170410,89.05,90.7,88.8,90.45,42,550000
FEDERALBNK-III,20170410,0,0,0,92.2,0,11000
GAIL-I,20170410,391.9,391.9,382.85,386.25,979,14002000
GAIL-II,20170410,0,0,0,386.95,0,96000
GAIL-III,20170410,0,0,0,385.4,0,0
GLENMARK-I,20170410,865,874.35,862.25,872.7,1147,3692500
GLENMARK-II,20170410,871,877.05,871,878.6,3,17500
GLENMARK-III,20170410,0,0,0,876.7,0,0
GMRINFRA-I,20170410,16.1,16.2,15.75,15.85,520,211185000
GMRINFRA-II,20170410,16.15,16.25,15.9,15.9,13,2295000
GMRINFRA-III,20170410,0,0,0,16.65,0,0
GODREJCP-I,20170410,1681.5,1707,1681.5,1693.3,379,380800
GODREJCP-II,20170410,0,0,0,1700,0,1600
GODREJCP-III,20170410,0,0,0,1689.85,0,0
GODREJIND-I,20170410,536,547.8,528.1,539.75,1423,1962000
GODREJIND-II,20170410,0,0,0,520.45,0,3000
GODREJIND-III,20170410,0,0,0,510.9,0,0
GRANULES-I,20170410,139.3,140.25,137.6,138.95,364,13210000
GRANULES-II,20170410,140.8,140.85,140.8,139.85,3,40000
GRANULES-III,20170410,0,0,0,142.95,0,45000
GRASIM-I,20170410,1064.2,1093.75,1062.4,1091.75,4093,6354750
GRASIM-II,20170410,1068,1094.75,1065,1094.75,14,29250
GRASIM-III,20170410,0,0,0,1086.2,0,0
HAVELLS-I,20170410,475.95,477.1,467.85,473.1,1105,4558000
HAVELLS-II,20170410,476,476,476,476,1,32000
HAVELLS-III,20170410,0,0,0,478.9,0,0
HCLTECH-I,20170410,848.45,854.8,834.25,836.05,2750,8731100
HCLTECH-II,20170410,846.05,848,835,835.2,29,71400
HCLTECH-III,20170410,0,0,0,890.55,0,0
HDFC-I,20170410,1490.2,1490.2,1471.5,1474.7,4371,10006000
HDFC-II,20170410,1483.45,1486.5,1477.1,1480.15,19,66500
HDFC-III,20170410,0,0,0,1501.6,0,5000
HDFCBANK-I,20170410,1436.55,1437.25,1429.3,1433.7,5140,30376500
HDFCBANK-II,20170410,1431.5,1433.7,1427.25,1428,33,67000
HDFCBANK-III,20170410,0,0,0,1422,0,5500
HDIL-I,20170410,83.05,84.2,82.2,83.2,2212,22704000
HDIL-II,20170410,83.8,84.5,82.6,83.65,24,440000
HDIL-III,20170410,83.5,83.5,83.5,83.5,1,16000
HEROMOTOCO-I,20170410,3222.35,3229.05,3190,3210.25,1573,1501400
HEROMOTOCO-II,20170410,3218.65,3218.65,3205.2,3205.2,3,10800
HEROMOTOCO-III,20170410,0,0,0,3285.85,0,0
HEXAWARE-I,20170410,213.75,214.6,210,210.85,453,4149000
HEXAWARE-II,20170410,211.65,212,211.65,212,2,12000
HEXAWARE-III,20170410,0,0,0,222.35,0,0
HINDALCO-I,20170410,193.25,196.1,192.6,195.5,6483,39179000
HINDALCO-II,20170410,194.75,196.65,194,196.35,49,381500
HINDALCO-III,20170410,0,0,0,195.05,0,7000
HINDPETRO-I,20170410,540.35,547.8,539.9,544.75,5746,19460700
HINDPETRO-II,20170410,545,548.5,542.05,545.8,46,134400
HINDPETRO-III,20170410,0,0,0,526,0,0
HINDUNILVR-I,20170410,925.6,930.4,917.4,927.55,2474,6957600
HINDUNILVR-II,20170410,924.05,929,921.05,929,12,26400
HINDUNILVR-III,20170410,920,920,920,920,1,1200
HINDZINC-I,20170410,284.75,289.5,283.85,287.75,1425,12400000
HINDZINC-II,20170410,286.05,288.65,286.05,287.75,5,124800
HINDZINC-III,20170410,0,0,0,290.5,0,3200
IBREALEST-I,20170410,89.65,90.45,86.5,89.75,747,26990000
IBREALEST-II,20170410,90.35,90.35,90.35,89.75,2,460000
IBREALEST-III,20170410,0,0,0,89.5,0,20000
IBULHSGFIN-I,20170410,960,960.6,929,939,5310,19452800
IBULHSGFIN-II,20170410,944.1,944.1,930.2,936.2,46,82400
IBULHSGFIN-III,20170410,0,0,0,1007.25,0,0
ICICIBANK-I,20170410,278.75,279.8,276.5,278.85,7312,71867500
ICICIBANK-II,20170410,280.35,280.95,278,280.25,101,810000
ICICIBANK-III,20170410,276.1,277.45,275.5,277.45,10,170000
ICIL-I,20170410,196.1,199.35,196.1,197.5,917,11357500
ICIL-II,20170410,198.7,198.7,198.7,198.7,1,31500
ICIL-III,20170410,0,0,0,199.15,0,0
IDBI-I,20170410,75.5,75.95,74.7,75.5,931,41304000
IDBI-II,20170410,75.7,76.15,75.1,75.7,26,928000
IDBI-III,20170410,0,0,0,77.4,0,16000
IDEA-I,20170410,88,88.4,87.05,87.95,2309,90377000
IDEA-II,20170410,88,88.5,87.5,88.15,43,1435000
IDEA-III,20170410,87.1,87.35,87.1,87.35,2,14000
IDFC-I,20170410,57.65,59.2,57.1,58.75,2336,105138000
IDFC-II,20170410,57.6,59.45,57.55,59.05,45,646800
IDFC-III,20170410,0,0,0,55.45,0,0
IDFCBANK-I,20170410,60.7,61.25,60.2,60.45,2069,95336000
IDFCBANK-II,20170410,61.25,61.55,60.6,60.75,75,2016000
IDFCBANK-III,20170410,61.1,61.1,61,61,2,88000
IFCI-I,20170410,29.85,30.2,29.7,30.05,557,72160000
IFCI-II,20170410,30.1,30.15,29.95,30.15,11,1342000
IFCI-III,20170410,30.15,30.15,30.15,30.15,4,154000
IGL-I,20170410,998.6,1013.95,998.25,1007.3,987,2620200
IGL-II,20170410,1015.05,1018.9,1014.25,1014.25,7,18700
IGL-III,20170410,0,0,0,1019.9,0,0
INDIACEM-I,20170410,164,165.35,162.6,164.05,1856,22837500
INDIACEM-II,20170410,164.05,165.7,164,164.7,5,168000
INDIACEM-III,20170410,0,0,0,163.2,0,0
INDIANB-I,20170410,272.6,273.3,265.55,271.95,745,1324000
INDIANB-II,20170410,266.7,272.6,266.7,272.6,2,12000
INDIANB-III,20170410,0,0,0,274.3,0,2000
INDIGO-I,20170410,1042.95,1104.55,1032.85,1093.25,2551,898200
INDIGO-II,20170410,1092.9,1097.95,1092.9,1097.95,4,2400
INDIGO-III,20170410,0,0,0,1061.7,0,0
INDUSINDBK-I,20170410,1416.05,1433.05,1410.7,1429.05,2894,8390400
INDUSINDBK-II,20170410,1420.05,1430,1418.55,1430,12,42600
INDUSINDBK-III,20170410,0,0,0,1422,0,1800
INFIBEAM-I,20170410,980,993.65,974.5,979.7,154,1412800
INFIBEAM-II,20170410,0,0,0,963,1,4800
INFIBEAM-III,20170410,0,0,0,1145.75,0,0
INFRATEL-I,20170410,347.75,363.3,347.05,358.05,2337,6654400
INFRATEL-II,20170410,352,361.45,351.85,360,9,43200
INFRATEL-III,20170410,0,0,0,342.35,0,0
INFY-I,20170410,985.9,988.45,954.4,957.95,12756,34884000
INFY-II,20170410,988.85,989.2,957.45,961.4,234,288000
INFY-III,20170410,980,980,950.9,953.1,47,80500
IOC-I,20170410,406.3,414.3,402.65,412.25,7349,19746000
IOC-II,20170410,409.65,415.5,407.65,414.1,92,285000
IOC-III,20170410,415,415,415,415,1,6000
IRB-I,20170410,239.65,240.3,234.65,237.5,1756,16950000
IRB-II,20170410,238.55,239.35,236,239.35,13,72500
IRB-III,20170410,0,0,0,240.4,0,0
ITC-I,20170410,274.5,275.6,272.65,274.95,2738,54794400
ITC-II,20170410,274.55,276.6,274.1,276,57,576000
ITC-III,20170410,271.4,273.4,271.4,272.85,5,52800
JETAIRWAYS-I,20170410,500.45,516.2,489,512.95,8194,5938000
JETAIRWAYS-II,20170410,500.05,516.8,496,514.7,56,81000
JETAIRWAYS-III,20170410,495,495,495,495,1,3000
JINDALSTEL-I,20170410,129.35,130.45,126.35,128.45,1478,42651000
JINDALSTEL-II,20170410,127.05,129.3,127.05,129.25,4,1332000
JINDALSTEL-III,20170410,0,0,0,121,0,0
JISLJALEQS-I,20170410,102,102.5,100.75,102.15,837,40311000
JISLJALEQS-II,20170410,101.55,102.7,101.55,102.7,4,315000
JISLJALEQS-III,20170410,104.35,104.35,101.15,101.15,2,9000
JPASSOCIAT-I,20170410,13.05,13.2,12.65,12.9,702,172312000
JPASSOCIAT-II,20170410,13.3,13.3,12.8,13,13,2992000
JPASSOCIAT-III,20170410,0,0,0,14.05,0,68000
JSWENERGY-I,20170410,66.9,67.4,65.6,65.75,1503,63368000
JSWENERGY-II,20170410,67.7,67.7,66,66,27,424000
JSWENERGY-III,20170410,0,0,0,63.85,0,0
JSWSTEEL-I,20170410,200.1,206.2,199.35,205.1,5632,44847000
JSWSTEEL-II,20170410,201.85,207,200.5,206.45,72,327000
JSWSTEEL-III,20170410,0,0,0,207.5,0,12000
JUBLFOOD-I,20170410,1039.95,1058.45,1030.1,1032.65,1477,1989500
JUBLFOOD-II,20170410,1045,1061.25,1032,1032.15,17,42000
JUBLFOOD-III,20170410,0,0,0,1136.2,0,0
JUSTDIAL-I,20170410,514.7,528.9,506.15,522.9,4448,3472800
JUSTDIAL-II,20170410,512.15,524.95,503.5,519.8,36,80400
JUSTDIAL-III,20170410,0,0,0,514,0,2400
KOTAKBANK-I,20170410,879.1,884,870,880.2,3147,8988800
KOTAKBANK-II,20170410,878.1,884,875,881.8,30,97600
KOTAKBANK-III,20170410,0,0,0,889,0,800
KPIT-I,20170410,130.2,132.6,128.9,129.3,454,5848000
KPIT-II,20170410,0,0,0,131.65,0,8000
KPIT-III,20170410,0,0,0,132,0,4000
KSCL-I,20170410,552.4,562.65,548.55,560.5,1244,2805000
KSCL-II,20170410,558.3,558.3,558.1,558.1,7,19500
KSCL-III,20170410,0,0,0,551.2,0,0
KTKBANK-I,20170410,145.65,147.35,145.5,146.55,1633,27818500
KTKBANK-II,20170410,147.7,147.8,146.3,146.9,45,420375
KTKBANK-III,20170410,0,0,0,142.45,0,0
L&TFH-I,20170410,121.65,122.95,119.7,122.6,1251,23994000
L&TFH-II,20170410,121.45,123.3,120.5,122.95,24,324000
L&TFH-III,20170410,0,0,0,125.5,0,0
LICHSGFIN-I,20170410,626.75,633.5,625.6,630.05,2350,4742100
LICHSGFIN-II,20170410,633.95,634,628.5,632,13,61600
LICHSGFIN-III,20170410,0,0,0,632.85,0,0
LT-I,20170410,1695.15,1712.9,1670.65,1682.1,6846,8192000
LT-II,20170410,1713.2,1713.3,1678.5,1688.55,66,133500
LT-III,20170410,0,0,0,1693.9,0,1000
LUPIN-I,20170410,1410,1424.8,1402.05,1421.35,4768,8873200
LUPIN-II,20170410,1410.55,1429.8,1406.95,1426.85,116,114800
LUPIN-III,20170410,0,0,0,1430,0,2800
M&M-I,20170410,1282.4,1287.5,1271.2,1285.9,1488,4452500
M&M-II,20170410,1280.4,1292,1279,1290.85,18,49000
M&M-III,20170410,0,0,0,1301.35,0,500
M&MFIN-I,20170410,335.5,341.9,331.1,339.9,4144,12810000
M&MFIN-II,20170410,339.45,342.65,334,341.1,29,145000
M&MFIN-III,20170410,0,0,0,339,0,5000
MARICO-I,20170410,301.1,304.2,299.3,300,630,4505800
MARICO-II,20170410,0,0,0,299.3,0,18200
MARICO-III,20170410,0,0,0,301.5,0,0
MARUTI-I,20170410,6290.15,6313.7,6260.55,6287.3,4612,2145300
MARUTI-II,20170410,6333.95,6341.9,6295,6315.4,33,31650
MARUTI-III,20170410,6340,6340,6324.45,6336.85,3,3000
MCDOWELL-N-I,20170410,2033.95,2038.95,1872.15,1893.55,16464,4043000
MCDOWELL-N-II,20170410,2040,2046.55,1884.8,1901.6,406,68250
MCDOWELL-N-III,20170410,1925,1925,1925,1925,1,250
MFSL-I,20170410,643,669.8,635.6,656.1,5673,3952000
MFSL-II,20170410,662.3,672.65,656.45,656.45,7,21000
MFSL-III,20170410,0,0,0,582.3,0,0
MINDTREE-I,20170410,449.6,454.8,445.85,446.5,586,3172800
MINDTREE-II,20170410,448,448,448,448,2,20400
MINDTREE-III,20170410,0,0,0,460.8,0,0
MOTHERSUMI-I,20170410,378.4,382.95,377.4,382.15,1058,8112500
MOTHERSUMI-II,20170410,382,382,382,382,1,40000
MOTHERSUMI-III,20170410,0,0,0,384.95,0,0
MRF-I,20170410,61369.5,61550,60775,61030.9,1130,56430
MRF-II,20170410,61577.7,61577.7,61491.9,61491.9,2,915
MRF-III,20170410,0,0,0,60826.8,0,0
MUTHOOTFIN-I,20170410,381.45,383,374.15,377.55,239,1239000
MUTHOOTFIN-II,20170410,379.1,379.1,379.1,379.1,1,19500
MUTHOOTFIN-III,20170410,0,0,0,380.05,0,0
NCC-I,20170410,84.65,86.8,84.1,86.2,1558,26544000
NCC-II,20170410,86,86.8,85.15,86.65,9,224000
NCC-III,20170410,0,0,0,87,0,8000
NHPC-I,20170410,32.45,32.45,31.8,32.05,407,23031000
NHPC-II,20170410,32.3,32.3,32,32.2,11,702000
NHPC-III,20170410,0,0,0,32.25,0,0
NIITTECH-I,20170410,445,448.3,428.5,430.35,467,679500
NIITTECH-II,20170410,0,0,0,429.65,0,0
NIITTECH-III,20170410,0,0,0,427.1,0,0
NMDC-I,20170410,135.25,136.35,134.4,134.95,830,28866000
NMDC-II,20170410,136.7,136.7,135.3,135.3,10,282000
NMDC-III,20170410,0,0,0,134.35,0,0
NTPC-I,20170410,169.2,169.2,166.05,167.25,1257,20648000
NTPC-II,20170410,168.1,168.15,166.8,167.6,14,140000
NTPC-III,20170410,0,0,0,165.85,0,0
OFSS-I,20170410,3685,3685,3563,3568.4,343,255750
OFSS-II,20170410,3600,3600,3600,3600,1,600
OFSS-III,20170410,0,0,0,3845.75,0,0
OIL-I,20170410,335.15,339.95,335,338.55,444,2102848
OIL-II,20170410,336.25,336.25,336.25,336.25,1,18128
OIL-III,20170410,0,0,0,339,0,4532
ONGC-I,20170410,187.7,188.35,186.85,187.35,2051,50388750
ONGC-II,20170410,188.25,188.9,187.75,188.25,96,1147500
ONGC-III,20170410,0,0,0,190.05,0,11250
ORIENTBANK-I,20170410,142.2,152.8,140.6,150.8,3903,15600000
ORIENTBANK-II,20170410,142,150.3,142,149.15,20,444000
ORIENTBANK-III,20170410,140.8,141.6,140.8,141.6,2,78000
PAGEIND-I,20170410,14299.95,14479.9,14140,14178.95,341,37000
PAGEIND-II,20170410,14226.95,14226.95,14226.95,14226.95,2,100
PAGEIND-III,20170410,0,0,0,14955.35,0,0
PCJEWELLER-I,20170410,433.3,434.25,423.5,431.05,563,1117500
PCJEWELLER-II,20170410,428,428,428,428,1,15000
PCJEWELLER-III,20170410,0,0,0,432,0,1500
PEL-I,20170410,1932.95,1989.9,1918.95,1973.7,883,273600
PEL-II,20170410,1975,1975,1975,1975,1,8700
PEL-III,20170410,0,0,0,1899.35,0,0
PETRONET-I,20170410,409.95,415.3,409,414.3,1386,3999000
PETRONET-II,20170410,413,414.55,413,414.5,6,33000
PETRONET-III,20170410,0,0,0,416,0,1500
PFC-I,20170410,153.95,154.4,150.3,153.25,1826,33138000
PFC-II,20170410,151.8,153.5,151,153.5,12,486000
PFC-III,20170410,0,0,0,157,0,12000
PIDILITIND-I,20170410,711.45,714,705,706.85,535,1965000
PIDILITIND-II,20170410,713.5,713.5,710,710,6,10000
PIDILITIND-III,20170410,0,0,0,702.55,0,0
PNB-I,20170410,147.05,150.2,146.2,149.3,6217,51219000
PNB-II,20170410,146.95,148.6,145.3,148.1,109,1638000
PNB-III,20170410,145.35,145.35,145.3,145.3,2,126000
POWERGRID-I,20170410,195.65,196.5,195.1,196.05,876,35288000
POWERGRID-II,20170410,195.7,195.7,195.7,195.7,1,124000
POWERGRID-III,20170410,0,0,0,198.75,0,0
PTC-I,20170410,95.8,96.55,95.35,95.55,681,13832000
PTC-II,20170410,95.8,95.85,95.8,95.85,3,136000
PTC-III,20170410,0,0,0,93.45,0,0
PVR-I,20170410,1547.05,1564.15,1518.9,1542.6,614,230800
PVR-II,20170410,0,0,0,1525.7,0,2000
PVR-III,20170410,0,0,0,1440.85,0,0
RCOM-I,20170410,38.95,39.05,37.35,37.55,2886,94188000
RCOM-II,20170410,38.8,39.1,37.5,37.7,188,4044000
RCOM-III,20170410,38.75,38.75,37.8,38,90,1284000
RDEL-I,20170410,66.75,69.1,66.75,68.4,853,9972000
RDEL-II,20170410,68.45,69,68.35,68.65,10,126000
RDEL-III,20170410,0,0,0,67.1,0,0
RECLTD-I,20170410,184.75,186,182.25,183.8,1926,26436000
RECLTD-II,20170410,184.35,185.2,183,183.8,16,486000
RECLTD-III,20170410,0,0,0,182,0,6000
RELCAPITAL-I,20170410,612.55,613.3,599.35,607.7,7045,12693000
RELCAPITAL-II,20170410,612.05,615.7,605,612,63,177000
RELCAPITAL-III,20170410,604.65,614.35,604.65,614.35,3,6000
RELIANCE-I,20170410,1413.65,1427,1385,1388.65,24435,15200000
RELIANCE-II,20170410,1413.5,1423.5,1383,1387.4,398,449500
RELIANCE-III,20170410,1430.4,1430.4,1389.6,1392.95,50,32500
RELINFRA-I,20170410,566.9,570.8,561.6,566.9,5153,10918700
RELINFRA-II,20170410,570.75,573.5,565,570.7,78,166400
RELINFRA-III,20170410,0,0,0,573.3,0,0
RPOWER-I,20170410,49.3,49.65,48.8,49.2,766,58596000
RPOWER-II,20170410,49.45,49.7,49.1,49.45,29,1716000
RPOWER-III,20170410,0,0,0,50.5,0,36000
SAIL-I,20170410,67.1,67.65,66.5,67.1,2105,61236000
SAIL-II,20170410,67.35,67.5,66.85,67.35,39,2100000
SAIL-III,20170410,0,0,0,68.1,0,24000
SBIN-I,20170410,290.85,291.55,287.8,290.8,12527,77757000
SBIN-II,20170410,290.5,291.95,288.5,291.45,179,1449000
SBIN-III,20170410,289.8,291,288.1,291,32,279000
SHREECEM-I,20170410,17750,17950,17617.8,17695.4,122,23950
SHREECEM-II,20170410,0,0,0,17425.65,0,0
SHREECEM-III,20170410,0,0,0,17537.45,0,0
SIEMENS-I,20170410,1306.6,1327.9,1299.7,1317.45,1625,1002500
SIEMENS-II,20170410,1299.9,1326.3,1299.9,1326.3,9,6500
SIEMENS-III,20170410,0,0,0,1272.2,0,0
SINTEX-I,20170410,107.9,110.85,107,109.95,1590,37734000
SINTEX-II,20170410,108.1,111,107.5,110.35,30,477375
SINTEX-III,20170410,0,0,0,108.1,0,64125
SOUTHBANK-I,20170410,21.8,22.15,21.7,21.9,625,88088778
SOUTHBANK-II,20170410,22.15,22.25,21.9,22,11,1325640
SOUTHBANK-III,20170410,0,0,0,20.6,0,0
SRF-I,20170410,1650,1661.2,1632.15,1641.35,719,969000
SRF-II,20170410,0,0,0,1652,0,500
SRF-III,20170410,0,0,0,1631,0,0
SRTRANSFIN-I,20170410,1102,1113,1080,1091.05,1227,1822200
SRTRANSFIN-II,20170410,0,0,0,1091.05,0,9000
SRTRANSFIN-III,20170410,0,0,0,1070.35,0,0
STAR-I,20170410,1118.2,1119.5,1098.2,1104.3,716,2148000
STAR-II,20170410,1116.4,1116.4,1104,1104,6,11500
STAR-III,20170410,0,0,0,1122.35,0,0
SUNPHARMA-I,20170410,667,672.75,663.05,670.55,3954,27831300
SUNPHARMA-II,20170410,666.2,676,666.2,673.6,70,284900
SUNPHARMA-III,20170410,678.8,678.8,678.8,678.8,2,10500
SUNTV-I,20170410,774.65,791,771.15,788.8,2871,6684000
SUNTV-II,20170410,772.15,793.65,772.15,793.65,27,112000
SUNTV-III,20170410,0,0,0,801.5,0,0
SUZLON-I,20170410,19.05,19.65,18.95,19.45,2699,136110000
SUZLON-II,20170410,19.2,19.7,19.1,19.6,141,9300000
SUZLON-III,20170410,19.45,19.75,19.45,19.7,7,1320000
SYNDIBANK-I,20170410,70.4,71.75,70.1,71.55,621,14517000
SYNDIBANK-II,20170410,70.5,72,70.5,72,2,72000
SYNDIBANK-III,20170410,0,0,0,71.2,0,18000
TATACHEM-I,20170410,607.95,623,606,619,2869,3840000
TATACHEM-II,20170410,618.65,621.35,618.65,621,10,34500
TATACHEM-III,20170410,0,0,0,604.55,0,0
TATACOMM-I,20170410,720.35,720.4,705.35,708.7,1305,7611800
TATACOMM-II,20170410,712.75,717,712.75,717,2,15400
TATACOMM-III,20170410,0,0,0,725.8,0,0
TATAELXSI-I,20170410,1541,1587.55,1538.2,1571,2876,1198400
TATAELXSI-II,20170410,1565,1565,1550,1563,12,9600
TATAELXSI-III,20170410,0,0,0,1499.35,0,0
TATAGLOBAL-I,20170410,151.15,152.55,150.15,151.6,1489,32440500
TATAGLOBAL-II,20170410,152.6,153,151.2,152.1,20,306000
TATAGLOBAL-III,20170410,0,0,0,152.35,0,18000
TATAMOTORS-I,20170410,470.8,477.4,467.05,473.85,11681,42672000
TATAMOTORS-II,20170410,472.15,478.5,469.1,475.1,288,630000
TATAMOTORS-III,20170410,473.7,480.35,473.7,477.7,5,10500
TATAMTRDVR-I,20170410,285.5,293.4,282.75,290.7,3066,19899600
TATAMTRDVR-II,20170410,285.75,294.4,285.75,292.35,36,287700
TATAMTRDVR-III,20170410,0,0,0,288,0,2100
TATAPOWER-I,20170410,88,88.15,87.2,87.5,546,30690000
TATAPOWER-II,20170410,0,0,0,88.25,0,108000
TATAPOWER-III,20170410,0,0,0,91.45,0,0
TATASTEEL-I,20170410,495,500.45,491.2,497.6,9466,23572000
TATASTEEL-II,20170410,498,502.1,495,499.8,120,394000
TATASTEEL-III,20170410,501,501,501,501,2,20000
TCS-I,20170410,2427.05,2447,2403.05,2416.65,7234,5980750
TCS-II,20170410,2443.5,2450,2415,2422.85,90,59500
TCS-III,20170410,0,0,0,2395,0,500
TECHM-I,20170410,447.3,448.85,442.7,443.8,2071,12885400
TECHM-II,20170410,449.5,450.1,445.8,446.1,14,129800
TECHM-III,20170410,0,0,0,450,0,2200
TITAN-I,20170410,489,492.35,485.3,488.35,1817,5748000
TITAN-II,20170410,486.9,491.4,486.9,489,9,48000
TITAN-III,20170410,491,491,491,491,1,1500
TORNTPHARM-I,20170410,1468.8,1488,1467.15,1477.15,295,233200
TORNTPHARM-II,20170410,0,0,0,1481,0,2800
TORNTPHARM-III,20170410,0,0,0,1522.25,0,0
TORNTPOWER-I,20170410,232,232,221.6,222.85,462,3924000
TORNTPOWER-II,20170410,0,0,0,237.35,0,6000
TORNTPOWER-III,20170410,0,0,0,240.5,0,0
TV18BRDCST-I,20170410,43.55,44,43.05,43.55,601,95948000
TV18BRDCST-II,20170410,43.5,44.4,43.5,43.9,10,527000
TV18BRDCST-III,20170410,0,0,0,43.75,0,102000
TVSMOTOR-I,20170410,463.9,468.65,460.15,466.35,2959,6028000
TVSMOTOR-II,20170410,460.9,465.2,458.95,463.05,110,224000
TVSMOTOR-III,20170410,0,0,0,443.25,0,0
UBL-I,20170410,769.2,769.8,734.05,744.65,1393,1039500
UBL-II,20170410,763.4,763.4,745.05,745.05,7,6300
UBL-III,20170410,0,0,0,792.25,0,0
UJJIVAN-I,20170410,387.55,393.5,377.05,380.95,1015,7381200
UJJIVAN-II,20170410,377,377,377,376.7,4,592800
UJJIVAN-III,20170410,0,0,0,405,0,1200
ULTRACEMCO-I,20170410,4120.75,4120.75,4040,4074.7,1721,2385200
ULTRACEMCO-II,20170410,4062,4062,4062,4062,2,4800
ULTRACEMCO-III,20170410,0,0,0,4055.35,0,0
UNIONBANK-I,20170410,153.75,155.95,151.2,155.3,2724,19764000
UNIONBANK-II,20170410,151.05,155.15,151.05,154.85,36,484000
UNIONBANK-III,20170410,150.95,153.45,150.95,153.45,13,144000
UPL-I,20170410,731.7,738.25,729.1,735,1638,6410400
UPL-II,20170410,740,740.75,735,738.45,12,38400
UPL-III,20170410,749.5,749.6,737.85,737.85,62,67200
VEDL-I,20170410,252.85,255,250.4,254.4,7579,41153000
VEDL-II,20170410,249.05,251.5,247.05,250.85,120,2842000
VEDL-III,20170410,0,0,0,251.55,0,7000
VOLTAS-I,20170410,413.9,415,409.2,413.9,1665,7836000
VOLTAS-II,20170410,415.05,415.5,410,414.65,12,146000
VOLTAS-III,20170410,0,0,0,420.3,0,0
WIPRO-I,20170410,512,516.85,501.6,503.3,3419,8419200
WIPRO-II,20170410,510.8,517.85,503.7,504.5,61,108000
WIPRO-III,20170410,0,0,0,524.6,0,0
WOCKPHARMA-I,20170410,766.3,773.95,761,765.6,1650,3498600
WOCKPHARMA-II,20170410,767.15,771.05,765.05,770.45,35,42600
WOCKPHARMA-III,20170410,0,0,0,738.7,0,0
YESBANK-I,20170410,1562.7,1607.5,1559.65,1603.25,13462,8439200
YESBANK-II,20170410,1563,1605,1560.9,1601.4,267,177100
YESBANK-III,20170410,1568.3,1589.25,1568,1584.95,7,9100
ZEEL-I,20170410,546.35,555.9,545,553.65,2019,6830200
ZEEL-II,20170410,554,556.2,554,556.2,5,70200
ZEEL-III,20170410,0,0,0,541.35,0,0
