BANKNIFTY-I,20170710,23530,23723,23475,23663.05,50601,2682720
BANKNIFTY-II,20170710,23577.4,23774.9,23577.4,23719.65,685,113680
BANKNIFTY-III,20170710,23646.3,23800,23640,23757.6,45,8080
DJIA-I,20170710,21425,21430,21400,21402.5,99,17010
DJIA-II,20170710,0,0,0,21287.5,0,1020
DJIA-III,20170710,0,0,0,19507.5,0,0
DJIA-IIII,20170710,0,0,0,21150,0,0
DJIA-IIIII,20170710,0,0,0,22335,0,0
DJIA-IIIIII,20170710,0,0,0,22790,0,0
FTSE100-I,20170710,0,0,0,7233,0,0
FTSE100-II,20170710,0,0,0,7629,0,0
FTSE100-III,20170710,0,0,0,7152,0,0
FTSE100-IIII,20170710,0,0,0,7457,0,0
FTSE100-IIIII,20170710,0,0,0,7912,0,0
FTSE100-IIIIII,20170710,0,0,0,7982,0,0
NIFTY-I,20170710,9700.15,9793.5,9688.25,9776.95,104771,20087550
NIFTY-II,20170710,9730,9825.85,9728.5,9811.8,5086,1711500
NIFTY-III,20170710,9753.2,9850,9750,9837.95,1160,201150
NIFTYCPSE-I,20170710,0,0,0,2719,0,0
NIFTYCPSE-II,20170710,0,0,0,2635.2,0,0
NIFTYCPSE-III,20170710,0,0,0,2371.45,0,0
NIFTYINFRA-I,20170710,0,0,0,3318.85,0,0
NIFTYINFRA-II,20170710,0,0,0,3264.05,0,0
NIFTYINFRA-III,20170710,0,0,0,3261.55,0,0
NIFTYIT-I,20170710,10100,10389,10100,10368,533,34400
NIFTYIT-II,20170710,0,0,0,10373,0,50
NIFTYIT-III,20170710,0,0,0,10292,0,0
NIFTYMID50-I,20170710,0,0,0,4683.3,0,0
NIFTYMID50-II,20170710,0,0,0,4493.65,0,0
NIFTYMID50-III,20170710,0,0,0,4573.1,0,0
NIFTYPSE-I,20170710,0,0,0,4261.55,0,0
NIFTYPSE-II,20170710,0,0,0,4094.1,0,0
NIFTYPSE-III,20170710,0,0,0,3825.45,0,0
S&P500-I,20170710,2427.25,2428.5,2424.25,2425.25,216,662000
S&P500-II,20170710,0,0,0,2404,0,0
S&P500-III,20170710,0,0,0,2300,0,0
S&P500-IIII,20170710,0,0,0,2410,0,0
S&P500-IIIII,20170710,0,0,0,2540.5,0,0
S&P500-IIIIII,20170710,0,0,0,2595.25,0,0
ACC-I,20170710,1608,1633.75,1607.95,1627.95,1333,1580400
ACC-II,20170710,1622.9,1631.55,1619.15,1631.45,10,63600
ACC-III,20170710,0,0,0,1606,0,0
ADANIENT-I,20170710,134.1,136.6,134.1,135.5,821,23280000
ADANIENT-II,20170710,135.9,136.85,135.9,136.85,5,288000
ADANIENT-III,20170710,0,0,0,135.45,0,0
ADANIPORTS-I,20170710,373.4,378.85,372,376.75,1792,6837500
ADANIPORTS-II,20170710,374.9,379,374.3,377.9,23,137500
ADANIPORTS-III,20170710,0,0,0,370.5,0,0
ADANIPOWER-I,20170710,28.5,30.2,28.5,29.9,1057,121740000
ADANIPOWER-II,20170710,29.45,30.15,29.45,30.1,14,1420000
ADANIPOWER-III,20170710,0,0,0,28.75,0,20000
AJANTPHARM-I,20170710,1558.55,1580,1540.35,1547.4,513,407600
AJANTPHARM-II,20170710,1583.85,1583.85,1583.85,1583.85,1,1200
AJANTPHARM-III,20170710,0,0,0,1572.6,0,0
ALBK-I,20170710,70.85,72.9,70.4,72.55,947,17310000
ALBK-II,20170710,71.5,72.85,71.5,72.55,20,970000
ALBK-III,20170710,0,0,0,67.45,0,10000
AMARAJABAT-I,20170710,863.9,874,863,871.3,650,1327200
AMARAJABAT-II,20170710,874.6,874.6,871,871.05,3,14400
AMARAJABAT-III,20170710,0,0,0,851.2,0,0
AMBUJACEM-I,20170710,254.1,256.2,250.25,255.65,903,11782500
AMBUJACEM-II,20170710,254.7,255.75,253.3,255.45,41,1115000
AMBUJACEM-III,20170710,0,0,0,256.5,0,5000
ANDHRABANK-I,20170710,56.55,58.1,56.25,57.95,831,22120000
ANDHRABANK-II,20170710,56.85,58.2,56.85,58.15,23,370000
ANDHRABANK-III,20170710,0,0,0,55,0,10000
APOLLOHOSP-I,20170710,1256.9,1256.9,1241.55,1253.05,404,1372000
APOLLOHOSP-II,20170710,0,0,0,1263.05,0,11500
APOLLOHOSP-III,20170710,0,0,0,1299.95,0,0
APOLLOTYRE-I,20170710,260.2,261.35,256.6,258.65,1043,13494000
APOLLOTYRE-II,20170710,258.5,260.3,258.5,259.95,4,138000
APOLLOTYRE-III,20170710,0,0,0,246.9,0,0
ARVIND-I,20170710,369.65,372,369.15,370.65,832,5796000
ARVIND-II,20170710,0,0,0,369.5,0,66000
ARVIND-III,20170710,0,0,0,375,0,6000
ASHOKLEY-I,20170710,103.5,104.5,102.6,104.15,2863,59339000
ASHOKLEY-II,20170710,104.1,104.8,103.2,104.55,62,1638000
ASHOKLEY-III,20170710,103.95,105,103.95,105,3,70000
ASIANPAINT-I,20170710,1118.35,1134.55,1113.45,1132.35,1319,2972400
ASIANPAINT-II,20170710,1124.1,1138.05,1120.1,1138.2,19,23400
ASIANPAINT-III,20170710,1125,1137,1125,1137,2,600
AUROPHARMA-I,20170710,706.8,717,701.05,713.55,4370,12640000
AUROPHARMA-II,20170710,707.95,718.8,707.95,716.9,80,280000
AUROPHARMA-III,20170710,0,0,0,703.15,0,2400
AXISBANK-I,20170710,494.05,515,494.05,512.25,6460,33260400
AXISBANK-II,20170710,510.55,517.25,510.5,514.8,164,466800
AXISBANK-III,20170710,516,519,514.6,515.75,16,69600
BAJAJ-AUTO-I,20170710,2727.1,2748.45,2715.15,2744.3,1428,1607750
BAJAJ-AUTO-II,20170710,2735.05,2758,2735.05,2758,9,4750
BAJAJ-AUTO-III,20170710,0,0,0,2847.45,0,750
BAJAJFINSV-I,20170710,4131.15,4160,4120,4125.65,311,447000
BAJAJFINSV-II,20170710,0,0,0,4137,0,750
BAJAJFINSV-III,20170710,0,0,0,4166.25,0,0
BAJFINANCE-I,20170710,1402.9,1417.7,1400,1415.3,1525,3499500
BAJFINANCE-II,20170710,1410.25,1410.25,1410.25,1420.9,2,12500
BAJFINANCE-III,20170710,0,0,0,1399,0,0
BALKRISIND-I,20170710,1710.1,1724,1702.35,1707.1,151,328400
BALKRISIND-II,20170710,0,0,0,1677,0,400
BALKRISIND-III,20170710,0,0,0,1720,0,800
BALRAMCHIN-I,20170710,154.3,155.35,152.3,153.5,301,11714500
BALRAMCHIN-II,20170710,154.25,154.25,154.1,154.1,2,346500
BALRAMCHIN-III,20170710,0,0,0,153.7,0,98000
BANKBARODA-I,20170710,161.8,168.5,161.8,167.5,9664,46329500
BANKBARODA-II,20170710,165.85,168.85,165,168.2,88,745500
BANKBARODA-III,20170710,167.55,167.55,167.2,167.2,2,21000
BANKINDIA-I,20170710,141.65,149.8,141.1,149.15,4584,23814000
BANKINDIA-II,20170710,140.3,147.4,139.75,146.75,896,3744000
BANKINDIA-III,20170710,138.35,145.05,138.35,144.05,38,348000
BATAINDIA-I,20170710,574.6,581.75,573.5,579.25,963,4440700
BATAINDIA-II,20170710,583,583,577,580.05,10,75900
BATAINDIA-III,20170710,0,0,0,538.45,0,0
BEL-I,20170710,171.45,174,171.2,173.05,716,26100000
BEL-II,20170710,173,173,173,173,1,265500
BEL-III,20170710,0,0,0,162.65,0,0
BEML-I,20170710,1570.15,1594.9,1565.3,1578.45,1442,2064000
BEML-II,20170710,1574.9,1600,1574.9,1590.25,8,15000
BEML-III,20170710,0,0,0,1533.9,0,600
BERGEPAINT-I,20170710,248.45,251.3,245.9,250.4,281,1111000
BERGEPAINT-II,20170710,0,0,0,247,0,0
BERGEPAINT-III,20170710,0,0,0,242.85,0,0
BHARATFIN-I,20170710,746.2,773.1,740.4,767.85,7542,15054000
BHARATFIN-II,20170710,752.55,776.75,749,773.1,33,54000
BHARATFIN-III,20170710,0,0,0,720.5,0,0
BHARATFORG-I,20170710,1123.35,1128.8,1113.5,1124.05,1190,3688200
BHARATFORG-II,20170710,1123,1126.9,1117.85,1126.9,19,53400
BHARATFORG-III,20170710,0,0,0,1092.8,0,0
BHARTIARTL-I,20170710,387.1,411.15,387.1,406.8,9334,32553300
BHARTIARTL-II,20170710,390,410.25,390,407.5,119,328100
BHARTIARTL-III,20170710,399.95,406,396.65,406,11,74800
BHEL-I,20170710,136.2,139.25,136,138.05,2249,35425000
BHEL-II,20170710,136.75,139.05,136.4,138,46,1580000
BHEL-III,20170710,0,0,0,136.3,0,15000
BIOCON-I,20170710,324,327,306.95,322.15,3639,11336400
BIOCON-II,20170710,319,326,316.05,323.3,87,288000
BIOCON-III,20170710,325,325,324,324,2,9000
BOSCHLTD-I,20170710,23459.85,23965,23459.85,23910.65,871,94575
BOSCHLTD-II,20170710,0,0,0,23700,0,250
BOSCHLTD-III,20170710,0,0,0,23646.65,0,0
BPCL-I,20170710,662.9,669.45,662.85,665.7,1443,11276400
BPCL-II,20170710,668,670.2,666.2,667.9,25,192000
BPCL-III,20170710,0,0,0,659.25,0,1200
BRITANNIA-I,20170710,3686.45,3746.05,3686.45,3729.7,374,365400
BRITANNIA-II,20170710,0,0,0,3747.1,0,1000
BRITANNIA-III,20170710,0,0,0,3697.1,0,0
CADILAHC-I,20170710,519.35,524.7,517.2,520.15,509,3281600
CADILAHC-II,20170710,522.4,522.4,522.4,522.4,1,28800
CADILAHC-III,20170710,0,0,0,529.55,0,0
CANBK-I,20170710,344.1,361.55,342.6,360.75,7959,15392244
CANBK-II,20170710,340.45,359.1,340.45,357.85,560,1289112
CANBK-III,20170710,348,352.9,348,352.9,4,43176
CANFINHOME-I,20170710,3241,3284.4,3241,3248.35,440,486000
CANFINHOME-II,20170710,3268.15,3271,3260,3260,3,7750
CANFINHOME-III,20170710,0,0,0,3246.5,0,0
CAPF-I,20170710,712.8,722.4,703.6,719.95,611,3244000
CAPF-II,20170710,710.4,725,710.4,725,2,14400
CAPF-III,20170710,0,0,0,670.15,0,0
CASTROLIND-I,20170710,402.05,405.3,401.5,404.35,517,10589600
CASTROLIND-II,20170710,403.7,405,403,405,5,100800
CASTROLIND-III,20170710,0,0,0,407.4,0,0
CEATLTD-I,20170710,1892.95,1911.45,1875.05,1882.9,1678,1461600
CEATLTD-II,20170710,1855.05,1862.3,1854,1857.6,32,52500
CEATLTD-III,20170710,0,0,0,1829.35,0,0
CENTURYTEX-I,20170710,1144,1153.35,1137.7,1144.95,2209,7682950
CENTURYTEX-II,20170710,1141.25,1150.4,1140.5,1145.2,18,52250
CENTURYTEX-III,20170710,0,0,0,1115.75,0,0
CESC-I,20170710,882.45,882.45,872.05,879.25,250,6371200
CESC-II,20170710,877.65,883.4,877.65,882.75,4,16500
CESC-III,20170710,0,0,0,881.6,0,0
CGPOWER-I,20170710,83.1,84.15,82.75,83.6,205,15648000
CGPOWER-II,20170710,84,84,84,84,1,48000
CGPOWER-III,20170710,0,0,0,82.2,0,0
CHENNPETRO-I,20170710,364,368.7,364,366.55,101,414000
CHENNPETRO-II,20170710,351,355.5,351,353.55,17,43500
CHENNPETRO-III,20170710,0,0,0,346,0,12000
CHOLAFIN-I,20170710,1146.05,1146.05,1120.55,1129.85,428,438000
CHOLAFIN-II,20170710,0,0,0,1140.2,0,500
CHOLAFIN-III,20170710,0,0,0,1150,0,500
CIPLA-I,20170710,548.95,554.6,548,552,1007,6542000
CIPLA-II,20170710,553.95,553.95,553.95,553.95,1,38000
CIPLA-III,20170710,0,0,0,552.7,0,0
COALINDIA-I,20170710,252.35,260.65,251.9,260.05,4100,20044700
COALINDIA-II,20170710,254.9,261.75,254.9,261.1,103,822800
COALINDIA-III,20170710,257,262,257,262,2,8500
COLPAL-I,20170710,1096.05,1103.05,1092.3,1099.65,487,1248800
COLPAL-II,20170710,1108.85,1108.85,1108.85,1103.55,2,3500
COLPAL-III,20170710,0,0,0,1105.05,0,0
CONCOR-I,20170710,1191,1210,1190.05,1204.45,627,898750
CONCOR-II,20170710,0,0,0,1156,0,625
CONCOR-III,20170710,0,0,0,1152.25,0,0
CUMMINSIND-I,20170710,909.15,914.65,906,909.25,177,643800
CUMMINSIND-II,20170710,912.05,912.05,912.05,912.05,1,4800
CUMMINSIND-III,20170710,0,0,0,922.55,0,0
DABUR-I,20170710,301,304.5,301,303.45,600,13145000
DABUR-II,20170710,303,303.9,303,303.6,13,45000
DABUR-III,20170710,0,0,0,294.65,0,0
DALMIABHA-I,20170710,2576.9,2635,2576.9,2627.55,387,813600
DALMIABHA-II,20170710,0,0,0,2595,0,600
DALMIABHA-III,20170710,0,0,0,2455.5,0,0
DCBBANK-I,20170710,196.95,196.95,194.7,195.8,647,7024500
DCBBANK-II,20170710,196.65,196.75,196.65,196.75,3,76500
DCBBANK-III,20170710,0,0,0,199.45,0,0
DHFL-I,20170710,435.5,439.1,435.05,436.6,1523,19899000
DHFL-II,20170710,439.45,441.5,436.5,438.55,18,217500
DHFL-III,20170710,0,0,0,439.95,0,13500
DISHTV-I,20170710,79.9,82.1,79.35,81.4,1466,18767000
DISHTV-II,20170710,79.55,81.5,79.55,81.4,23,616000
DISHTV-III,20170710,80,80,80,80,1,7000
DIVISLAB-I,20170710,686.95,748.7,686.95,737.55,8748,7222400
DIVISLAB-II,20170710,689.8,745,685.9,735.65,185,528800
DIVISLAB-III,20170710,705,741.2,705,741.2,15,14400
DLF-I,20170710,203.95,207.35,202.6,204,5959,40760000
DLF-II,20170710,204,206.95,202.6,203.85,56,570000
DLF-III,20170710,0,0,0,202,0,25000
DRREDDY-I,20170710,2692,2739.95,2687.95,2718.45,2555,2282000
DRREDDY-II,20170710,2728.95,2745,2728.95,2735,6,16000
DRREDDY-III,20170710,0,0,0,2695.15,0,0
EICHERMOT-I,20170710,27927.85,28118.2,27800.15,28040.45,885,195850
EICHERMOT-II,20170710,28125.45,28125.45,27962.95,28110,8,1350
EICHERMOT-III,20170710,0,0,0,27790.2,0,0
ENGINERSIN-I,20170710,156.95,158.25,156,157.75,416,12729500
ENGINERSIN-II,20170710,0,0,0,156.55,0,416500
ENGINERSIN-III,20170710,0,0,0,154,0,0
EQUITAS-I,20170710,160.3,164.2,159.8,160.8,844,10201600
EQUITAS-II,20170710,161.05,162.75,161.05,161.25,14,89600
EQUITAS-III,20170710,0,0,0,152.25,0,0
ESCORTS-I,20170710,678.9,681.45,674,677.55,580,4316400
ESCORTS-II,20170710,681,685,680.05,680.7,11,165000
ESCORTS-III,20170710,0,0,0,674.35,0,0
EXIDEIND-I,20170710,230.55,230.95,228.1,229.4,379,12500000
EXIDEIND-II,20170710,232.5,232.5,229.75,229.75,3,72000
EXIDEIND-III,20170710,0,0,0,221.6,0,0
FEDERALBNK-I,20170710,116.2,116.85,114.35,114.9,2064,74184000
FEDERALBNK-II,20170710,117.25,117.25,115,115.4,34,979000
FEDERALBNK-III,20170710,0,0,0,114.9,0,0
FORTIS-I,20170710,161.75,164.9,161.75,163.35,1432,34627500
FORTIS-II,20170710,164.3,164.9,163.6,163.65,12,256500
FORTIS-III,20170710,0,0,0,155,0,2700
GAIL-I,20170710,361.5,368.45,360.15,366.9,1286,10870000
GAIL-II,20170710,362.3,368.45,362.3,367.3,14,118000
GAIL-III,20170710,0,0,0,368.35,0,0
GLENMARK-I,20170710,668.2,681.5,666.5,678.85,1501,5940200
GLENMARK-II,20170710,678.5,684.95,678.5,683,19,67200
GLENMARK-III,20170710,0,0,0,679.9,0,2800
GMRINFRA-I,20170710,19,19.3,18.75,19.1,837,274680000
GMRINFRA-II,20170710,19.1,19.35,19.1,19.25,7,3690000
GMRINFRA-III,20170710,0,0,0,19.3,0,90000
GODFRYPHLP-I,20170710,1260.95,1275.2,1249.55,1255.45,180,677000
GODFRYPHLP-II,20170710,0,0,0,1233.8,0,0
GODFRYPHLP-III,20170710,0,0,0,1236.6,0,0
GODREJCP-I,20170710,975.05,984.9,975.05,979.45,184,1614400
GODREJCP-II,20170710,0,0,0,985.25,0,800
GODREJCP-III,20170710,0,0,0,963.7,0,0
GODREJIND-I,20170710,664.35,667.6,662,666.3,239,1737000
GODREJIND-II,20170710,666.1,667.1,666.1,667.1,2,27000
GODREJIND-III,20170710,0,0,0,640.15,0,0
GRANULES-I,20170710,142.3,144.2,142.15,143.6,258,14260000
GRANULES-II,20170710,0,0,0,141.75,0,75000
GRANULES-III,20170710,0,0,0,135.3,0,0
GRASIM-I,20170710,1260.2,1267,1241,1260.55,1330,4899750
GRASIM-II,20170710,1254.55,1262,1242,1262,12,45000
GRASIM-III,20170710,0,0,0,1249,0,0
GSFC-I,20170710,124.85,126.85,124.6,125.2,242,7920000
GSFC-II,20170710,0,0,0,123.55,0,13500
GSFC-III,20170710,0,0,0,117.6,0,0
HAVELLS-I,20170710,471.25,477.85,470.95,477.1,615,4142000
HAVELLS-II,20170710,476,478,476,477.25,4,62000
HAVELLS-III,20170710,0,0,0,456.95,0,0
HCC-I,20170710,41.6,41.9,41.15,41.3,129,20160000
HCC-II,20170710,0,0,0,41.6,0,120000
HCC-III,20170710,0,0,0,43.15,0,12000
HCLTECH-I,20170710,822.05,857.95,822.05,854.35,2279,5953500
HCLTECH-II,20170710,836.5,856.45,836.5,851.65,10,23800
HCLTECH-III,20170710,0,0,0,861.6,0,0
HDFC-I,20170710,1626.35,1633.95,1610.05,1627.5,3382,8196000
HDFC-II,20170710,1631.1,1642.85,1621.75,1635.9,83,98000
HDFC-III,20170710,0,0,0,1659.1,0,0
HDFCBANK-I,20170710,1666.2,1670.1,1659.05,1667,7758,21960000
HDFCBANK-II,20170710,1664.05,1670.75,1664.05,1668.65,77,179500
HDFCBANK-III,20170710,1669,1672,1669,1672,5,3000
HDIL-I,20170710,86.25,87.9,85.7,86.45,574,35992000
HDIL-II,20170710,87.15,87.15,86.4,86.4,3,1272000
HDIL-III,20170710,0,0,0,88,0,16000
HEROMOTOCO-I,20170710,3676.35,3749,3676.3,3738.25,1600,1315000
HEROMOTOCO-II,20170710,3725.45,3760,3725.45,3751.4,7,9600
HEROMOTOCO-III,20170710,0,0,0,3760,0,800
HEXAWARE-I,20170710,238.45,247,238.45,246.2,735,2235000
HEXAWARE-II,20170710,243,244,243,244,3,30000
HEXAWARE-III,20170710,0,0,0,251.55,0,0
HINDALCO-I,20170710,196.4,198.4,194.6,196.95,3853,44320500
HINDALCO-II,20170710,197.25,199,196,198,36,710500
HINDALCO-III,20170710,195.6,196.15,195.15,196.15,3,10500
HINDPETRO-I,20170710,504.65,514.6,503.25,513.25,2710,20044500
HINDPETRO-II,20170710,510.5,516.35,509.75,515.85,29,145950
HINDPETRO-III,20170710,0,0,0,516.6,0,0
HINDUNILVR-I,20170710,1100.6,1107,1091,1099.9,1737,9147600
HINDUNILVR-II,20170710,1099.15,1109,1099.15,1104.75,8,39600
HINDUNILVR-III,20170710,0,0,0,1106.05,0,0
HINDZINC-I,20170710,270.25,271.05,268.15,269.05,737,14688000
HINDZINC-II,20170710,269.55,269.55,269.55,269.55,1,153600
HINDZINC-III,20170710,0,0,0,266.4,0,0
IBREALEST-I,20170710,206.4,214.5,206.05,212.65,893,33250000
IBREALEST-II,20170710,210.6,211,209.1,211.1,4,920000
IBREALEST-III,20170710,0,0,0,212.8,0,0
IBULHSGFIN-I,20170710,1074,1080.7,1067.8,1071,1341,11451200
IBULHSGFIN-II,20170710,1075,1078.9,1075,1078.9,3,46400
IBULHSGFIN-III,20170710,0,0,0,1113.65,0,0
ICICIBANK-I,20170710,290.2,293.9,290.05,292.85,5225,102880250
ICICIBANK-II,20170710,293.05,295.3,293.05,294.35,169,1130250
ICICIBANK-III,20170710,294.65,294.65,294.65,294.65,1,46750
ICICIPRULI-I,20170710,485.55,489.4,485.5,486.55,186,1357200
ICICIPRULI-II,20170710,489.85,489.85,481.3,488.6,21,18200
ICICIPRULI-III,20170710,0,0,0,481.45,0,0
ICIL-I,20170710,165.2,167.9,164.35,166.6,246,9156000
ICIL-II,20170710,0,0,0,165.7,0,42000
ICIL-III,20170710,0,0,0,174.25,0,0
IDBI-I,20170710,57.3,58.65,57.15,58.35,1225,39120000
IDBI-II,20170710,57.45,58.5,57.45,58.4,125,2056000
IDBI-III,20170710,58.2,58.4,58.2,58.4,2,104000
IDEA-I,20170710,84.25,88.15,84.2,87.8,3997,66521000
IDEA-II,20170710,84.5,88,84.5,87.85,49,1015000
IDEA-III,20170710,87.7,87.7,87.7,87.7,1,28000
IDFC-I,20170710,61,61,56.1,56.5,3262,95462400
IDFC-II,20170710,59.85,59.9,56.45,56.75,104,3828000
IDFC-III,20170710,59.2,59.2,56.8,56.8,4,105600
IDFCBANK-I,20170710,65.4,65.65,62.2,64.65,7492,111051000
IDFCBANK-II,20170710,65.45,65.9,62.05,64.8,168,3294000
IDFCBANK-III,20170710,63.65,65.8,63,65.8,4,81000
IFCI-I,20170710,26.4,27,26.4,26.7,487,80740000
IFCI-II,20170710,26.75,27.05,26.75,26.9,18,1320000
IFCI-III,20170710,0,0,0,26,0,44000
IGL-I,20170710,1084.3,1084.3,1075.3,1079.05,372,1767150
IGL-II,20170710,0,0,0,1087.2,0,2750
IGL-III,20170710,0,0,0,1070.1,0,0
INDIACEM-I,20170710,205.85,207.7,203.1,206.25,1202,27958000
INDIACEM-II,20170710,207,207.45,204.5,207.05,14,164500
INDIACEM-III,20170710,0,0,0,202.45,0,0
INDIANB-I,20170710,305.45,309.4,300.7,307.5,1243,3756000
INDIANB-II,20170710,303.75,309,303.75,308.2,5,26000
INDIANB-III,20170710,0,0,0,284.8,0,0
INDIGO-I,20170710,1258.4,1258.8,1240.1,1243.5,679,1524600
INDIGO-II,20170710,1233.35,1233.35,1219.95,1220,5,87000
INDIGO-III,20170710,0,0,0,1220,0,34200
INDUSINDBK-I,20170710,1531.25,1558.9,1524.1,1555.75,3913,4737000
INDUSINDBK-II,20170710,1535.05,1565.8,1535.05,1562.7,54,151200
INDUSINDBK-III,20170710,0,0,0,1503.95,0,0
INFIBEAM-I,20170710,1151.05,1167.95,1143.4,1152.5,647,1475600
INFIBEAM-II,20170710,0,0,0,1133.05,0,29200
INFIBEAM-III,20170710,0,0,0,1060.3,0,0
INFRATEL-I,20170710,405,409.45,401.2,408.1,717,6766000
INFRATEL-II,20170710,0,0,0,403.9,0,71400
INFRATEL-III,20170710,0,0,0,384.45,0,0
INFY-I,20170710,942.25,964.7,942.25,960.6,10189,31805500
INFY-II,20170710,947.65,968,947.65,965,157,271000
INFY-III,20170710,959,968.05,956.45,967,16,31500
IOC-I,20170710,384.15,388.85,383.05,384.85,1461,24703500
IOC-II,20170710,386.5,390,386.5,386.8,10,189000
IOC-III,20170710,0,0,0,393.25,0,0
IRB-I,20170710,216.5,219.6,215.7,218.5,843,19787500
IRB-II,20170710,217,219,217,219,3,127500
IRB-III,20170710,0,0,0,213.55,0,0
ITC-I,20170710,337.05,337.15,331.5,335,3357,49718400
ITC-II,20170710,337.5,338.15,333.8,336.7,53,717600
ITC-III,20170710,0,0,0,335.7,0,4800
JETAIRWAYS-I,20170710,595.05,611,592,609.35,3234,3914400
JETAIRWAYS-II,20170710,608,613,608,610.35,11,51600
JETAIRWAYS-III,20170710,588.45,588.45,588.45,588.45,1,1200
JINDALSTEL-I,20170710,132.8,136.2,131.35,134.7,3282,42934500
JINDALSTEL-II,20170710,133.9,136.4,133.1,135.6,41,499500
JINDALSTEL-III,20170710,0,0,0,133.85,0,58500
JISLJALEQS-I,20170710,106,106.55,105.3,106.15,507,40734000
JISLJALEQS-II,20170710,106.15,106.15,106.15,106.15,1,288000
JISLJALEQS-III,20170710,0,0,0,106,0,18000
JPASSOCIAT-I,20170710,22.3,22.8,21.65,21.8,157,162792000
JPASSOCIAT-II,20170710,0,0,0,22.25,0,6596000
JPASSOCIAT-III,20170710,0,0,0,23.1,0,0
JSWENERGY-I,20170710,64.85,66.05,63.95,64.45,231,67490000
JSWENERGY-II,20170710,0,0,0,65.1,0,1130500
JSWENERGY-III,20170710,0,0,0,65.9,0,8500
JSWSTEEL-I,20170710,217.05,221.9,215.55,219.3,3169,49254000
JSWSTEEL-II,20170710,217.5,221.95,217.5,220.15,60,363000
JSWSTEEL-III,20170710,0,0,0,208.75,0,0
JUBLFOOD-I,20170710,1099.75,1131.7,1095.75,1116.4,2262,2617000
JUBLFOOD-II,20170710,1114.55,1122.55,1109.65,1109.65,14,17500
JUBLFOOD-III,20170710,0,0,0,967.8,0,0
JUSTDIAL-I,20170710,364.8,379.85,364.8,376.7,2956,4492800
JUSTDIAL-II,20170710,360,372,358,369.95,171,243600
JUSTDIAL-III,20170710,351,364,351,364,9,16800
KAJARIACER-I,20170710,677,678.5,672,677,50,444800
KAJARIACER-II,20170710,0,0,0,677.6,0,2400
KAJARIACER-III,20170710,0,0,0,669.8,0,0
KOTAKBANK-I,20170710,967.55,972.5,960.05,965.85,2992,9045600
KOTAKBANK-II,20170710,965.75,972.9,965.75,971,3,99200
KOTAKBANK-III,20170710,0,0,0,970.45,0,800
KPIT-I,20170710,134.9,134.9,131,133.15,246,4096000
KPIT-II,20170710,132.5,132.55,132.5,132.55,3,96000
KPIT-III,20170710,0,0,0,126.2,0,0
KSCL-I,20170710,637.5,641.6,635.4,638.45,393,4927500
KSCL-II,20170710,637,637,637,637,1,22500
KSCL-III,20170710,0,0,0,680.05,0,0
KTKBANK-I,20170710,166.85,169,164.3,167.9,1677,22853200
KTKBANK-II,20170710,167.1,170.25,166.3,168.6,17,292600
KTKBANK-III,20170710,0,0,0,165.55,0,0
L&TFH-I,20170710,149.25,150.85,148.5,150.15,1089,17167500
L&TFH-II,20170710,149.15,151,149.15,150.3,9,333000
L&TFH-III,20170710,0,0,0,149.45,0,18000
LICHSGFIN-I,20170710,748.55,751.95,745.55,747.3,965,4041400
LICHSGFIN-II,20170710,742,747.25,742,745.2,11,67100
LICHSGFIN-III,20170710,0,0,0,754.9,0,0
LT-I,20170710,1712.8,1731.45,1710.1,1729.3,3906,8641000
LT-II,20170710,1708,1722.45,1705,1719.8,84,316000
LT-III,20170710,0,0,0,1731.7,0,0
LUPIN-I,20170710,1130.15,1154.9,1130.15,1146.5,7633,6936800
LUPIN-II,20170710,1144,1159.75,1140,1151.15,126,281600
LUPIN-III,20170710,1151.15,1155,1146.35,1154.9,7,6800
M&M-I,20170710,1374.4,1377.5,1350.05,1361.65,2054,5612000
M&M-II,20170710,1361.7,1370,1357.5,1369.05,21,27500
M&M-III,20170710,0,0,0,1378,0,0
M&MFIN-I,20170710,361.6,365.3,361.05,364.4,1012,8585000
M&MFIN-II,20170710,0,0,0,360.5,0,135000
M&MFIN-III,20170710,0,0,0,346.6,0,0
MANAPPURAM-I,20170710,103,103.5,101.1,101.95,516,13656000
MANAPPURAM-II,20170710,103.15,103.15,102.3,102.3,3,180000
MANAPPURAM-III,20170710,0,0,0,99.45,0,0
MARICO-I,20170710,322.45,325.5,322.45,324.9,178,4006600
MARICO-II,20170710,0,0,0,321.6,0,0
MARICO-III,20170710,0,0,0,317.85,0,0
MARUTI-I,20170710,7381,7488.8,7381,7453.8,2847,1915800
MARUTI-II,20170710,7416.75,7450.25,7401,7418.3,39,56850
MARUTI-III,20170710,0,0,0,7465,0,450
MCDOWELL-N-I,20170710,2629.1,2653.55,2610,2641.7,1421,2019000
MCDOWELL-N-II,20170710,2679.45,2681,2655,2681,4,21250
MCDOWELL-N-III,20170710,0,0,0,2672.95,0,3000
MCX-I,20170710,1098.45,1100,1088,1091.95,224,1229000
MCX-II,20170710,1088,1089.05,1088,1088.7,3,39500
MCX-III,20170710,0,0,0,1100,0,2500
MFSL-I,20170710,601.7,606,597,600.05,672,4902000
MFSL-II,20170710,0,0,0,609.1,0,19000
MFSL-III,20170710,0,0,0,620.2,0,0
MGL-I,20170710,976.3,984,976.3,982.85,61,439200
MGL-II,20170710,0,0,0,981.15,0,4800
MGL-III,20170710,0,0,0,997.65,0,0
MINDTREE-I,20170710,530.65,535.5,530.25,532.65,447,2820000
MINDTREE-II,20170710,529.05,531,527.8,531,4,64800
MINDTREE-III,20170710,0,0,0,537.4,0,0
MOTHERSUMI-I,20170710,313.85,314.95,297.8,312.7,581,10376250
MOTHERSUMI-II,20170710,314,314.45,314,314.45,7,120000
MOTHERSUMI-III,20170710,0,0,0,464.75,0,0
MRF-I,20170710,70200,70600,69800,69918.85,330,43050
MRF-II,20170710,70340.65,70340.65,70300,70300,2,360
MRF-III,20170710,0,0,0,69769.05,0,0
MRPL-I,20170710,121.95,122.5,121.2,122.15,226,5773500
MRPL-II,20170710,119,120.5,118.9,119.85,89,499500
MRPL-III,20170710,0,0,0,120.9,0,0
MUTHOOTFIN-I,20170710,452.95,456.75,449.35,451.65,254,2295000
MUTHOOTFIN-II,20170710,0,0,0,453.2,0,1500
MUTHOOTFIN-III,20170710,0,0,0,467.7,0,0
NATIONALUM-I,20170710,67.9,68.5,67.8,68.35,56,6384000
NATIONALUM-II,20170710,0,0,0,69.25,0,16000
NATIONALUM-III,20170710,0,0,0,66.2,0,0
NBCC-I,20170710,203.4,207.35,203.4,206.15,155,4467000
NBCC-II,20170710,0,0,0,207.2,0,75000
NBCC-III,20170710,0,0,0,207.7,0,0
NCC-I,20170710,89.9,91.45,89.9,90.9,502,20488000
NCC-II,20170710,90.9,91.5,90.9,91.5,3,208000
NCC-III,20170710,0,0,0,90.6,0,0
NESTLEIND-I,20170710,6920.05,6939.95,6817.1,6840.05,129,85300
NESTLEIND-II,20170710,0,0,0,6985.25,0,800
NESTLEIND-III,20170710,0,0,0,6859.85,0,0
NHPC-I,20170710,32,32.4,31.85,32.25,158,23922000
NHPC-II,20170710,0,0,0,32.1,0,135000
NHPC-III,20170710,0,0,0,33,0,0
NIITTECH-I,20170710,554.2,568,554.2,564.9,236,700500
NIITTECH-II,20170710,0,0,0,501.1,0,0
NIITTECH-III,20170710,0,0,0,581.55,0,0
NMDC-I,20170710,116.3,118.55,116.3,118.05,878,26016000
NMDC-II,20170710,118.3,119.05,117.75,118.55,17,420000
NMDC-III,20170710,0,0,0,109.55,0,0
NTPC-I,20170710,161.1,161.6,159.15,160.8,1073,18180000
NTPC-II,20170710,161.7,161.7,161,161.2,3,244000
NTPC-III,20170710,0,0,0,161.3,0,0
OFSS-I,20170710,3600,3675,3600,3648.55,94,84000
OFSS-II,20170710,0,0,0,3618.4,0,0
OFSS-III,20170710,0,0,0,3638.6,0,0
OIL-I,20170710,265.85,267.2,264.55,266.8,88,2574176
OIL-II,20170710,0,0,0,267,0,38522
OIL-III,20170710,0,0,0,269.65,0,0
ONGC-I,20170710,160.55,163.7,159.05,163.15,2364,53711250
ONGC-II,20170710,161,163.9,159.8,163.5,41,2910000
ONGC-III,20170710,161,163.8,161,163.65,6,157500
ORIENTBANK-I,20170710,142.45,152.8,142.3,151.05,3325,14598000
ORIENTBANK-II,20170710,140.75,150.7,140.75,148.55,655,2598000
ORIENTBANK-III,20170710,139,146.85,139,146.85,22,210000
PAGEIND-I,20170710,16970,17098,16650.5,16726.4,326,44000
PAGEIND-II,20170710,16224.75,16224.75,16224.5,16224.6,4,550
PAGEIND-III,20170710,0,0,0,16512.55,0,0
PCJEWELLER-I,20170710,248.6,252.3,248.6,249.9,183,4452000
PCJEWELLER-II,20170710,0,0,0,252.7,0,21000
PCJEWELLER-III,20170710,0,0,0,504.8,0,0
PEL-I,20170710,2931,2935.95,2831.05,2890.2,1450,937500
PEL-II,20170710,2901.05,2929.05,2865.8,2865.8,16,16500
PEL-III,20170710,0,0,0,2817.15,0,0
PETRONET-I,20170710,219,221,218.2,220.6,773,13422000
PETRONET-II,20170710,220.2,220.2,220.2,220.2,2,195000
PETRONET-III,20170710,0,0,0,213.55,0,3000
PFC-I,20170710,127,128.65,125.95,127.55,2229,41628000
PFC-II,20170710,126.75,129.1,126.75,128.05,29,840000
PFC-III,20170710,0,0,0,127.8,0,6000
PIDILITIND-I,20170710,814.95,829.7,810.05,826.55,639,1517000
PIDILITIND-II,20170710,0,0,0,832.65,0,17000
PIDILITIND-III,20170710,0,0,0,806.9,0,0
PNB-I,20170710,145.3,154.55,145.3,153.35,16383,43218000
PNB-II,20170710,144.5,153.35,143.7,152.15,1425,3227000
PNB-III,20170710,145,152.1,144.25,151,52,315000
POWERGRID-I,20170710,210.35,212.85,209.85,212.25,608,21496000
POWERGRID-II,20170710,212.6,212.6,212.15,212.15,2,196000
POWERGRID-III,20170710,212,212,212,212,1,44000
PTC-I,20170710,101,102.6,100.65,102.25,466,12264000
PTC-II,20170710,0,0,0,101.05,0,152000
PTC-III,20170710,0,0,0,100.15,0,24000
PVR-I,20170710,1424,1438,1415.7,1426.15,198,495200
PVR-II,20170710,0,0,0,1415.9,0,400
PVR-III,20170710,0,0,0,1440.95,0,0
RAMCOCEM-I,20170710,697,712.9,697,709.5,98,453600
RAMCOCEM-II,20170710,0,0,0,707.85,0,4800
RAMCOCEM-III,20170710,0,0,0,687.1,0,0
RAYMOND-I,20170710,819.65,828,817.45,820.3,518,1702400
RAYMOND-II,20170710,839.3,839.3,824,824,3,32800
RAYMOND-III,20170710,0,0,0,733.7,0,0
RBLBANK-I,20170710,522.5,526,520.05,522.95,1964,13205000
RBLBANK-II,20170710,514.4,518.9,514.05,515.75,543,2062000
RBLBANK-III,20170710,513.2,516,513,516,9,102000
RCOM-I,20170710,23.05,24.75,23.05,24.5,2853,109690000
RCOM-II,20170710,23.3,24.7,23.3,24.55,74,5236000
RCOM-III,20170710,23.4,24.8,23.4,24.8,14,462000
RDEL-I,20170710,61.55,62.85,61.55,61.95,273,13392000
RDEL-II,20170710,0,0,0,62.35,0,144000
RDEL-III,20170710,0,0,0,59.8,0,0
RECLTD-I,20170710,182.25,187.9,182.1,187.4,4096,36030000
RECLTD-II,20170710,182,187.85,182,187.1,55,1164000
RECLTD-III,20170710,183,186.5,183,186.25,6,72000
RELCAPITAL-I,20170710,666,672.5,652.8,666.05,3236,8838000
RELCAPITAL-II,20170710,667.55,672.2,664.65,666.65,15,172500
RELCAPITAL-III,20170710,0,0,0,648.85,0,1500
RELIANCE-I,20170710,1484.9,1494.9,1477.55,1486.2,10308,11890000
RELIANCE-II,20170710,1494.9,1502,1486.4,1493.55,240,622500
RELIANCE-III,20170710,1495.25,1509.45,1495.25,1498.85,13,35500
RELINFRA-I,20170710,516.35,525.7,515.35,519,3359,8817900
RELINFRA-II,20170710,524.9,525.4,520.1,521.55,20,183300
RELINFRA-III,20170710,0,0,0,513.95,0,10400
REPCOHOME-I,20170710,805,813.9,804.15,806.4,76,296100
REPCOHOME-II,20170710,0,0,0,810,0,2100
REPCOHOME-III,20170710,0,0,0,825.4,0,0
RPOWER-I,20170710,43.45,44.35,43.35,44.05,521,54720000
RPOWER-II,20170710,44.05,44.7,43.75,44.25,12,1644000
RPOWER-III,20170710,0,0,0,43.6,0,24000
SAIL-I,20170710,62.15,63.6,62.05,63.35,2169,52380000
SAIL-II,20170710,62.4,63.65,62.35,63.4,41,1692000
SAIL-III,20170710,63.25,63.25,63.25,63.25,1,12000
SBIN-I,20170710,282,288.5,281.2,287,11560,70002000
SBIN-II,20170710,284,289.65,284,288,186,1161000
SBIN-III,20170710,286.35,290,286.3,290,21,72000
SHREECEM-I,20170710,18349.85,18453.35,18060.35,18325,200,32100
SHREECEM-II,20170710,0,0,0,17927.15,0,0
SHREECEM-III,20170710,0,0,0,16964.85,0,0
SIEMENS-I,20170710,1364.95,1373,1363.85,1369.6,307,774000
SIEMENS-II,20170710,0,0,0,1358.6,2,2500
SIEMENS-III,20170710,0,0,0,1320.85,0,0
SINTEX-I,20170710,26.55,27.5,26.55,26.95,931,23897250
SINTEX-II,20170710,27,27.15,26.75,27,27,413250
SOUTHBANK-I,20170710,28.5,29,28.5,28.95,644,96208323
SOUTHBANK-II,20170710,28.75,29.15,28.75,29.15,9,1623909
SOUTHBANK-III,20170710,0,0,0,28.6,0,66282
SREINFRA-I,20170710,114.4,117.15,114.15,116.3,184,3925000
SREINFRA-II,20170710,0,0,0,118.55,0,0
SREINFRA-III,20170710,0,0,0,119.15,0,0
SRF-I,20170710,1551.5,1556,1528,1551.4,366,628500
SRF-II,20170710,1542.5,1542.5,1542.5,1542.5,2,2500
SRF-III,20170710,0,0,0,1559.45,0,0
SRTRANSFIN-I,20170710,1090.3,1090.3,1040,1060.25,5265,4843200
SRTRANSFIN-II,20170710,1091.25,1091.25,1003.85,1063.45,38,34800
SRTRANSFIN-III,20170710,1106.05,1106.05,1106.05,1106.05,1,600
STAR-I,20170710,982.9,987,975.1,984.1,466,2276000
STAR-II,20170710,0,0,0,982.05,0,10500
STAR-III,20170710,0,0,0,984.45,0,0
SUNPHARMA-I,20170710,554.05,573.5,554.05,566.15,11885,32594400
SUNPHARMA-II,20170710,562,575.4,562,568.9,115,550400
SUNPHARMA-III,20170710,562.6,575,562.6,568.6,10,44000
SUNTV-I,20170710,828,838.5,828,834.4,1429,7062000
SUNTV-II,20170710,840,840,836.25,836.3,4,60000
SUNTV-III,20170710,0,0,0,820.1,0,0
SUZLON-I,20170710,18.85,19.05,18.8,19,1444,400560000
SUZLON-II,20170710,18.8,19,18.8,19,209,26430000
SUZLON-III,20170710,18.95,19,18.9,19,42,2610000
SYNDIBANK-I,20170710,77.1,79.7,77.1,79.1,1051,15867000
SYNDIBANK-II,20170710,78.65,79.9,78.65,79.25,9,243000
SYNDIBANK-III,20170710,0,0,0,74.75,0,0
TATACHEM-I,20170710,648.8,656.85,648.8,652.7,619,4485000
TATACHEM-II,20170710,645,645,645,645,2,72000
TATACHEM-III,20170710,0,0,0,610.65,0,0
TATACOMM-I,20170710,673.45,688,670.5,673.35,1627,8785000
TATACOMM-II,20170710,676.15,686.8,676.15,676.3,23,28000
TATACOMM-III,20170710,0,0,0,734.95,0,0
TATAELXSI-I,20170710,1696.7,1715,1682.05,1699.9,1013,1232800
TATAELXSI-II,20170710,1692.6,1692.6,1692.6,1692.6,1,15200
TATAELXSI-III,20170710,0,0,0,1625.8,0,0
TATAGLOBAL-I,20170710,158.65,168.45,157.3,167.55,7300,30114000
TATAGLOBAL-II,20170710,157.6,166.9,157,165.9,112,1098000
TATAGLOBAL-III,20170710,0,0,0,150.95,0,0
TATAMOTORS-I,20170710,441,449.6,440.95,447.15,8134,41970000
TATAMOTORS-II,20170710,442.25,450.6,442.25,449.05,254,907500
TATAMOTORS-III,20170710,450.3,451.3,449.25,450.65,5,22500
TATAMTRDVR-I,20170710,268.1,271.25,268.1,268.95,1370,18414900
TATAMTRDVR-II,20170710,270.45,271,270,270.75,16,165900
TATAMTRDVR-III,20170710,0,0,0,272.75,0,0
TATAPOWER-I,20170710,82.5,84.15,82.35,83.95,820,22338000
TATAPOWER-II,20170710,81.8,83.25,81.7,83,25,513000
TATAPOWER-III,20170710,0,0,0,82.9,0,0
TATASTEEL-I,20170710,546.1,553.3,544.8,551.05,4997,26818000
TATASTEEL-II,20170710,550,555.8,547.9,553.55,96,968000
TATASTEEL-III,20170710,550.05,555.05,550.05,555.05,3,40000
TCS-I,20170710,2338.7,2449.55,2338.7,2438.35,10748,6236000
TCS-II,20170710,2392,2452.3,2391.3,2447.4,126,68750
TCS-III,20170710,0,0,0,2371.7,0,0
TECHM-I,20170710,374.75,379.75,373.05,376.9,1695,12480600
TECHM-II,20170710,375,381.25,375,378.85,43,182600
TECHM-III,20170710,380.55,380.55,380.55,380.55,1,4400
TITAN-I,20170710,532.5,536.7,522.7,535.5,1154,4393500
TITAN-II,20170710,534.2,535.8,525.55,534.75,20,105000
TITAN-III,20170710,0,0,0,518,0,0
TORNTPHARM-I,20170710,1297.8,1303.75,1285,1297.4,184,282000
TORNTPHARM-II,20170710,0,0,0,1241.75,0,1200
TORNTPHARM-III,20170710,0,0,0,1210.8,0,0
TORNTPOWER-I,20170710,186.3,189.45,185.3,188.8,428,3147000
TORNTPOWER-II,20170710,0,0,0,179.9,0,6000
TORNTPOWER-III,20170710,0,0,0,188,0,3000
TV18BRDCST-I,20170710,37.6,38.3,37.6,37.95,281,96305000
TV18BRDCST-II,20170710,0,0,0,38.05,0,221000
TV18BRDCST-III,20170710,0,0,0,36.3,0,0
TVSMOTOR-I,20170710,573,575.5,570,571.25,1503,5528000
TVSMOTOR-II,20170710,573,573,568.3,568.85,19,90000
TVSMOTOR-III,20170710,567,567,567,567,1,2000
UBL-I,20170710,809.35,815.3,804.1,812.2,169,753900
UBL-II,20170710,0,0,0,821,0,2800
UBL-III,20170710,0,0,0,794.1,0,0
UJJIVAN-I,20170710,323.5,330.85,323.5,326.75,397,6525600
UJJIVAN-II,20170710,0,0,0,328.75,3,242400
UJJIVAN-III,20170710,0,0,0,310.25,0,0
ULTRACEMCO-I,20170710,4117.45,4181.6,4105.65,4158.2,1839,1625800
ULTRACEMCO-II,20170710,4125.05,4190,4125.05,4190,10,7200
ULTRACEMCO-III,20170710,0,0,0,4018.85,0,0
UNIONBANK-I,20170710,151.45,159.8,151.45,157.55,4337,17056000
UNIONBANK-II,20170710,153.35,158.25,153.35,156.45,289,1356000
UNIONBANK-III,20170710,154.2,155.5,154.2,155.5,4,56000
UPL-I,20170710,854.85,856,850.55,853.45,467,6500400
UPL-II,20170710,0,0,0,855.85,0,10800
UPL-III,20170710,0,0,0,840.2,0,0
VEDL-I,20170710,262.15,262.6,258.5,261.25,4176,51943500
VEDL-II,20170710,261,263.5,260.45,262.2,38,640500
VEDL-III,20170710,262,262,262,262,1,14000
VGUARD-I,20170710,179.6,185,179.6,182.25,227,3195000
VGUARD-II,20170710,0,0,0,176.5,0,24000
VGUARD-III,20170710,0,0,0,175.85,0,0
VOLTAS-I,20170710,467.85,470.65,464,469.05,710,5484000
VOLTAS-II,20170710,463.85,465.9,463.85,465.9,2,74000
VOLTAS-III,20170710,0,0,0,461.15,0,0
WIPRO-I,20170710,257,270,256.65,269.35,2376,25382400
WIPRO-II,20170710,259.3,269.85,259.3,269.85,26,530400
WIPRO-III,20170710,0,0,0,263.6,0,0
WOCKPHARMA-I,20170710,606,617.9,591.1,614.05,1105,3667200
WOCKPHARMA-II,20170710,612.75,616,611,616,7,78400
WOCKPHARMA-III,20170710,0,0,0,616.9,0,0
YESBANK-I,20170710,1513.05,1526.9,1508.3,1518.6,5764,7410200
YESBANK-II,20170710,1516.8,1532.2,1516.8,1525.5,69,127050
YESBANK-III,20170710,0,0,0,1500,0,700
ZEEL-I,20170710,509,512.7,506,508.85,971,7624500
ZEEL-II,20170710,509.6,509.6,509.6,509.6,2,18200
ZEEL-III,20170710,0,0,0,505,0,1300
