BANKNIFTY-I,20180711,26870,26888.4,26733.4,26781.45,66340,2380360
BANKNIFTY-II,20180711,26856.1,26905,26760.05,26802.3,821,79640
BANKNIFTY-III,20180711,26948.3,26948.3,26790,26820,44,5960
FTSE100-I,20180711,0,0,0,7445,0,0
FTSE100-II,20180711,0,0,0,7881,0,0
FTSE100-III,20180711,0,0,0,7867,0,0
FTSE100-IIII,20180711,0,0,0,7947,0,0
FTSE100-IIIII,20180711,0,0,0,7674,0,0
FTSE100-IIIIII,20180711,0,0,0,8315,0,0
NIFTY-I,20180711,10936.9,10967,10918,10938.6,102602,24323550
NIFTY-II,20180711,10946.3,10984.4,10938.65,10957.95,4309,1069725
NIFTY-III,20180711,10974.8,11000,10954.65,10973.2,461,278325
NIFTYCPSE-I,20180711,0,0,0,2439.95,0,0
NIFTYCPSE-II,20180711,0,0,0,2472.95,0,0
NIFTYCPSE-III,20180711,0,0,0,2187.4,0,0
NIFTYINFRA-I,20180711,0,0,0,3500.75,0,0
NIFTYINFRA-II,20180711,0,0,0,3400.05,0,0
NIFTYINFRA-III,20180711,0,0,0,3108.75,0,0
NIFTYIT-I,20180711,14349,14590,14322,14514,565,41250
NIFTYIT-II,20180711,14355,14587,14355,14556,13,350
NIFTYIT-III,20180711,0,0,0,14133,0,0
NIFTYMID50-I,20180711,4970,4970,4970,4970,1,591580
NIFTYMID50-II,20180711,0,0,0,5109.2,0,0
NIFTYMID50-III,20180711,0,0,0,4843.05,0,0
NIFTYPSE-I,20180711,0,0,0,3893.55,0,0
NIFTYPSE-II,20180711,0,0,0,3925.45,0,0
NIFTYPSE-III,20180711,0,0,0,3501.05,0,0
ACC-I,20180711,1373.35,1373.35,1350.15,1359,3311,1830400
ACC-II,20180711,1362.5,1367.2,1353.75,1357.3,70,53600
ACC-III,20180711,0,0,0,1315.45,0,0
ADANIENT-I,20180711,114.9,126.25,114.75,124.4,13516,16244000
ADANIENT-II,20180711,117.65,125.15,117.65,124.2,585,1096000
ADANIENT-III,20180711,122.4,126.15,122,124.8,887,2000000
ADANIPORTS-I,20180711,372.8,379.25,369.25,375.05,4172,8237500
ADANIPORTS-II,20180711,372.7,376.65,370,375.45,42,300000
ADANIPORTS-III,20180711,0,0,0,368.55,0,0
ADANIPOWER-I,20180711,17.1,20.95,17.1,20.5,7219,109520000
ADANIPOWER-II,20180711,17.5,21,17.5,20.6,323,3180000
ADANIPOWER-III,20180711,19.05,19.05,19.05,19.05,273,5600000
AJANTPHARM-I,20180711,1036.2,1054.9,1019.5,1037.25,1656,846500
AJANTPHARM-II,20180711,1050.55,1053.55,1023.5,1038.4,21,9000
AJANTPHARM-III,20180711,0,0,0,995.65,0,0
ALBK-I,20180711,42.9,43.3,41.4,42.15,856,11209000
ALBK-II,20180711,42.8,42.8,41.8,42.25,11,1705000
ALBK-III,20180711,0,0,0,41.75,0,0
AMARAJABAT-I,20180711,819.1,829.1,808.2,816.75,2042,1488900
AMARAJABAT-II,20180711,819.15,823,806,810.95,47,39200
AMARAJABAT-III,20180711,0,0,0,741.7,0,0
AMBUJACEM-I,20180711,205.25,205.7,202.05,203.35,2276,14525000
AMBUJACEM-II,20180711,205.75,205.75,202.55,203.55,21,652500
AMBUJACEM-III,20180711,0,0,0,204.65,0,0
ANDHRABANK-I,20180711,33.45,33.8,31.65,31.8,2231,22373000
ANDHRABANK-II,20180711,33.4,33.8,31.9,31.9,51,1924000
ANDHRABANK-III,20180711,0,0,0,32,0,0
APOLLOHOSP-I,20180711,1011.9,1014,995.1,1000.15,1117,865000
APOLLOHOSP-II,20180711,1010,1010,997.55,999.5,11,28500
APOLLOHOSP-III,20180711,0,0,0,1031.3,0,0
APOLLOTYRE-I,20180711,262.65,266.3,258.2,261.35,2590,8625000
APOLLOTYRE-II,20180711,266.45,267,259.75,262.8,38,201000
APOLLOTYRE-III,20180711,0,0,0,259.4,0,0
ARVIND-I,20180711,410.3,411.35,402.2,404.25,2466,4774000
ARVIND-II,20180711,408,410.75,403.8,404.4,17,94000
ARVIND-III,20180711,0,0,0,394.1,0,0
ASHOKLEY-I,20180711,134.65,135.9,132.75,133.4,6277,69884000
ASHOKLEY-II,20180711,134.55,136.45,133.4,134,108,2016000
ASHOKLEY-III,20180711,135.1,136.8,134.9,135,9,136000
ASIANPAINT-I,20180711,1369.9,1385.05,1359.45,1362.25,3164,5443200
ASIANPAINT-II,20180711,1387.5,1388,1365,1366.4,81,142200
ASIANPAINT-III,20180711,0,0,0,1292.05,0,0
AUROPHARMA-I,20180711,619.9,624,607.8,610.4,4607,19942000
AUROPHARMA-II,20180711,622,626.6,611,613,106,289000
AUROPHARMA-III,20180711,617,617,617,617,1,1000
AXISBANK-I,20180711,532,542.6,531.2,537.1,13058,39680400
AXISBANK-II,20180711,535.7,544.15,535.7,539.45,257,588000
AXISBANK-III,20180711,0,0,0,524.05,0,1200
BAJAJ-AUTO-I,20180711,3081.2,3174.5,3070,3164.9,8400,2953250
BAJAJ-AUTO-II,20180711,3093.4,3185.05,3081.05,3177.95,61,33750
BAJAJ-AUTO-III,20180711,0,0,0,3075.6,0,750
BAJAJFINSV-I,20180711,6175,6205.65,6109.9,6120,1450,728375
BAJAJFINSV-II,20180711,6184,6184,6138,6139.25,14,9875
BAJAJFINSV-III,20180711,0,0,0,5957.05,0,0
BAJFINANCE-I,20180711,2348.4,2389,2340,2363.95,3782,5079000
BAJFINANCE-II,20180711,2366.2,2398.3,2366.2,2373.7,51,84000
BAJFINANCE-III,20180711,0,0,0,2376.7,0,500
BALKRISIND-I,20180711,1242,1244.7,1210,1226.35,1260,1168800
BALKRISIND-II,20180711,1239.3,1239.3,1214.5,1227.95,14,29600
BALKRISIND-III,20180711,0,0,0,1037.8,0,0
BALRAMCHIN-I,20180711,65.45,66.1,64,64.45,1497,14077000
BALRAMCHIN-II,20180711,65.6,65.6,64.05,64.45,13,602000
BALRAMCHIN-III,20180711,65.1,65.1,65.1,65.1,2,49000
BANKBARODA-I,20180711,118.65,119.4,115.55,116.25,6132,70808000
BANKBARODA-II,20180711,119.45,120,116.5,116.85,165,1748000
BANKBARODA-III,20180711,118.5,118.5,117.05,117.4,3,28000
BANKINDIA-I,20180711,89.6,90.85,85.6,86.05,3163,26460000
BANKINDIA-II,20180711,90.5,90.95,85.95,86.3,151,1062000
BANKINDIA-III,20180711,0,0,0,90.05,0,18000
BATAINDIA-I,20180711,843.65,852.15,835.6,838.45,2102,3383600
BATAINDIA-II,20180711,854.55,854.6,839.8,839.95,8,52800
BATAINDIA-III,20180711,0,0,0,843.8,0,0
BEL-I,20180711,113.9,113.9,108.2,108.7,2305,32001750
BEL-II,20180711,112.3,113.05,108.7,109,91,950400
BEL-III,20180711,111.6,111.6,111.6,111.6,1,24750
BEML-I,20180711,844.1,867,836.1,842.4,2784,1812500
BEML-II,20180711,859.45,868.95,842,846.85,26,36000
BEML-III,20180711,0,0,0,830,0,500
BERGEPAINT-I,20180711,302.75,305.95,300,303.3,450,2167000
BERGEPAINT-II,20180711,299.3,302.45,299.3,302.45,3,19800
BERGEPAINT-III,20180711,0,0,0,286.3,0,0
BHARATFIN-I,20180711,1174.05,1181,1162.4,1169.35,1971,5136000
BHARATFIN-II,20180711,1183.1,1183.1,1167.1,1173,24,43000
BHARATFIN-III,20180711,1180.85,1183,1180.85,1181.95,2,4000
BHARATFORG-I,20180711,642.3,649.6,634.3,637.4,1653,8047200
BHARATFORG-II,20180711,647.3,647.5,635.4,638.35,18,92400
BHARATFORG-III,20180711,0,0,0,634.5,0,2400
BHARTIARTL-I,20180711,367.3,368.35,360.75,361.8,2670,26197000
BHARTIARTL-II,20180711,366.75,368.2,361,361.75,286,20711100
BHARTIARTL-III,20180711,0,0,0,385,0,0
BHEL-I,20180711,71.4,72.6,70.35,70.85,1448,46657500
BHEL-II,20180711,71.35,72.7,70.9,71.2,43,1860000
BHEL-III,20180711,71.7,71.8,70.75,71.25,6,247500
BIOCON-I,20180711,635.7,636.85,625.9,627.25,2562,9822600
BIOCON-II,20180711,638.2,638.2,629,629.65,110,203400
BIOCON-III,20180711,0,0,0,639,0,900
BOSCHLTD-I,20180711,17889.95,18000,17616.7,17670.45,385,140940
BOSCHLTD-II,20180711,17980,17980,17870.65,17870.65,2,210
BOSCHLTD-III,20180711,0,0,0,17589.95,0,0
BPCL-I,20180711,375.35,379.8,365.2,368.75,5219,10668600
BPCL-II,20180711,375,375.1,362.8,366.35,73,376200
BPCL-III,20180711,0,0,0,373.75,0,19800
BRITANNIA-I,20180711,6429.7,6429.7,6330.65,6387,1030,774200
BRITANNIA-II,20180711,6415.3,6415.65,6334.65,6384.15,21,10400
BRITANNIA-III,20180711,0,0,0,6243.85,0,0
CADILAHC-I,20180711,380.65,385.35,371.15,372.25,2315,8787200
CADILAHC-II,20180711,377.45,382,369.5,369.9,49,260800
CADILAHC-III,20180711,381.15,382.5,381.15,382.5,2,8000
CANBK-I,20180711,250.45,252.2,244.6,246,4496,13572000
CANBK-II,20180711,251.8,253,245,245.75,160,308000
CANBK-III,20180711,0,0,0,251,0,4000
CANFINHOME-I,20180711,347.1,347.75,335.5,336.75,872,4071250
CANFINHOME-II,20180711,346.8,347.8,338.7,338.7,7,60000
CANFINHOME-III,20180711,0,0,0,341.15,0,0
CAPF-I,20180711,520.05,532.55,517.9,520.55,1372,7890400
CAPF-II,20180711,529.95,534,521.5,522.25,8,33600
CAPF-III,20180711,0,0,0,537.25,0,0
CASTROLIND-I,20180711,161.25,162,159.05,160.55,660,10452400
CASTROLIND-II,20180711,160.45,160.45,159,159.5,27,392000
CASTROLIND-III,20180711,0,0,0,162,0,11200
CEATLTD-I,20180711,1317.05,1325.5,1276.55,1283.25,3556,1606500
CEATLTD-II,20180711,1318.65,1326.05,1284,1289.05,38,25200
CEATLTD-III,20180711,0,0,0,1273.25,0,0
CENTURYTEX-I,20180711,924.2,932.55,907.25,910.95,1944,5533550
CENTURYTEX-II,20180711,931,931,911,912.7,19,50050
CENTURYTEX-III,20180711,0,0,0,911.75,0,0
CESC-I,20180711,927.45,932.9,906.55,914.25,1066,5904250
CESC-II,20180711,930.65,930.65,915.85,915.85,6,113300
CESC-III,20180711,0,0,0,899.35,0,0
CGPOWER-I,20180711,59.35,60.95,59.3,59.8,767,35856000
CGPOWER-II,20180711,60,60.85,59.8,59.8,6,276000
CGPOWER-III,20180711,61,61,61,61,2,36000
CHENNPETRO-I,20180711,286.25,291,285,288.15,369,2154000
CHENNPETRO-II,20180711,273.8,275.1,273,275.1,6,177000
CHENNPETRO-III,20180711,0,0,0,299.65,0,0
CHOLAFIN-I,20180711,1574.95,1587,1546,1568.85,1562,816000
CHOLAFIN-II,20180711,1575.05,1583,1565.5,1575.35,7,6000
CHOLAFIN-III,20180711,0,0,0,1495.55,0,0
CIPLA-I,20180711,628.35,629.3,620.4,623.6,3156,8568000
CIPLA-II,20180711,625.6,628.5,620.7,624.55,17,69000
CIPLA-III,20180711,0,0,0,612.1,0,0
COALINDIA-I,20180711,278.05,278.05,264.75,265.9,4673,19102600
COALINDIA-II,20180711,276,276,264.8,265.45,299,1705000
COALINDIA-III,20180711,268.3,268.4,265,265,48,107800
COLPAL-I,20180711,1155,1165.4,1145.5,1146.85,912,2498300
COLPAL-II,20180711,1168,1168,1150.7,1151.35,6,18200
COLPAL-III,20180711,0,0,0,1177.1,0,0
CONCOR-I,20180711,678.85,678.85,648,650.45,450,2940000
CONCOR-II,20180711,665,665,665,665,3,11250
CONCOR-III,20180711,0,0,0,622.7,0,0
CUMMINSIND-I,20180711,672.7,685.6,664.25,667.6,786,744100
CUMMINSIND-II,20180711,670.8,678.9,660.25,662.4,21,59500
CUMMINSIND-III,20180711,0,0,0,659.55,0,0
DABUR-I,20180711,378.2,384,377.5,379.55,1795,19055000
DABUR-II,20180711,380.6,384.05,379.8,380.3,13,95000
DABUR-III,20180711,0,0,0,394.7,0,0
DALMIABHA-I,20180711,2325.1,2383.6,2325.05,2346.1,738,676800
DALMIABHA-II,20180711,2376.25,2377.5,2373.7,2373.7,6,12300
DALMIABHA-III,20180711,0,0,0,2289.55,0,0
DCBBANK-I,20180711,181,182.05,175.85,179.7,1275,8194500
DCBBANK-II,20180711,181.3,181.3,177.95,179.75,11,180000
DCBBANK-III,20180711,0,0,0,165.3,0,0
DHFL-I,20180711,609.95,618.15,605.7,607.8,3624,24765000
DHFL-II,20180711,610,620.15,610,611,41,117000
DHFL-III,20180711,0,0,0,647.95,0,0
DISHTV-I,20180711,73.5,73.85,72.25,73.2,2418,54856000
DISHTV-II,20180711,73.8,73.8,72.7,73.05,26,808000
DISHTV-III,20180711,0,0,0,72.3,0,0
DIVISLAB-I,20180711,1080,1130.1,1080,1121.35,4493,2447200
DIVISLAB-II,20180711,1089.75,1120.7,1088.75,1113.85,25,43200
DIVISLAB-III,20180711,1095.15,1095.15,1095.15,1095.15,1,1600
DLF-I,20180711,194,195.2,190.35,192.45,4493,32480000
DLF-II,20180711,193.55,195.55,191,193.15,48,235000
DLF-III,20180711,196.05,196.05,192.3,193.9,7,12500
DRREDDY-I,20180711,2290,2316.3,2255.45,2290.4,7941,4733500
DRREDDY-II,20180711,2300.7,2324.8,2269.3,2303.3,67,72250
DRREDDY-III,20180711,0,0,0,2338.6,0,0
EICHERMOT-I,20180711,28422.05,28736.55,28101.1,28193.4,2884,242075
EICHERMOT-II,20180711,28384.95,28745,28180,28201.45,95,5475
EICHERMOT-III,20180711,0,0,0,28955.6,0,0
ENGINERSIN-I,20180711,129.55,132.45,127.85,129.45,1385,8305500
ENGINERSIN-II,20180711,132.2,132.2,128.6,128.6,8,168000
ENGINERSIN-III,20180711,128.5,128.5,128.5,128.5,1,3500
EQUITAS-I,20180711,141.9,145.45,140.35,142.25,1356,19832000
EQUITAS-II,20180711,142.3,146.05,142.3,143.4,9,236000
EQUITAS-III,20180711,0,0,0,139.3,0,4000
ESCORTS-I,20180711,886.35,897.45,873,878.6,2520,4291100
ESCORTS-II,20180711,893.8,895.1,881,884.1,21,60500
ESCORTS-III,20180711,885,885,885,885,1,1100
EXIDEIND-I,20180711,273.3,275,266.55,268.35,2670,10544000
EXIDEIND-II,20180711,274,274.55,267.8,269,31,296000
EXIDEIND-III,20180711,271.5,271.7,271.5,271.7,10,32000
FEDERALBNK-I,20180711,83.5,84.1,81.75,82.05,2178,60120500
FEDERALBNK-II,20180711,83.35,83.65,81.5,81.7,159,6160000
FEDERALBNK-III,20180711,81.7,81.7,81.7,81.7,1,60500
GAIL-I,20180711,364.75,366.1,357.25,358.6,3357,12868275
GAIL-II,20180711,364.75,365.7,357.75,358.05,22,338709
GAIL-III,20180711,0,0,0,325.55,0,0
GLENMARK-I,20180711,586.2,596,581,583.8,1852,4724000
GLENMARK-II,20180711,590,596.9,585.05,586.3,59,86000
GLENMARK-III,20180711,0,0,0,583.4,0,0
GMRINFRA-I,20180711,17.1,17.45,16.85,17,1515,228150000
GMRINFRA-II,20180711,17.1,17.4,16.95,17.1,16,2205000
GMRINFRA-III,20180711,0,0,0,16.7,0,135000
GODFRYPHLP-I,20180711,735.95,747.45,725,728.65,258,450800
GODFRYPHLP-II,20180711,738,738,738,738,2,2100
GODFRYPHLP-III,20180711,0,0,0,729.95,0,0
GODREJCP-I,20180711,1262.15,1339,1256,1322.3,3914,2064800
GODREJCP-II,20180711,1281,1338.8,1281,1324.2,43,37600
GODREJCP-III,20180711,0,0,0,1277.1,0,800
GODREJIND-I,20180711,606.5,616,600,601.7,1312,2208000
GODREJIND-II,20180711,614,614.3,601,601,9,22500
GODREJIND-III,20180711,0,0,0,605.85,0,0
GRANULES-I,20180711,91.5,93.4,89.65,91.6,2146,13780000
GRANULES-II,20180711,91.45,93.4,90.05,92.25,32,210000
GRANULES-III,20180711,0,0,0,78.5,0,5000
GRASIM-I,20180711,994.7,994.7,976.15,980.4,1168,5785500
GRASIM-II,20180711,995.85,995.85,989,991.45,4,59250
GRASIM-III,20180711,0,0,0,975.05,0,750
GSFC-I,20180711,113.75,113.75,111.25,111.7,555,14656500
GSFC-II,20180711,113.3,113.3,111.8,111.95,18,378000
GSFC-III,20180711,0,0,0,103.9,0,36000
HAVELLS-I,20180711,575.8,582.5,566.6,568.2,3741,4134000
HAVELLS-II,20180711,581,583.95,569.85,570.15,35,70000
HAVELLS-III,20180711,0,0,0,532.65,0,0
HCC-I,20180711,12.05,12.35,11.75,12.05,700,38988000
HCC-II,20180711,12.05,12.25,11.85,12.15,19,2430000
HCC-III,20180711,0,0,0,11.05,0,0
HCLTECH-I,20180711,981.75,1004.2,978.45,995.9,10406,10391500
HCLTECH-II,20180711,985.5,1004.35,978.5,997.2,244,219100
HCLTECH-III,20180711,0,0,0,982,0,2100
HDFC-I,20180711,1928.7,1947.1,1910.65,1915.95,7960,24221500
HDFC-II,20180711,1945.5,1956.6,1921.55,1926.35,800,1231500
HDFC-III,20180711,1935.05,1938,1927.05,1930.1,9,6000
HDFCBANK-I,20180711,2143.55,2151.2,2132.55,2143.75,9123,22063000
HDFCBANK-II,20180711,2140.65,2150.15,2132.05,2143.4,213,393000
HDFCBANK-III,20180711,2144,2149.1,2141.1,2146,4,34000
HEROMOTOCO-I,20180711,3555.3,3575.2,3535.8,3550,4065,1691200
HEROMOTOCO-II,20180711,3559,3588.15,3557.15,3569.45,27,41600
HEROMOTOCO-III,20180711,0,0,0,3588.4,0,1000
HEXAWARE-I,20180711,486.95,495,482.5,484.6,4487,5238000
HEXAWARE-II,20180711,483.45,485.5,476,476,30,276000
HEXAWARE-III,20180711,0,0,0,483,0,1500
HINDALCO-I,20180711,226.8,227.75,219.65,221.05,7738,35115500
HINDALCO-II,20180711,226.25,226.65,220.8,222.15,130,402500
HINDALCO-III,20180711,221,222.15,221,222.15,3,24500
HINDPETRO-I,20180711,268.7,272,258.85,266.3,7742,26981325
HINDPETRO-II,20180711,271.8,272.45,260.9,267.25,184,444150
HINDPETRO-III,20180711,0,0,0,266.25,0,0
HINDUNILVR-I,20180711,1688.6,1719.8,1684.25,1716.85,5223,9289800
HINDUNILVR-II,20180711,1704.2,1725.6,1697.9,1723.75,94,108000
HINDUNILVR-III,20180711,1741.4,1741.4,1741.4,1741.4,1,600
HINDZINC-I,20180711,272.6,273.75,265.5,267.65,3016,13990400
HINDZINC-II,20180711,272,272,264.4,266.2,73,275200
HINDZINC-III,20180711,268.95,268.95,268.95,268.95,1,3200
IBULHSGFIN-I,20180711,1149.9,1172.15,1140,1148.05,6822,15351000
IBULHSGFIN-II,20180711,1154,1168.05,1137.5,1145,154,1178000
IBULHSGFIN-III,20180711,0,0,0,1157.9,0,0
ICICIBANK-I,20180711,272.95,274.35,266.55,268.2,13048,132684750
ICICIBANK-II,20180711,273.05,275.25,268,269.55,604,5981250
ICICIBANK-III,20180711,274.6,276.5,270.7,268.7,6,99000
ICICIPRULI-I,20180711,373.2,374.4,364.85,366.15,1111,8230300
ICICIPRULI-II,20180711,374.5,374.5,367.3,367.6,28,52000
ICICIPRULI-III,20180711,0,0,0,376.8,0,0
IDBI-I,20180711,55.3,58.8,54.55,57.5,4917,54830000
IDBI-II,20180711,57.6,58.5,56.25,57.65,54,4420000
IDBI-III,20180711,57.5,57.5,57.5,57.5,1,40000
IDEA-I,20180711,55.8,56.2,52.8,54.35,3113,134365000
IDEA-II,20180711,55.95,56.15,53.1,54.45,111,1659000
IDEA-III,20180711,56.5,56.5,55,55.1,5,70000
IDFC-I,20180711,45.9,46.4,44.8,45.05,633,131181600
IDFC-II,20180711,46,46.3,45,45.25,17,15576000
IDFC-III,20180711,0,0,0,45.5,0,66000
IDFCBANK-I,20180711,38.6,39.55,38.45,38.7,2676,162723000
IDFCBANK-II,20180711,38.7,39.55,38.55,38.85,139,28589000
IDFCBANK-III,20180711,38.9,38.9,38.9,38.9,3,583000
IFCI-I,20180711,16.05,16.3,15.6,15.7,305,58250000
IFCI-II,20180711,16.1,16.35,15.75,15.8,17,4250000
IFCI-III,20180711,0,0,0,15.85,0,75000
IGL-I,20180711,263.25,264.95,260.4,261.8,1009,5794250
IGL-II,20180711,264.2,264.2,261.9,262.5,12,228250
IGL-III,20180711,263.9,263.9,263.9,263.9,1,52250
INDIACEM-I,20180711,111.7,112.2,107.8,108.95,1837,21399000
INDIACEM-II,20180711,111.9,111.9,108.1,108.9,31,511000
INDIACEM-III,20180711,110,110,110,110,2,21000
INDIANB-I,20180711,355.55,359.5,346.65,348.45,1476,2642000
INDIANB-II,20180711,347,347,347,347,1,118000
INDIANB-III,20180711,0,0,0,353.55,0,0
INDIGO-I,20180711,1087.95,1089.85,1057.25,1068.9,2005,4764000
INDIGO-II,20180711,1077.65,1077.65,1052.3,1061.85,84,55200
INDIGO-III,20180711,0,0,0,1120.7,0,0
INDUSINDBK-I,20180711,1943,1943,1902.3,1914.8,11849,6985200
INDUSINDBK-II,20180711,1920,1927.15,1892.7,1902,445,428700
INDUSINDBK-III,20180711,1905,1906.85,1898,1899.95,7,7200
INFIBEAM-I,20180711,152.8,154.9,151.45,152.25,1158,36652000
INFIBEAM-II,20180711,151.3,152.2,149.9,150.4,62,10000000
INFIBEAM-III,20180711,0,0,0,151.65,0,16000
INFRATEL-I,20180711,291.65,305.5,290.6,302.9,2028,6004400
INFRATEL-II,20180711,294.6,305.75,294.6,305.3,27,414800
INFRATEL-III,20180711,0,0,0,303.55,0,0
INFY-I,20180711,1320,1343.2,1296,1322.7,26248,24748200
INFY-II,20180711,1321.05,1346.65,1301,1326.1,379,464400
INFY-III,20180711,1314.4,1350.3,1312,1326,11,27600
IOC-I,20180711,156.5,156.8,151.7,155.45,4228,28917000
IOC-II,20180711,155.85,155.85,151,154.85,169,1491000
IOC-III,20180711,151.1,151.1,151.1,151.1,3,12000
IRB-I,20180711,212.75,216.25,210.25,212.15,993,17570000
IRB-II,20180711,214.75,214.75,211,211,6,95000
IRB-III,20180711,0,0,0,206.4,0,0
ITC-I,20180711,276.85,280.7,274.6,276.45,11374,73567200
ITC-II,20180711,276.85,281.8,275.75,277.55,321,1780800
ITC-III,20180711,278.4,281.45,278.25,276.25,13,45600
JETAIRWAYS-I,20180711,348.35,350.6,336.55,338.8,3064,7044000
JETAIRWAYS-II,20180711,348.55,350,339,340.35,63,194400
JETAIRWAYS-III,20180711,0,0,0,338.5,0,0
JINDALSTEL-I,20180711,227.5,227.5,215.5,217.9,9335,31070250
JINDALSTEL-II,20180711,225.5,226.1,217,219.6,127,402750
JINDALSTEL-III,20180711,0,0,0,229.95,0,31500
JISLJALEQS-I,20180711,82,86.4,82,84.3,1801,43434000
JISLJALEQS-II,20180711,83.9,86.45,83.9,84.8,18,360000
JISLJALEQS-III,20180711,0,0,0,84.9,0,54000
JPASSOCIAT-I,20180711,16.35,16.45,15.9,16.15,629,190774000
JPASSOCIAT-II,20180711,16.55,16.55,16.1,16.2,38,2754000
JPASSOCIAT-III,20180711,16.4,16.4,16.4,16.4,1,68000
JSWSTEEL-I,20180711,316.4,317,311.05,313.65,4163,65496000
JSWSTEEL-II,20180711,315.9,317.5,313,315.1,69,492000
JSWSTEEL-III,20180711,0,0,0,316.15,0,9000
JUBLFOOD-I,20180711,1416.05,1443.4,1410.1,1431.7,5401,3672000
JUBLFOOD-II,20180711,1422,1445,1420,1433,65,80000
JUBLFOOD-III,20180711,0,0,0,1389.75,0,0
JUSTDIAL-I,20180711,588.65,597,580.25,586.95,3163,4499600
JUSTDIAL-II,20180711,586.6,592.45,579,584.75,12,42000
JUSTDIAL-III,20180711,0,0,0,551.7,0,0
KAJARIACER-I,20180711,472.15,481.35,472.15,477.3,500,1949000
KAJARIACER-II,20180711,476.45,478.15,476,478.15,6,15000
KAJARIACER-III,20180711,0,0,0,470.1,0,1000
KOTAKBANK-I,20180711,1366.6,1386.5,1365.3,1383.4,5320,13009600
KOTAKBANK-II,20180711,1372.35,1387,1372.35,1385.25,154,290400
KOTAKBANK-III,20180711,0,0,0,1364.1,0,0
KPIT-I,20180711,286,292.8,285.95,291.05,4436,5656500
KPIT-II,20180711,287.4,291.05,286,289.5,46,121500
KPIT-III,20180711,0,0,0,269.9,0,0
KSCL-I,20180711,557.05,564,553.65,555.55,542,1948500
KSCL-II,20180711,560.9,560.9,555,555.05,5,43500
KSCL-III,20180711,0,0,0,547.95,0,0
KTKBANK-I,20180711,115.7,119.2,115.55,118.8,1989,19606500
KTKBANK-II,20180711,117.4,119.35,116.4,119.25,35,315000
KTKBANK-III,20180711,0,0,0,114.75,0,4500
L&TFH-I,20180711,155,155.7,152.35,154.2,1676,31891500
L&TFH-II,20180711,155.6,155.6,153,154.25,88,1089000
L&TFH-III,20180711,0,0,0,151.15,0,0
LICHSGFIN-I,20180711,493.3,499.3,491,495.3,3064,10684300
LICHSGFIN-II,20180711,490,495.05,487,491.15,55,526900
LICHSGFIN-III,20180711,0,0,0,457.55,0,2200
LT-I,20180711,1283.55,1286.5,1273.5,1276.05,3923,13332000
LT-II,20180711,1269,1275.65,1265,1267.15,219,744750
LT-III,20180711,1274.35,1274.35,1274.35,1274.35,1,3000
LUPIN-I,20180711,903.05,913.4,893.75,896.95,8678,9933700
LUPIN-II,20180711,905,913.5,895.95,897.65,244,1144500
LUPIN-III,20180711,0,0,0,907.8,0,5600
M&M-I,20180711,928.65,935.1,922.15,925.55,4628,15578000
M&M-II,20180711,937,938.2,926.7,929,34,258000
M&M-III,20180711,0,0,0,924.7,0,0
M&MFIN-I,20180711,476.65,479.25,470,474.9,1358,8937500
M&MFIN-II,20180711,479.75,480,472.35,476.9,16,38750
M&MFIN-III,20180711,0,0,0,465.35,0,0
MANAPPURAM-I,20180711,104.1,107.2,104,106.6,1397,16764000
MANAPPURAM-II,20180711,105,106.95,105,106.85,11,216000
MANAPPURAM-III,20180711,0,0,0,98.2,0,0
MARICO-I,20180711,352,353.85,343.1,344.45,722,4760600
MARICO-II,20180711,346.05,346.05,346.05,346.05,2,23400
MARICO-III,20180711,0,0,0,338.8,0,0
MARUTI-I,20180711,9534.45,9539,9400,9416.6,8482,1932675
MARUTI-II,20180711,9450.15,9500,9370,9382.5,381,72825
MARUTI-III,20180711,9523.85,9523.85,9523.85,9523.85,1,1050
MCDOWELL-N-I,20180711,639,642.9,619.4,621.6,2732,10938750
MCDOWELL-N-II,20180711,631.05,634.8,622.25,624.8,32,118750
MCDOWELL-N-III,20180711,0,0,0,669.95,0,0
MCX-I,20180711,784.9,817.75,771.35,794.85,3548,3327800
MCX-II,20180711,771,803.25,761,783.95,73,161000
MCX-III,20180711,0,0,0,740.1,0,0
MFSL-I,20180711,453.35,467.65,453.35,459.25,1117,2835600
MFSL-II,20180711,464.9,464.9,464.9,464.9,2,36000
MFSL-III,20180711,0,0,0,432.6,0,0
MGL-I,20180711,823.05,827.45,815.55,817.15,482,1684800
MGL-II,20180711,829,829,820,822.55,5,39600
MGL-III,20180711,817,817,815,815,2,10200
MINDTREE-I,20180711,1047.1,1069.8,1027.75,1047.7,11717,4033200
MINDTREE-II,20180711,1051.3,1070,1031.2,1049.55,95,62400
MINDTREE-III,20180711,0,0,0,970.8,0,0
MOTHERSUMI-I,20180711,306.15,306.55,292.3,293.75,3080,12617600
MOTHERSUMI-II,20180711,303,305.35,292.7,293.45,71,248000
MOTHERSUMI-III,20180711,0,0,0,286.75,0,0
MRF-I,20180711,76100.05,76750,75850.05,76339.6,470,24690
MRF-II,20180711,76409.65,76688.35,76409.65,76686.3,3,160
MRF-III,20180711,0,0,0,74293,0,0
MRPL-I,20180711,78.95,79.55,76.55,77.1,334,6700500
MRPL-II,20180711,77.75,77.75,76.85,77.05,6,549000
MRPL-III,20180711,0,0,0,79.05,0,0
MUTHOOTFIN-I,20180711,418.7,418.9,407.5,408.55,764,1327500
MUTHOOTFIN-II,20180711,415.25,419.95,410,411.15,18,18000
MUTHOOTFIN-III,20180711,0,0,0,381.3,0,0
NATIONALUM-I,20180711,62.8,63.3,60.85,61.2,1495,51672000
NATIONALUM-II,20180711,63.45,63.45,61.1,61.3,44,1096000
NATIONALUM-III,20180711,0,0,0,59.85,0,16000
NBCC-I,20180711,70.25,71.35,68.5,68.8,1500,26400000
NBCC-II,20180711,70.5,71.3,68.95,69.15,44,960000
NBCC-III,20180711,0,0,0,70.6,0,24000
NCC-I,20180711,98.8,101.8,98.8,99.95,3542,42512000
NCC-II,20180711,99,101.1,98.5,99.5,40,1912000
NCC-III,20180711,101.55,101.55,99.35,99.65,4,40000
NESTLEIND-I,20180711,10049,10285,9973.75,10196.65,1227,252600
NESTLEIND-II,20180711,10298.95,10298.95,10279.15,10279.15,2,700
NESTLEIND-III,20180711,0,0,0,9954.75,0,0
NHPC-I,20180711,24.1,24.2,23.85,24.15,145,25920000
NHPC-II,20180711,24.25,24.25,24.25,24.25,11,1188000
NHPC-III,20180711,24.15,24.15,24.15,24.15,1,621000
NIITTECH-I,20180711,1129.05,1151.2,1112.4,1130.15,6206,1330500
NIITTECH-II,20180711,1125,1150,1115,1127.5,21,18000
NIITTECH-III,20180711,0,0,0,1114.95,0,1500
NMDC-I,20180711,104.6,104.75,102.8,103.1,608,25830000
NMDC-II,20180711,104.55,104.75,103.4,103.55,10,630000
NMDC-III,20180711,104.5,104.5,104.05,104.05,2,12000
NTPC-I,20180711,154.05,154.15,152.3,153.15,1002,42376000
NTPC-II,20180711,154,154.15,152.6,153.15,38,1076000
NTPC-III,20180711,152.1,152.45,152.1,152.4,3,84000
OFSS-I,20180711,4000,4000,3894.65,3916.4,108,79050
OFSS-II,20180711,0,0,0,3851.85,0,1350
OFSS-III,20180711,0,0,0,4235.75,0,0
OIL-I,20180711,208.25,212.45,208.25,210.15,511,3011514
OIL-II,20180711,209.75,210.2,208.9,208.9,12,57783
OIL-III,20180711,0,0,0,205,0,0
ONGC-I,20180711,151.85,159,151.85,158.15,2199,37882500
ONGC-II,20180711,158.15,159.1,157.4,158.4,156,1297500
ONGC-III,20180711,158.55,158.55,157.25,157.95,3,71250
ORIENTBANK-I,20180711,76.1,77.5,73.2,74.35,950,12228000
ORIENTBANK-II,20180711,77,77,73.75,74.2,31,420000
ORIENTBANK-III,20180711,0,0,0,73.05,0,0
PAGEIND-I,20180711,28890,28890,28311.25,28531.75,789,60275
PAGEIND-II,20180711,28850,28850,28455.75,28600,15,600
PAGEIND-III,20180711,0,0,0,27644,0,0
PCJEWELLER-I,20180711,129.65,132.4,126.9,128.9,3999,7660500
PCJEWELLER-II,20180711,125.85,128.45,124.75,125.05,56,957000
PCJEWELLER-III,20180711,126,126,126,126,1,10500
PEL-I,20180711,2441.35,2469.95,2435,2454.6,797,2085008
PEL-II,20180711,2455.05,2471.7,2450,2468,10,9362
PEL-III,20180711,0,0,0,2599,0,0
PETRONET-I,20180711,223.3,223.7,219,221.2,884,15372000
PETRONET-II,20180711,223.15,223.15,219.5,221,8,171000
PETRONET-III,20180711,217.25,218.4,217.25,218.4,2,81000
PFC-I,20180711,75.8,76.8,74.5,75.5,2354,85578000
PFC-II,20180711,76.75,77.15,75.05,75.8,38,1230000
PFC-III,20180711,75.2,75.2,75.2,75.2,1,6000
PIDILITIND-I,20180711,1081.05,1102.2,1080.45,1088.25,2516,3413000
PIDILITIND-II,20180711,1086.25,1099.5,1082.1,1089.3,25,39000
PIDILITIND-III,20180711,0,0,0,1047.5,0,0
PNB-I,20180711,78.2,78.45,75.4,75.6,5722,82423000
PNB-II,20180711,78.75,78.75,75.85,76,148,2937000
PNB-III,20180711,78,78.6,76.2,76.2,10,176000
POWERGRID-I,20180711,184.7,184.9,182.9,183.5,1202,53528000
POWERGRID-II,20180711,183.9,184.1,183.05,183.75,8,1144000
POWERGRID-III,20180711,0,0,0,183.5,0,44000
PTC-I,20180711,76,76.15,73.55,73.85,533,17464000
PTC-II,20180711,75.3,75.3,74.05,73.95,12,440000
PTC-III,20180711,72.1,72.1,72.1,72.1,1,32000
PVR-I,20180711,1420.05,1421.75,1387.65,1392.65,768,895600
PVR-II,20180711,1425,1425,1425,1425,1,4000
PVR-III,20180711,0,0,0,1418.25,0,0
RAMCOCEM-I,20180711,693.75,693.8,656.6,660.15,1385,1033600
RAMCOCEM-II,20180711,666,668.95,657.25,657.25,79,22400
RAMCOCEM-III,20180711,0,0,0,700.15,0,0
RAYMOND-I,20180711,926.55,927.95,899,902.05,1271,4780800
RAYMOND-II,20180711,930,930,905.8,908.15,6,28000
RAYMOND-III,20180711,0,0,0,909.2,0,0
RBLBANK-I,20180711,580.8,584.95,575.2,579.4,2137,4920000
RBLBANK-II,20180711,579.5,586.8,578,582.2,84,266400
RBLBANK-III,20180711,0,0,0,552.3,0,0
RCOM-I,20180711,13.9,14.05,13.55,13.7,889,84196000
RCOM-II,20180711,13.7,13.85,13.7,13.85,3,1876000
RCOM-III,20180711,0,0,0,13.55,0,0
RECLTD-I,20180711,102.7,104.75,100.8,101.75,1849,42876000
RECLTD-II,20180711,104.35,104.85,101.3,102.05,97,1530000
RECLTD-III,20180711,103.65,103.65,100.65,100.65,9,318000
RELCAPITAL-I,20180711,383,388.45,373,374.95,5003,8628000
RELCAPITAL-II,20180711,379.9,383.7,370,370.8,210,1137000
RELCAPITAL-III,20180711,377.65,378.4,367.7,368.45,14,241500
RELIANCE-I,20180711,1024.2,1039.45,1018.05,1037.8,26716,42658000
RELIANCE-II,20180711,1029,1043.95,1022.85,1042.4,3342,4870000
RELIANCE-III,20180711,1030,1047.95,1029,1046.35,109,139000
RELINFRA-I,20180711,406.1,406.1,389.9,395.45,5116,7813000
RELINFRA-II,20180711,402,403.25,390.1,393.95,94,453700
RELINFRA-III,20180711,398.75,399.45,386.5,390.5,23,96200
REPCOHOME-I,20180711,600,600,584.4,593.9,302,494100
REPCOHOME-II,20180711,591.2,595.35,584.6,595.35,112,12600
REPCOHOME-III,20180711,0,0,0,554.25,0,0
RPOWER-I,20180711,32.55,33.5,32.2,32.7,1250,47151000
RPOWER-II,20180711,32.45,33.55,32.4,32.75,37,2730000
RPOWER-III,20180711,0,0,0,32.35,0,0
SAIL-I,20180711,80.45,80.9,77.25,77.45,6094,87648000
SAIL-II,20180711,80.7,81.05,77.65,77.85,180,3888000
SAIL-III,20180711,78.3,78.3,78.3,78.3,1,12000
SBIN-I,20180711,264.8,264.8,258.25,259.4,12660,74247000
SBIN-II,20180711,264.1,264.45,259.65,260.65,285,1893000
SBIN-III,20180711,263.8,263.8,260.9,261.8,7,57000
SHREECEM-I,20180711,16626.05,16989.5,16626.05,16878.2,370,90950
SHREECEM-II,20180711,0,0,0,16864.6,0,3500
SHREECEM-III,20180711,0,0,0,15788.35,0,0
SIEMENS-I,20180711,1016.65,1026.85,993.05,999.55,1044,1123000
SIEMENS-II,20180711,999.5,1003.25,999.45,1003.25,4,11500
SIEMENS-III,20180711,0,0,0,973.05,0,0
SOUTHBANK-I,20180711,22.55,22.6,22.05,22.25,362,142506300
SOUTHBANK-II,20180711,22.8,22.8,22.25,22.35,13,4242048
SOUTHBANK-III,20180711,0,0,0,21.7,0,99423
SREINFRA-I,20180711,62.7,63.95,61.75,62.9,487,19278000
SREINFRA-II,20180711,62.6,64.15,62.4,63.15,19,294000
SREINFRA-III,20180711,0,0,0,64.75,0,0
SRF-I,20180711,1727.6,1743.45,1690.35,1698.95,1875,830500
SRF-II,20180711,1722,1722,1699.65,1707,16,11000
SRF-III,20180711,0,0,0,1672.75,0,0
SRTRANSFIN-I,20180711,1197.05,1222.95,1181.15,1200.05,7276,6253200
SRTRANSFIN-II,20180711,1189.85,1224,1189.85,1204.1,132,255600
SRTRANSFIN-III,20180711,1218.85,1218.85,1218.85,1218.85,1,1200
STAR-I,20180711,400,401.15,381.35,384.1,2953,4299200
STAR-II,20180711,396.25,401.25,383,385.7,54,110400
STAR-III,20180711,385,385,385,385,5,5600
SUNPHARMA-I,20180711,565.55,570.9,561,562.2,7974,42566700
SUNPHARMA-II,20180711,567.55,573.25,563.5,564.45,234,786500
SUNPHARMA-III,20180711,572,572.8,566.65,566.65,6,9900
SUNTV-I,20180711,812.1,816.75,795.55,801.05,4645,6591000
SUNTV-II,20180711,810,818.1,799.7,803.05,43,113000
SUNTV-III,20180711,814.75,814.75,809,809,2,7000
SUZLON-I,20180711,7.6,7.65,7.5,7.55,557,271935000
SUZLON-II,20180711,7.65,7.7,7.6,7.6,184,27675000
SUZLON-III,20180711,7.75,7.75,7.65,7.65,9,1800000
SYNDIBANK-I,20180711,41.85,42.4,40.65,40.85,546,26685000
SYNDIBANK-II,20180711,42.25,42.25,41,41,11,1062000
SYNDIBANK-III,20180711,0,0,0,39.95,0,0
TATACHEM-I,20180711,688.75,699,678.45,684.9,2166,3250500
TATACHEM-II,20180711,694,700,684,684,28,66750
TATACHEM-III,20180711,0,0,0,708.4,0,1500
TATACOMM-I,20180711,617.75,619.75,605.45,608.5,521,3127200
TATACOMM-II,20180711,607,607.8,605.1,607.8,46,73600
TATACOMM-III,20180711,0,0,0,595.85,0,0
TATAELXSI-I,20180711,1388.95,1446.4,1385.05,1434.95,8000,1676800
TATAELXSI-II,20180711,1412,1450.05,1398.5,1440.25,160,92000
TATAELXSI-III,20180711,0,0,0,1308.9,0,0
TATAGLOBAL-I,20180711,276.25,276.35,267.9,270.5,2548,12386250
TATAGLOBAL-II,20180711,276,276,270.9,271.6,20,171000
TATAGLOBAL-III,20180711,0,0,0,278.9,0,4500
TATAMOTORS-I,20180711,276.25,277.45,267.6,268.4,11016,84555000
TATAMOTORS-II,20180711,279.6,279.6,269.05,269.65,557,2620500
TATAMOTORS-III,20180711,279.5,279.5,270.55,270.65,71,97500
TATAMTRDVR-I,20180711,159.25,159.25,154.6,155.3,1037,26378800
TATAMTRDVR-II,20180711,159.4,159.4,155.9,156.15,68,1327200
TATAMTRDVR-III,20180711,158,158,158,158,1,5600
TATAPOWER-I,20180711,71.4,72.45,70.6,71.1,802,46908000
TATAPOWER-II,20180711,72.45,72.45,71.3,71.3,22,729000
TATAPOWER-III,20180711,0,0,0,73,0,0
TATASTEEL-I,20180711,570,570,555.5,556.95,16697,44699930
TATASTEEL-II,20180711,570,572.25,558.2,559.75,408,674796
TATASTEEL-III,20180711,574.65,574.65,561,561,27,46684
TCS-I,20180711,1899.8,1992,1896.7,1975.1,75708,12287500
TCS-II,20180711,1890,1984,1890,1968.05,1505,687000
TCS-III,20180711,1915,1986.75,1913,1971.15,98,54500
TECHM-I,20180711,642,656.75,640.1,642.35,9041,17540400
TECHM-II,20180711,644.9,659.9,644,646.6,282,214800
TECHM-III,20180711,659.1,659.1,659.1,659.1,1,4800
TITAN-I,20180711,829.5,829.5,804.8,807.75,12156,12923250
TITAN-II,20180711,827.55,830.85,809.7,812.35,4608,4281750
TITAN-III,20180711,828.8,828.8,815,815.5,19,30000
TORNTPHARM-I,20180711,1456.1,1482,1452.05,1465.2,968,683000
TORNTPHARM-II,20180711,1475.15,1475.2,1475.15,1475.2,2,4500
TORNTPHARM-III,20180711,0,0,0,1423.7,0,0
TORNTPOWER-I,20180711,233.2,235.5,228,229.5,482,1806000
TORNTPOWER-II,20180711,0,0,0,235.55,0,18000
TORNTPOWER-III,20180711,0,0,0,232.55,0,0
TV18BRDCST-I,20180711,49.7,50.3,48.8,49.2,847,62687500
TV18BRDCST-II,20180711,49.6,50,49.1,49.45,22,493000
TV18BRDCST-III,20180711,0,0,0,52.25,0,0
TVSMOTOR-I,20180711,584.9,587.45,577,580.1,1773,6734000
TVSMOTOR-II,20180711,580,584.45,574.85,578.05,19,44000
TVSMOTOR-III,20180711,0,0,0,568.1,0,0
UBL-I,20180711,1205.7,1206.85,1180.3,1187.45,952,1509900
UBL-II,20180711,1200,1200,1190,1190,3,9800
UBL-III,20180711,0,0,0,1144,0,0
UJJIVAN-I,20180711,388.95,395.8,386.45,388.6,1560,4051200
UJJIVAN-II,20180711,389.6,397.2,389.6,390.1,15,104000
UJJIVAN-III,20180711,0,0,0,394,0,6400
ULTRACEMCO-I,20180711,3951,3958,3922.8,3946.9,2319,2019800
ULTRACEMCO-II,20180711,3962.5,3972,3940,3972,32,22200
ULTRACEMCO-III,20180711,0,0,0,3790.8,0,0
UNIONBANK-I,20180711,82,82.1,78.6,78.85,2515,35226000
UNIONBANK-II,20180711,82.15,82.15,79.05,79.25,93,888000
UNIONBANK-III,20180711,81,81,81,81,1,6000
UPL-I,20180711,636.3,636.95,599.1,604.55,5694,14197200
UPL-II,20180711,629.5,632.65,596.95,603.5,289,430800
UPL-III,20180711,627,627,627,627,2,2400
VEDL-I,20180711,225,225,216.25,218.3,14753,55863500
VEDL-II,20180711,224.65,224.65,217.3,219.6,346,773500
VEDL-III,20180711,224,224,218.5,220.25,12,26250
VGUARD-I,20180711,204.65,205.45,199.1,200.3,354,2241000
VGUARD-II,20180711,202,202.95,198.7,198.7,4,123000
VGUARD-III,20180711,0,0,0,199.6,0,0
VOLTAS-I,20180711,533.5,539.95,530.1,536.55,2490,4656000
VOLTAS-II,20180711,526.35,532.95,526.35,530.75,10,177000
VOLTAS-III,20180711,532,532,532,532,3,3000
WIPRO-I,20180711,274.5,275.95,270.7,273.05,2359,28473600
WIPRO-II,20180711,275.5,276.1,272,274.2,71,170400
WIPRO-III,20180711,0,0,0,261.9,0,0
WOCKPHARMA-I,20180711,644.4,647.8,628.65,632.9,1789,3213000
WOCKPHARMA-II,20180711,642.05,649.05,633,635.5,70,68400
WOCKPHARMA-III,20180711,0,0,0,644,0,900
YESBANK-I,20180711,371.5,373.6,367.5,371.85,11968,47174750
YESBANK-II,20180711,372.95,375,369.25,373.75,382,1477000
YESBANK-III,20180711,374.9,375.8,371.25,375.8,10,28000
ZEEL-I,20180711,540.2,545.9,539,541.35,2282,9176700
ZEEL-II,20180711,544.25,547.25,543.2,543.25,16,81900
ZEEL-III,20180711,0,0,0,549.05,0,0
