BANKNIFTY-I,20160429,16774.9,16946.25,16560.9,16888.35,164495,1776810
BANKNIFTY-II,20160429,16762.85,16930,16564,16869.2,3666,59760
BANKNIFTY-III,20160429,16732.1,16967.8,16650,16967.8,24,720
DJIA-I,20160429,17775,17810,17762.5,17807.5,495,19050
DJIA-II,20160429,0,0,0,17920,0,780
DJIA-III,20160429,0,0,0,18037.5,0,0
DJIA-IIII,20160429,0,0,0,16702.5,0,30
DJIA-IIIII,20160429,0,0,0,18835,0,0
DJIA-IIIIII,20160429,0,0,0,18965,0,0
FTSE100-I,20160429,6201,6275,6201,6275,2,225
FTSE100-II,20160429,0,0,0,7242,0,0
FTSE100-III,20160429,0,0,0,6316,0,0
FTSE100-IIII,20160429,0,0,0,6637,0,0
FTSE100-IIIII,20160429,0,0,0,6570,0,0
FTSE100-IIIIII,20160429,0,0,0,6728,0,0
NIFTY-I,20160429,7887,7950,7831.1,7894.8,208110,20661825
NIFTY-II,20160429,7894.95,7953,7845,7907.6,6777,991575
NIFTY-III,20160429,7900.1,7963.15,7865,7926.25,417,10575
NIFTYINFRA-I,20160429,0,0,0,2330.45,0,0
NIFTYINFRA-II,20160429,0,0,0,2600.2,0,0
NIFTYINFRA-III,20160429,0,0,0,2693.1,0,0
NIFTYIT-I,20160429,11291,11345,11200,11249,146,12960
NIFTYIT-II,20160429,0,0,0,11430,0,45
NIFTYIT-III,20160429,0,0,0,11495,0,0
NIFTYMID50-I,20160429,0,0,0,2763.8,0,0
NIFTYMID50-II,20160429,0,0,0,3266,0,0
NIFTYMID50-III,20160429,0,0,0,3380.7,0,0
NIFTYPSE-I,20160429,0,0,0,2686.4,0,0
NIFTYPSE-II,20160429,0,0,0,2904.75,0,0
NIFTYPSE-III,20160429,0,0,0,2994.1,0,0
S&P500-I,20160429,2073.75,2075.25,2070.25,2075.25,252,387000
S&P500-II,20160429,0,0,0,2299,0,0
S&P500-III,20160429,0,0,0,2098.25,0,0
S&P500-IIII,20160429,0,0,0,2150.5,0,0
S&P500-IIIII,20160429,0,0,0,2198.25,0,0
S&P500-IIIIII,20160429,0,0,0,2213.75,0,0
ABIRLANUVO-I,20160429,862.2,870,846.95,859.5,1162,1274500
ABIRLANUVO-II,20160429,871,871,856.9,860.9,8,2000
ABIRLANUVO-III,20160429,0,0,0,870.65,0,0
ACC-I,20160429,1459.65,1466,1433.35,1451.55,2332,937125
ACC-II,20160429,1469.3,1472.1,1442.25,1453.55,49,15000
ACC-III,20160429,0,0,0,1464.3,0,0
ADANIENT-I,20160429,84.05,89.15,83.55,87.25,956,12060000
ADANIENT-II,20160429,0,0,0,75.35,0,0
ADANIENT-III,20160429,0,0,0,85.4,0,0
ADANIPORTS-I,20160429,237.85,241.65,234,239.95,2415,29129600
ADANIPORTS-II,20160429,238.4,240.95,237.4,237.5,10,81600
ADANIPORTS-III,20160429,0,0,0,239.8,0,0
ADANIPOWER-I,20160429,32.1,32.7,31.45,32.25,578,71680000
ADANIPOWER-II,20160429,31.95,31.95,31.95,31.95,1,300000
ADANIPOWER-III,20160429,0,0,0,32.8,0,0
AJANTPHARM-I,20160429,1540.05,1568,1470,1510.85,3496,356800
AJANTPHARM-II,20160429,1554.25,1554.25,1554.25,1554.25,1,400
AJANTPHARM-III,20160429,0,0,0,1567.4,0,0
ALBK-I,20160429,59.1,59.5,55.55,58.6,1093,7848000
ALBK-II,20160429,59,59.1,56,58.2,42,384000
ALBK-III,20160429,56.25,56.25,56,56,2,10000
AMARAJABAT-I,20160429,942.4,964.9,935.55,961.35,885,704400
AMARAJABAT-II,20160429,960,960,960,960,1,2400
AMARAJABAT-III,20160429,0,0,0,955.4,0,0
AMBUJACEM-I,20160429,223.25,225.25,220.8,222.65,2374,9084600
AMBUJACEM-II,20160429,225.6,226.85,221.8,222.4,31,46200
AMBUJACEM-III,20160429,0,0,0,223.9,0,0
ANDHRABANK-I,20160429,56.2,56.7,54.1,55.65,585,9096000
ANDHRABANK-II,20160429,56.65,56.65,54.9,54.9,13,192000
ANDHRABANK-III,20160429,0,0,0,56.95,0,0
APOLLOHOSP-I,20160429,1326.2,1334.5,1305.25,1321.35,721,950400
APOLLOHOSP-II,20160429,1334,1341.55,1334,1341.55,3,1200
APOLLOHOSP-III,20160429,0,0,0,1337.3,0,0
APOLLOTYRE-I,20160429,165.45,165.65,158.6,160.8,2131,10470000
APOLLOTYRE-II,20160429,164.05,164.05,160,161,15,54000
APOLLOTYRE-III,20160429,0,0,0,167.5,0,0
ARVIND-I,20160429,285.6,289.3,272,279.4,3452,3906600
ARVIND-II,20160429,289.85,289.85,274,279.65,11,34000
ARVIND-III,20160429,0,0,0,289.2,0,0
ASHOKLEY-I,20160429,106.65,107.75,105.1,107.4,4776,73633000
ASHOKLEY-II,20160429,107,107.9,105.25,107.55,70,840000
ASHOKLEY-III,20160429,0,0,0,107.35,0,0
ASIANPAINT-I,20160429,880.65,882,867.4,872.75,1808,3087000
ASIANPAINT-II,20160429,878,878,864.7,864.7,8,13800
ASIANPAINT-III,20160429,0,0,0,889.15,0,0
AUROPHARMA-I,20160429,774.65,779.45,761.2,765.55,4689,13647200
AUROPHARMA-II,20160429,776,778.8,767,770,10,28000
AUROPHARMA-III,20160429,0,0,0,778.4,0,0
AXISBANK-I,20160429,467.85,479.45,466,475.55,20405,27560000
AXISBANK-II,20160429,470.25,480.8,469,477.8,330,502000
AXISBANK-III,20160429,0,0,0,476.65,0,0
BAJAJ-AUTO-I,20160429,2503.9,2517.8,2481.2,2508.4,1747,1471600
BAJAJ-AUTO-II,20160429,2502.7,2530.1,2483,2522.6,83,16800
BAJAJ-AUTO-III,20160429,0,0,0,2533.2,0,0
BAJFINANCE-I,20160429,7022.75,7023.55,6820.15,6881.3,904,235375
BAJFINANCE-II,20160429,6901.45,6901.45,6901.4,6901.4,2,250
BAJFINANCE-III,20160429,0,0,0,7095.1,0,0
BANKBARODA-I,20160429,160.75,162.95,153,158.85,8784,35888700
BANKBARODA-II,20160429,160.95,161.9,152.9,158.2,97,489800
BANKBARODA-III,20160429,161,161,155.15,155.55,4,14000
BANKINDIA-I,20160429,96.5,96.65,91.15,92.5,4090,18219000
BANKINDIA-II,20160429,96.4,96.4,90.85,92.3,207,960000
BANKINDIA-III,20160429,91.15,91.3,89.05,91.3,17,72000
BATAINDIA-I,20160429,556.15,592.9,549.95,581.65,1585,1716000
BATAINDIA-II,20160429,0,0,0,519,0,0
BATAINDIA-III,20160429,0,0,0,566.5,0,0
BEL-I,20160429,1193.6,1207.9,1178.7,1188.8,678,1462050
BEL-II,20160429,0,0,0,1204,0,2250
BEL-III,20160429,0,0,0,1205.45,0,0
BEML-I,20160429,924.3,939.8,915,926.7,774,1370500
BEML-II,20160429,0,0,0,1065.45,0,0
BEML-III,20160429,0,0,0,935.85,0,0
BHARATFORG-I,20160429,792.55,804.9,789.15,801.5,2421,5602000
BHARATFORG-II,20160429,799.35,805,786.85,803.85,35,22000
BHARATFORG-III,20160429,0,0,0,807.6,0,0
BHARTIARTL-I,20160429,371.7,372.05,362.25,365.25,5248,22029600
BHARTIARTL-II,20160429,372.3,372.3,363.75,366,325,348000
BHARTIARTL-III,20160429,367.1,368.1,365.95,366.95,34,51000
BHEL-I,20160429,125.75,127.4,123.65,126.1,4170,20224000
BHEL-II,20160429,126.5,127.6,123.7,126.4,43,594000
BHEL-III,20160429,126,127,126,127,2,10000
BIOCON-I,20160429,576.25,592.75,574.9,590,3602,2819300
BIOCON-II,20160429,581.2,592.5,581.2,588.8,15,24200
BIOCON-III,20160429,0,0,0,586.25,0,0
BOSCHLTD-I,20160429,20076.5,20079.4,19689.3,19810.9,576,88175
BOSCHLTD-II,20160429,20053.3,20119.3,19799.65,19975,38,675
BOSCHLTD-III,20160429,0,0,0,20315.3,0,0
BPCL-I,20160429,965.3,984.45,963.25,981,3757,5115600
BPCL-II,20160429,972.6,986.65,971,985.65,25,31200
BPCL-III,20160429,0,0,0,980.45,0,0
BRITANNIA-I,20160429,2844.7,2904.2,2844.7,2882.75,786,1343600
BRITANNIA-II,20160429,2892,2892,2892,2892,2,200
BRITANNIA-III,20160429,0,0,0,2877.45,0,0
CADILAHC-I,20160429,329.8,331.4,326.2,329.8,261,3288000
CADILAHC-II,20160429,0,0,0,331.5,0,1500
CADILAHC-III,20160429,0,0,0,333.15,0,0
CAIRN-I,20160429,144.55,146.8,143.85,146.15,1229,11742000
CAIRN-II,20160429,145.8,146.7,144.15,146.7,16,69000
CAIRN-III,20160429,144.55,144.55,143.6,144.4,3,3500
CANBK-I,20160429,209.95,210.5,199.9,206.2,5808,10082000
CANBK-II,20160429,209.85,209.85,199.3,204.45,212,364000
CANBK-III,20160429,206,206.5,198.5,202,26,60000
CASTROLIND-I,20160429,390.35,401.35,389,397.45,872,1995400
CASTROLIND-II,20160429,402.5,402.5,394.15,394.15,5,4400
CASTROLIND-III,20160429,0,0,0,396.5,0,0
CEATLTD-I,20160429,1114,1114.85,1051.2,1078.95,4306,1866200
CEATLTD-II,20160429,1075,1075,1050,1068.45,22,14000
CEATLTD-III,20160429,0,0,0,1195.2,0,0
CENTURYTEX-I,20160429,625.95,647.45,614.4,643.5,5841,5792000
CENTURYTEX-II,20160429,637.4,650.45,616.1,650.45,24,8800
CENTURYTEX-III,20160429,0,0,0,634.1,0,0
CESC-I,20160429,534.8,543,529.4,541.55,848,1523000
CESC-II,20160429,0,0,0,545.7,0,1000
CESC-III,20160429,0,0,0,544.5,0,0
CIPLA-I,20160429,530,542,530,540.8,4316,10394400
CIPLA-II,20160429,534.55,544,534.55,542.7,17,53600
CIPLA-III,20160429,0,0,0,537.95,0,0
COALINDIA-I,20160429,285.9,291.25,285.9,289.1,3780,22072800
COALINDIA-II,20160429,289,292.5,288.3,290.8,47,206400
COALINDIA-III,20160429,0,0,0,290.3,0,0
COLPAL-I,20160429,845.6,852.9,835,841.2,575,2161500
COLPAL-II,20160429,837,837,837,837,1,500
COLPAL-III,20160429,0,0,0,863.1,0,0
CONCOR-I,20160429,1333.25,1358,1322,1355.4,191,385600
CONCOR-II,20160429,0,0,0,1327,0,400
CONCOR-III,20160429,0,0,0,1345.15,0,0
CROMPGREAV-I,20160429,57.35,58.35,56.65,57.95,1671,15576000
CROMPGREAV-II,20160429,56.7,56.7,56.7,56.7,2,156000
CROMPGREAV-III,20160429,0,0,0,59.05,0,0
CUMMINSIND-I,20160429,877.25,905.6,872.5,891.45,343,216000
CUMMINSIND-II,20160429,0,0,0,875,0,600
CUMMINSIND-III,20160429,0,0,0,884.75,0,0
DABUR-I,20160429,272.95,280.35,272.4,277.2,2717,5148000
DABUR-II,20160429,281.75,282.05,276.05,276.55,21,20000
DABUR-III,20160429,0,0,0,274.6,0,0
DHFL-I,20160429,200.3,203,195,199.9,1228,6047800
DHFL-II,20160429,202,202.75,202,202.5,3,26400
DHFL-III,20160429,0,0,0,203.45,0,0
DISHTV-I,20160429,90.85,91.45,88.65,90.75,1504,21850000
DISHTV-II,20160429,90.6,90.6,89.5,90.2,8,60000
DISHTV-III,20160429,0,0,0,91.5,0,0
DIVISLAB-I,20160429,1056.35,1067.6,1048,1058.7,589,2185800
DIVISLAB-II,20160429,0,0,0,1074,0,19800
DIVISLAB-III,20160429,0,0,0,1069.45,0,0
DLF-I,20160429,126.3,130.9,123.45,130.3,10220,32475000
DLF-II,20160429,126.5,131.35,124,131,58,195000
DLF-III,20160429,129,129,129,129,1,5000
DRREDDY-I,20160429,3113.3,3125.9,3088.8,3110.5,2437,1457850
DRREDDY-II,20160429,3139.6,3139.6,3120,3127.2,9,14700
DRREDDY-III,20160429,0,0,0,3140,0,0
EICHERMOT-I,20160429,20399.95,20430,20100.2,20188.15,1967,165675
EICHERMOT-II,20160429,20503.85,20503.85,20261.05,20302.35,24,550
EICHERMOT-III,20160429,0,0,0,20665.7,0,0
ENGINERSIN-I,20160429,182,183.85,177.75,180.1,438,2846800
ENGINERSIN-II,20160429,181.5,181.9,181.5,181.9,2,13200
ENGINERSIN-III,20160429,0,0,0,184.1,0,0
EXIDEIND-I,20160429,148.3,149.5,145.75,148.35,759,7956000
EXIDEIND-II,20160429,0,0,0,148.45,0,30600
EXIDEIND-III,20160429,0,0,0,149.55,0,0
FEDERALBNK-I,20160429,46.7,47.45,44.65,46.15,1627,49216000
FEDERALBNK-II,20160429,47.15,47.4,44.1,45.85,32,440000
FEDERALBNK-III,20160429,0,0,0,47.25,0,0
GAIL-I,20160429,364.15,368.5,358.3,362.95,926,6542200
GAIL-II,20160429,364.2,365,361.6,361.6,4,78400
GAIL-III,20160429,0,0,0,369.9,0,0
GLENMARK-I,20160429,829.95,840,823.2,835.75,1710,2760500
GLENMARK-II,20160429,838.5,842.45,833.5,833.5,6,3500
GLENMARK-III,20160429,0,0,0,833.05,0,0
GMRINFRA-I,20160429,12.2,12.8,12.05,12.75,1354,204828000
GMRINFRA-II,20160429,12.3,12.8,12.2,12.8,26,2808000
GMRINFRA-III,20160429,12.35,12.35,12.35,12.35,1,45000
GODREJCP-I,20160429,1329.95,1349.55,1319,1328.5,185,222800
GODREJCP-II,20160429,0,0,0,1410,0,400
GODREJCP-III,20160429,0,0,0,1356.8,0,0
GODREJIND-I,20160429,352,357.15,348,351.7,470,1231100
GODREJIND-II,20160429,0,0,0,361.5,0,6500
GODREJIND-III,20160429,0,0,0,354.4,0,0
GRANULES-I,20160429,138.3,139,135,135.7,1150,5305000
GRANULES-II,20160429,136.9,137.85,136.05,136.05,4,25000
GRANULES-III,20160429,0,0,0,135.6,0,0
GRASIM-I,20160429,4125,4138.2,4080.05,4114.45,1120,918750
GRASIM-II,20160429,0,0,0,3922.7,0,0
GRASIM-III,20160429,0,0,0,4193.35,0,0
HAVELLS-I,20160429,339.3,340.75,332.1,334.6,1359,2870000
HAVELLS-II,20160429,333,333,333,333,1,26000
HAVELLS-III,20160429,0,0,0,343.45,0,0
HCLTECH-I,20160429,800,800,747.3,749.9,13843,9289800
HCLTECH-II,20160429,792,792,750.9,753.6,180,145800
HCLTECH-III,20160429,761,761,761,761,1,700
HDFC-I,20160429,1094,1110,1081.35,1095.4,9269,12978000
HDFC-II,20160429,1096,1110.5,1092.5,1100.4,52,144000
HDFC-III,20160429,0,0,0,1105.5,0,0
HDFCBANK-I,20160429,1119.55,1144.95,1113.3,1140.65,13655,28206500
HDFCBANK-II,20160429,1120.05,1144.5,1120.05,1140.5,185,156500
HDFCBANK-III,20160429,0,0,0,1134.45,0,0
HDIL-I,20160429,86.7,87.4,82.95,86.8,7833,19572000
HDIL-II,20160429,87,87.6,83.6,87.6,37,216000
HDIL-III,20160429,0,0,0,87.65,0,0
HEROMOTOCO-I,20160429,2897.8,2934,2897,2918.2,2301,1321800
HEROMOTOCO-II,20160429,2920,2928.7,2915,2925.5,5,20200
HEROMOTOCO-III,20160429,0,0,0,2952.95,0,0
HEXAWARE-I,20160429,245.3,246.75,238.5,241.15,1089,3584000
HEXAWARE-II,20160429,0,0,0,274.65,0,0
HEXAWARE-III,20160429,0,0,0,248.85,0,0
HINDALCO-I,20160429,98.2,99.7,94.15,97.1,7370,39755000
HINDALCO-II,20160429,98.35,99.95,94.75,97.35,77,405000
HINDALCO-III,20160429,0,0,0,98.7,0,0
HINDPETRO-I,20160429,832,847.7,821.3,840.25,4430,6433200
HINDPETRO-II,20160429,838.1,848.9,828.2,845.1,17,9000
HINDPETRO-III,20160429,0,0,0,846.65,0,0
HINDUNILVR-I,20160429,882.5,885.3,865.05,872,3053,3675000
HINDUNILVR-II,20160429,880.85,880.85,861.6,861.6,5,9600
HINDUNILVR-III,20160429,0,0,0,892.35,0,0
HINDZINC-I,20160429,171.65,173.75,170,173.15,360,4480000
HINDZINC-II,20160429,170.8,172.55,170.8,172,3,16000
HINDZINC-III,20160429,0,0,0,175.3,0,0
IBREALEST-I,20160429,63.9,68.3,63.9,67.9,4727,26379000
IBREALEST-II,20160429,65,68,65,68,5,45000
IBREALEST-III,20160429,0,0,0,64.7,0,0
IBULHSGFIN-I,20160429,693.2,704.55,670.15,696.8,2351,7330400
IBULHSGFIN-II,20160429,0,0,0,663.2,0,0
IBULHSGFIN-III,20160429,0,0,0,709.9,0,0
ICICIBANK-I,20160429,241.75,245.5,232.3,238.3,76128,47625500
ICICIBANK-II,20160429,238.25,241.5,228.9,234.7,1768,1766300
ICICIBANK-III,20160429,234.25,235,232,232.9,5,10000
ICIL-I,20160429,1060,1075.9,1055.05,1059.95,45,235000
ICIL-II,20160429,0,0,0,991.35,0,0
ICIL-III,20160429,0,0,0,1069.55,0,0
IDBI-I,20160429,69.75,70.6,67,69.45,2463,29576000
IDBI-II,20160429,69.7,70.4,67,69.2,104,840000
IDBI-III,20160429,0,0,0,70.95,0,0
IDEA-I,20160429,122,123.7,112.5,115.55,7855,37644000
IDEA-II,20160429,120.65,120.65,111.9,114.25,150,696000
IDEA-III,20160429,0,0,0,128.85,0,0
IDFC-I,20160429,44.45,45.25,43.6,44.65,2902,56119800
IDFC-II,20160429,44.25,45.35,43.8,44.75,63,316800
IDFC-III,20160429,44.45,44.7,44.25,44.25,4,26400
IFCI-I,20160429,25.45,25.8,24.7,25.6,1107,53000000
IFCI-II,20160429,25.45,25.75,24.9,25.75,9,400000
IFCI-III,20160429,0,0,0,25.9,0,0
IGL-I,20160429,576.45,582.6,573.2,577.3,664,1480600
IGL-II,20160429,0,0,0,564.8,0,1100
IGL-III,20160429,0,0,0,582.55,0,0
INDIACEM-I,20160429,87.8,91.45,87.35,90.05,2885,26370000
INDIACEM-II,20160429,90.5,90.5,90.5,90.5,1,6000
INDIACEM-III,20160429,0,0,0,88.25,0,0
INDUSINDBK-I,20160429,1034.2,1054.9,1029.1,1051.55,5589,5115600
INDUSINDBK-II,20160429,1039.7,1053.2,1031,1052.3,25,116400
INDUSINDBK-III,20160429,1057.05,1057.05,1038.25,1054.95,3,600
INFRATEL-I,20160429,373.9,378,368.8,376.6,1013,4079400
INFRATEL-II,20160429,371.1,371.1,371.1,371.1,1,48100
INFRATEL-III,20160429,0,0,0,377.75,0,0
INFY-I,20160429,1221.35,1231.75,1212.5,1216.95,5924,12108000
INFY-II,20160429,1214.2,1224.2,1206,1209.65,130,278500
INFY-III,20160429,1221.65,1221.65,1216.15,1216.15,2,1000
IOB-I,20160429,31.2,31.6,30.3,30.85,252,8400000
IOB-II,20160429,31,31,30.15,30.2,8,560000
IOC-I,20160429,428.15,436,424.4,434.7,1251,5330400
IOC-II,20160429,430.85,437,430.85,437,2,6000
IOC-III,20160429,0,0,0,431.8,0,0
IRB-I,20160429,213.05,217,212,215.25,1176,7045500
IRB-II,20160429,216.2,216.65,212.75,216.65,10,27300
IRB-III,20160429,0,0,0,216.5,0,0
ITC-I,20160429,325.45,327.75,322.4,326.45,4694,25630400
ITC-II,20160429,323,324.7,319.65,323.2,119,219200
ITC-III,20160429,0,0,0,328.85,0,0
JETAIRWAYS-I,20160429,635.55,637,613.6,621.9,4097,5045400
JETAIRWAYS-II,20160429,636.5,636.5,619.9,625.25,32,23400
JETAIRWAYS-III,20160429,0,0,0,639.7,0,0
JINDALSTEL-I,20160429,75.25,75.35,67.55,70.25,7436,38745000
JINDALSTEL-II,20160429,73.25,75.4,68.25,70.35,76,259000
JINDALSTEL-III,20160429,0,0,0,76.1,0,0
JISLJALEQS-I,20160429,61.95,62.9,60.25,61.6,654,38040000
JISLJALEQS-II,20160429,62.35,62.35,61.05,61.7,11,128000
JISLJALEQS-III,20160429,0,0,0,62.8,0,0
JPASSOCIAT-I,20160429,7.5,7.65,7.3,7.55,575,166512000
JPASSOCIAT-II,20160429,7.5,7.6,7.4,7.6,11,1872000
JPASSOCIAT-III,20160429,0,0,0,7.6,0,0
JSWENERGY-I,20160429,68.1,68.55,66.4,68.1,577,8094000
JSWENERGY-II,20160429,68.45,68.45,68.45,68.45,1,6000
JSWENERGY-III,20160429,67.3,67.3,67.3,67.3,1,8000
JSWSTEEL-I,20160429,1371,1388.5,1358,1381.35,4334,6687600
JSWSTEEL-II,20160429,1391,1391,1371.9,1388,11,11400
JSWSTEEL-III,20160429,0,0,0,1393.6,0,0
JUBLFOOD-I,20160429,1200.05,1228.2,1122.65,1157.6,6444,1944900
JUBLFOOD-II,20160429,1202,1218.2,1132,1159.4,75,17100
JUBLFOOD-III,20160429,0,0,0,1212.55,0,0
JUSTDIAL-I,20160429,834.1,837.85,792.55,814.1,3162,1590000
JUSTDIAL-II,20160429,800,810,776,796.7,27,17000
JUSTDIAL-III,20160429,0,0,0,876.7,0,0
KOTAKBANK-I,20160429,702.15,723.6,699,721.25,5661,7512400
KOTAKBANK-II,20160429,708.3,725.3,708.3,724.75,58,65800
KOTAKBANK-III,20160429,0,0,0,714.35,0,0
KPIT-I,20160429,162.95,164.9,159.75,161.1,453,2120000
KPIT-II,20160429,0,0,0,163.1,0,0
KPIT-III,20160429,0,0,0,164.05,0,0
KSCL-I,20160429,404.25,407.1,396,398.5,925,1983750
KSCL-II,20160429,399.95,401.05,399.95,401.05,5,3000
KSCL-III,20160429,0,0,0,406.05,0,0
KTKBANK-I,20160429,113.5,115.2,110.9,112.75,818,12080000
KTKBANK-II,20160429,112,112,111,111.4,4,68000
KTKBANK-III,20160429,0,0,0,114.9,0,0
L&TFH-I,20160429,71.2,72.85,69.55,72.25,1078,35648000
L&TFH-II,20160429,72.1,73,70.5,72.65,7,104000
L&TFH-III,20160429,0,0,0,71.85,0,0
LICHSGFIN-I,20160429,460.55,467.9,458.8,465.9,3956,9662400
LICHSGFIN-II,20160429,465.8,470,461.95,468.45,20,45100
LICHSGFIN-III,20160429,0,0,0,465.15,0,0
LT-I,20160429,1265.3,1273.85,1251.95,1262.1,9015,8009700
LT-II,20160429,1271,1278.95,1258.55,1267.05,79,126300
LT-III,20160429,0,0,0,1282.7,0,0
LUPIN-I,20160429,1587.85,1629,1567.5,1616.3,6216,3953400
LUPIN-II,20160429,1606,1636,1604.35,1626.4,62,30600
LUPIN-III,20160429,0,0,0,1605.25,0,0
M&M-I,20160429,1345.6,1353.8,1328,1339.6,3718,3336400
M&M-II,20160429,1343.15,1357.4,1335,1346.1,33,50800
M&M-III,20160429,0,0,0,1369.2,0,0
M&MFIN-I,20160429,301,303.95,297.2,301.55,1696,9808000
M&MFIN-II,20160429,300.05,301.65,297.45,301.65,8,18000
M&MFIN-III,20160429,0,0,0,305.7,0,0
MARICO-I,20160429,253.9,261,252.7,259.6,1869,7501000
MARICO-II,20160429,259,259,255.8,256.4,3,7800
MARICO-III,20160429,0,0,0,255.8,0,0
MARUTI-I,20160429,3762,3842,3747.1,3820.75,14967,3092875
MARUTI-II,20160429,3776.45,3853.4,3772,3840.45,114,24125
MARUTI-III,20160429,0,0,0,3816.8,0,0
MCDOWELL-N-I,20160429,2374.65,2398,2338,2389.95,1123,1008750
MCDOWELL-N-II,20160429,2388.6,2393.95,2364.7,2386.15,8,1250
MCDOWELL-N-III,20160429,0,0,0,2386.4,0,0
MCLEODRUSS-I,20160429,188.6,192,187.4,191.15,265,2026200
MCLEODRUSS-II,20160429,191,191,191,191,2,4400
MCLEODRUSS-III,20160429,0,0,0,192.8,0,0
MINDTREE-I,20160429,694.75,697.95,681,683.35,430,1690400
MINDTREE-II,20160429,693,693,683,683.3,5,5600
MINDTREE-III,20160429,0,0,0,698.8,0,0
MOTHERSUMI-I,20160429,258.9,263.35,252.25,253.8,1615,11673000
MOTHERSUMI-II,20160429,259.65,259.8,253.9,253.9,10,33000
MOTHERSUMI-III,20160429,0,0,0,263.05,0,0
MRF-I,20160429,34200.05,34419.95,33805.1,34052.3,903,43785
MRF-II,20160429,34200,34201,34100,34100,6,75
MRF-III,20160429,0,0,0,34739.65,0,0
NCC-I,20160429,79,79.8,76.2,78.6,1581,10296000
NCC-II,20160429,78.05,78.3,77.5,78.3,7,72000
NCC-III,20160429,0,0,0,80.6,0,0
NHPC-I,20160429,20.9,21.05,20.85,20.9,2138,64206000
NHPC-II,20160429,21.15,21.15,20.9,20.9,5,432000
NHPC-III,20160429,0,0,0,21.5,0,0
NMDC-I,20160429,95.9,96.4,94.3,95.95,806,10850000
NMDC-II,20160429,96.45,96.65,95,95,3,135000
NMDC-III,20160429,0,0,0,97.05,0,0
NTPC-I,20160429,138.55,141,136.9,139.95,1149,13988000
NTPC-II,20160429,138,141.3,138,141.2,6,152000
NTPC-III,20160429,0,0,0,139.7,0,0
OFSS-I,20160429,3642.95,3647.95,3618.4,3637.05,58,121500
OFSS-II,20160429,0,0,0,3601.5,0,0
OFSS-III,20160429,0,0,0,3659.05,0,0
OIL-I,20160429,332.85,338.6,330.8,333.5,328,1069200
OIL-II,20160429,0,0,0,335.75,0,2400
OIL-III,20160429,0,0,0,336.9,0,0
ONGC-I,20160429,219.4,221.8,217.2,218.95,5003,21310000
ONGC-II,20160429,220.75,223.05,218.25,219.8,50,284000
ONGC-III,20160429,0,0,0,220.85,0,0
ORIENTBANK-I,20160429,95.5,96.2,89.4,91.65,2707,12912000
ORIENTBANK-II,20160429,95.3,95.65,89.15,91.3,111,639000
ORIENTBANK-III,20160429,95,95,95,95,1,6000
PAGEIND-I,20160429,13050.05,13050.05,12325,12447.5,393,52400
PAGEIND-II,20160429,0,0,0,12364.4,0,0
PAGEIND-III,20160429,0,0,0,13211.45,0,0
PCJEWELLER-I,20160429,359.6,362,356,357.15,118,952900
PCJEWELLER-II,20160429,356.9,356.9,356,356,2,9100
PCJEWELLER-III,20160429,0,0,0,370.4,0,0
PETRONET-I,20160429,261.95,266,260.2,265.35,766,5529000
PETRONET-II,20160429,0,0,0,264.6,0,18000
PETRONET-III,20160429,0,0,0,264.55,0,0
PFC-I,20160429,182.8,183.5,175.7,180.35,2300,13974000
PFC-II,20160429,182.05,182.05,178.3,180.55,12,24000
PFC-III,20160429,0,0,0,184.35,0,0
PIDILITIND-I,20160429,606.4,610.7,603.5,607.95,450,1093000
PIDILITIND-II,20160429,0,0,0,601.35,0,0
PIDILITIND-III,20160429,0,0,0,611.05,0,0
PNB-I,20160429,88.7,89.5,84.6,87.65,5546,23196000
PNB-II,20160429,88.5,88.6,84.3,87.25,163,900000
PNB-III,20160429,0,0,0,89.85,0,0
POWERGRID-I,20160429,143.65,144.95,141.5,144.6,1053,18688000
POWERGRID-II,20160429,142.7,145.45,142.7,145.2,8,28000
POWERGRID-III,20160429,0,0,0,144.5,0,0
PTC-I,20160429,63.85,65.55,63.65,65.3,353,9376000
PTC-II,20160429,0,0,0,63.75,0,56000
PTC-III,20160429,0,0,0,64.6,0,0
RCOM-I,20160429,58,58.1,54.85,56.6,5371,72152000
RCOM-II,20160429,58.25,58.25,55.45,56.25,55,680000
RCOM-III,20160429,0,0,0,58.95,0,0
RECLTD-I,20160429,180.75,181.9,175.85,179.7,3199,19652000
RECLTD-II,20160429,181,181.1,177.5,179.75,36,72000
RECLTD-III,20160429,0,0,0,183.4,0,0
RELCAPITAL-I,20160429,394.05,411.7,388.3,406.9,9453,11901000
RELCAPITAL-II,20160429,399,413.35,390.5,409.35,86,64500
RELCAPITAL-III,20160429,400.95,407,400.95,407,2,1500
RELIANCE-I,20160429,999.7,1005.7,986.4,990.35,17762,23314000
RELIANCE-II,20160429,1006.7,1010.45,992,996.2,457,318000
RELIANCE-III,20160429,1005.5,1005.5,1000,1001.85,3,1500
RELINFRA-I,20160429,539.35,544.95,525.1,542.4,8665,7866300
RELINFRA-II,20160429,543,546.1,527.7,544.85,26,39000
RELINFRA-III,20160429,0,0,0,545.75,0,0
RPOWER-I,20160429,51.55,52,49.9,51.3,1394,47856000
RPOWER-II,20160429,51.7,52,50.45,51.75,23,972000
RPOWER-III,20160429,52.25,52.25,50.6,50.6,4,48000
SAIL-I,20160429,47.4,49.1,46.5,47.7,3337,40716000
SAIL-II,20160429,47.5,48.95,46.6,47.65,111,1143000
SAIL-III,20160429,0,0,0,47.85,0,0
SBIN-I,20160429,191.5,194.4,186.05,189.5,25142,64072000
SBIN-II,20160429,191.9,194.2,186,189.3,639,1778000
SBIN-III,20160429,192.5,192.5,188,188.05,5,15000
SIEMENS-I,20160429,1158.55,1171,1128,1146,1920,989200
SIEMENS-II,20160429,1162.2,1166,1133.15,1142.5,23,2800
SIEMENS-III,20160429,0,0,0,1169.05,0,0
SKSMICRO-I,20160429,591.5,614.8,583.7,608.35,4621,7766000
SKSMICRO-II,20160429,601.85,616,591.55,611.65,46,41000
SKSMICRO-III,20160429,0,0,0,599.65,0,0
SOUTHBANK-I,20160429,18.25,18.65,18.05,18.4,186,30932000
SOUTHBANK-II,20160429,18.45,18.45,18.2,18.45,11,330000
SOUTHBANK-III,20160429,18.35,18.4,18,18,6,150000
SRF-I,20160429,1350.1,1378,1323.15,1369.3,598,457600
SRF-II,20160429,0,0,0,1335.2,0,0
SRF-III,20160429,0,0,0,1367.25,0,0
SRTRANSFIN-I,20160429,964.95,965.65,931.15,948.45,3645,2301600
SRTRANSFIN-II,20160429,964.5,964.5,945,955,6,4200
SRTRANSFIN-III,20160429,0,0,0,982,0,0
STAR-I,20160429,1094.95,1099.9,1076.25,1089.3,892,897600
STAR-II,20160429,0,0,0,1096.8,0,800
STAR-III,20160429,0,0,0,1102.2,0,0
SUNPHARMA-I,20160429,808.75,817.8,807.1,815.15,4334,12298200
SUNPHARMA-II,20160429,813.25,821.35,813.25,816.85,28,136800
SUNPHARMA-III,20160429,816.75,817.95,816.75,817.95,3,1800
SUNTV-I,20160429,358.05,375.5,357.7,373.15,2227,3070000
SUNTV-II,20160429,370,373.8,370,373.8,4,4000
SUNTV-III,20160429,0,0,0,361.65,0,0
SYNDIBANK-I,20160429,69.6,70.6,67.6,69.8,1378,7365000
SYNDIBANK-II,20160429,69.5,69.5,67.15,69,7,160000
SYNDIBANK-III,20160429,0,0,0,70.75,0,0
TATACHEM-I,20160429,410.85,413.75,404,408.85,1190,3414400
TATACHEM-II,20160429,414,414,404.75,404.75,5,13200
TATACHEM-III,20160429,0,0,0,414.1,0,0
TATACOMM-I,20160429,413.25,420.9,407.9,416.45,1107,3382500
TATACOMM-II,20160429,0,0,0,385.35,0,0
TATACOMM-III,20160429,0,0,0,419.55,0,0
TATAELXSI-I,20160429,1922.05,1953.1,1870.55,1924.45,4329,796200
TATAELXSI-II,20160429,1944,1951,1944,1951,2,300
TATAELXSI-III,20160429,0,0,0,1946.2,0,0
TATAGLOBAL-I,20160429,120.9,121.5,119.25,120.6,895,22124000
TATAGLOBAL-II,20160429,121,121.25,120.95,121.25,3,68000
TATAGLOBAL-III,20160429,0,0,0,122.55,0,0
TATAMOTORS-I,20160429,409.8,416.15,406,411.05,8233,23692500
TATAMOTORS-II,20160429,415,417.9,408.05,412.9,88,411000
TATAMOTORS-III,20160429,414.8,415.1,409.2,414.35,12,18000
TATAMTRDVR-I,20160429,301.45,306.5,296.7,299.95,1492,10863300
TATAMTRDVR-II,20160429,0,0,0,306.9,0,4200
TATAMTRDVR-III,20160429,0,0,0,307.4,0,0
TATAPOWER-I,20160429,69.15,71.5,68.65,71.05,1160,24216000
TATAPOWER-II,20160429,70,71.65,69.35,71.3,17,104000
TATAPOWER-III,20160429,69.1,69.1,69.1,69.1,1,9000
TATASTEEL-I,20160429,349.25,355.6,344.45,353.5,12905,23254000
TATASTEEL-II,20160429,351,356.7,345.5,354.6,213,456000
TATASTEEL-III,20160429,347.9,352,345.55,350.85,7,8000
TCS-I,20160429,2528.05,2554.95,2516.05,2541.05,7493,3996600
TCS-II,20160429,2519.45,2543.2,2515,2530.7,133,47400
TCS-III,20160429,0,0,0,2574.2,0,0
TECHM-I,20160429,480.65,491,479.6,488.85,2722,5453000
TECHM-II,20160429,485,492.2,481.5,491.35,15,30000
TECHM-III,20160429,0,0,0,489,0,0
TITAN-I,20160429,370.2,370.4,357,358.3,2061,5344500
TITAN-II,20160429,364.9,364.95,357.95,358.95,10,13500
TITAN-III,20160429,0,0,0,376.35,0,0
TORNTPHARM-I,20160429,1434.95,1448.55,1425.25,1438.1,165,189600
TORNTPHARM-II,20160429,0,0,0,1367.65,0,0
TORNTPHARM-III,20160429,0,0,0,1445.1,0,0
TV18BRDCST-I,20160429,39.2,39.55,38.05,38.9,717,60367000
TV18BRDCST-II,20160429,39.6,39.6,38.85,38.9,19,170000
TV18BRDCST-III,20160429,0,0,0,39.5,0,0
TVSMOTOR-I,20160429,321.45,323.5,315.85,321.2,1673,4402000
TVSMOTOR-II,20160429,317.5,319.55,317.5,319.5,5,26000
TVSMOTOR-III,20160429,0,0,0,324.55,0,0
UBL-I,20160429,771.1,773,756.95,766.35,359,965500
UBL-II,20160429,0,0,0,795,0,1000
UBL-III,20160429,0,0,0,778.1,0,0
UCOBANK-I,20160429,40.4,40.6,38.75,40,459,8630000
UCOBANK-II,20160429,39.85,39.85,39.15,39.6,7,360000
ULTRACEMCO-I,20160429,3201.2,3216.7,3170.05,3184.15,1960,1191200
ULTRACEMCO-II,20160429,3218,3224,3190.45,3202.8,40,12800
ULTRACEMCO-III,20160429,0,0,0,3227.5,0,0
UNIONBANK-I,20160429,128.95,131,125.3,128.3,3784,11055000
UNIONBANK-II,20160429,128.15,128.8,123.65,126.65,83,576000
UNIONBANK-III,20160429,0,0,0,130.95,0,0
UNITECH-I,20160429,4.9,4.9,4.65,4.8,580,186417000
UNITECH-II,20160429,4.95,4.95,4.65,4.8,16,5698000
UNITECH-III,20160429,4.8,4.8,4.8,4.8,3,297000
UPL-I,20160429,523.2,543.9,520.55,541.2,9539,6404000
UPL-II,20160429,527.3,538.5,527.3,538.5,8,5000
UPL-III,20160429,0,0,0,526.45,0,0
VEDL-I,20160429,101.4,105.65,101.2,104.55,11393,51156000
VEDL-II,20160429,101.75,105.65,101.75,104.85,70,256000
VEDL-III,20160429,0,0,0,101.65,0,0
VOLTAS-I,20160429,296.95,299.4,291.1,295.45,1902,4390400
VOLTAS-II,20160429,297.35,297.35,292.5,295.6,10,67200
VOLTAS-III,20160429,0,0,0,300.15,0,0
WIPRO-I,20160429,556.9,559.55,552.2,556.8,1852,8662000
WIPRO-II,20160429,559,561.85,557.35,557.95,20,125000
WIPRO-III,20160429,0,0,0,563.3,0,0
WOCKPHARMA-I,20160429,1003,1018.5,985.2,1000.05,3050,2162625
WOCKPHARMA-II,20160429,1005.7,1010.45,1000.9,1000.9,4,1500
WOCKPHARMA-III,20160429,0,0,0,1016.25,0,0
YESBANK-I,20160429,966,990,929.25,943.4,15348,7958300
YESBANK-II,20160429,954,954,932.15,945.3,312,568400
YESBANK-III,20160429,945,945,945,945,1,700
ZEEL-I,20160429,405.7,417.4,404.1,416.35,2574,7750600
ZEEL-II,20160429,409.5,419,407.65,418.9,24,45500
ZEEL-III,20160429,0,0,0,412.45,0,0
