BANKNIFTY-I,20180327,24424,24518.6,24280.25,24400.2,117632,1021960
BANKNIFTY-II,20180327,24498.9,24933.3,24354.65,24504.85,45480,1081640
BANKNIFTY-III,20180327,24540.95,24628,24402.9,24539.1,274,135600
FTSE100-I,20180327,0,0,0,7832,0,0
FTSE100-II,20180327,0,0,0,7364,0,0
FTSE100-III,20180327,0,0,0,7982,0,0
FTSE100-IIII,20180327,0,0,0,7867,0,0
FTSE100-IIIII,20180327,0,0,0,7947,0,0
FTSE100-IIIIII,20180327,0,0,0,7674,0,0
NIFTY-I,20180327,10190.65,10210.9,10147,10178.95,172547,13354200
NIFTY-II,20180327,10223.85,10248,10180.75,10215.8,100441,13944450
NIFTY-III,20180327,10240,10265,10203.8,10235.25,3434,1576425
NIFTYCPSE-I,20180327,0,0,0,2729.2,0,0
NIFTYCPSE-II,20180327,0,0,0,2827.05,0,0
NIFTYCPSE-III,20180327,0,0,0,2627.4,0,0
NIFTYINFRA-I,20180327,0,0,0,3662.6,0,0
NIFTYINFRA-II,20180327,0,0,0,3716.6,0,0
NIFTYINFRA-III,20180327,0,0,0,3441.1,0,0
NIFTYIT-I,20180327,12549,12553,12440,12492,273,37100
NIFTYIT-II,20180327,12638,12638,12506,12584,188,9450
NIFTYIT-III,20180327,12344,12344,12344,12344,1,50
NIFTYMID50-I,20180327,0,0,0,5080,1284,0
NIFTYMID50-II,20180327,5007.45,5007.45,5007.45,5007.45,1673,591400
NIFTYMID50-III,20180327,0,0,0,5152,0,0
NIFTYPSE-I,20180327,0,0,0,4378.2,0,0
NIFTYPSE-II,20180327,0,0,0,4380.6,0,0
NIFTYPSE-III,20180327,0,0,0,4077.45,0,0
ACC-I,20180327,1535,1542.85,1511.9,1518.65,2560,843600
ACC-II,20180327,1540.55,1545.25,1513.85,1519.45,1996,804000
ACC-III,20180327,1521.05,1529.1,1521,1525.95,12,4800
ADANIENT-I,20180327,165.6,167.95,159.15,160.2,7745,7888000
ADANIENT-II,20180327,166.95,168.6,159.9,160.9,3357,13440000
ADANIENT-III,20180327,164,164.6,163.5,164.1,18,972000
ADANIPORTS-I,20180327,367.05,369.4,362.5,365.3,4987,7115000
ADANIPORTS-II,20180327,369.75,370.75,364.5,367,2966,7742500
ADANIPORTS-III,20180327,371.25,371.25,368.65,368.65,12,540000
ADANIPOWER-I,20180327,24.4,25.35,24.2,25.15,3336,38400000
ADANIPOWER-II,20180327,24.95,25.8,24.35,25.35,2295,71980000
ADANIPOWER-III,20180327,24.6,25.6,24.6,25.5,20,1620000
AJANTPHARM-I,20180327,1424.8,1458.9,1400.05,1404.4,1984,260000
AJANTPHARM-II,20180327,1429.9,1466.65,1406.6,1411,1231,413000
AJANTPHARM-III,20180327,0,0,0,1350,0,500
ALBK-I,20180327,49.45,50.2,48.35,49.1,1966,7400000
ALBK-II,20180327,49.4,50.45,48.6,49.4,950,8320000
ALBK-III,20180327,49.95,50.35,48.9,49.6,10,250000
AMARAJABAT-I,20180327,791.5,799.45,790.8,794,1414,620900
AMARAJABAT-II,20180327,797.2,803.75,795,797,1201,651000
AMARAJABAT-III,20180327,805.6,805.6,805.6,805.6,1,6300
AMBUJACEM-I,20180327,231.95,234.7,229.2,230.2,3259,10170000
AMBUJACEM-II,20180327,231.3,233.9,228.95,229.8,2403,7917500
AMBUJACEM-III,20180327,234.25,234.25,231.2,231.2,6,52500
ANDHRABANK-I,20180327,42.45,43.1,41.5,42.35,1938,10630000
ANDHRABANK-II,20180327,42.35,43.3,41.8,42.55,992,14780000
ANDHRABANK-III,20180327,42.4,43.1,42.4,43.1,4,100000
APOLLOHOSP-I,20180327,1011.55,1044.45,1011.55,1031.55,2061,575000
APOLLOHOSP-II,20180327,1018.7,1045,1014.6,1036.4,1489,647500
APOLLOHOSP-III,20180327,0,0,0,1015,0,1000
APOLLOTYRE-I,20180327,269.45,276.2,269.05,274.85,4906,5442000
APOLLOTYRE-II,20180327,271.35,277.65,270.5,276.45,3314,7365000
APOLLOTYRE-III,20180327,272.1,278.05,272.1,278,57,174000
ARVIND-I,20180327,390,396,389.7,393.5,2259,2330000
ARVIND-II,20180327,391.5,397.5,391.5,395.35,1228,3052000
ARVIND-III,20180327,398,400.15,393,397.9,10,98000
ASHOKLEY-I,20180327,146.1,146.95,143.25,145.05,6377,23660000
ASHOKLEY-II,20180327,147.05,147.95,143.95,145.75,4215,33670000
ASHOKLEY-III,20180327,147.1,147.8,145,146.25,16,651000
ASIANPAINT-I,20180327,1121,1134.8,1114.85,1129.45,4201,1410000
ASIANPAINT-II,20180327,1128.7,1140,1120.5,1134.6,3482,3094800
ASIANPAINT-III,20180327,1135,1138,1135,1138,5,115800
AUROPHARMA-I,20180327,555.3,562.5,552.05,560.05,12761,8776000
AUROPHARMA-II,20180327,557,565.45,555.1,562.85,10024,15327200
AUROPHARMA-III,20180327,562.15,567.85,560.35,565.75,37,106400
AXISBANK-I,20180327,512.5,522.8,509.05,512.1,18570,13999200
AXISBANK-II,20180327,514,525,511.35,514.35,13300,31978800
AXISBANK-III,20180327,520.8,527.55,513.55,515,53,146400
BAJAJ-AUTO-I,20180327,2861.1,2861.1,2797.5,2803,3711,782000
BAJAJ-AUTO-II,20180327,2868.75,2868.75,2809.25,2814.9,3295,1437250
BAJAJ-AUTO-III,20180327,2851.8,2851.8,2821.65,2825.4,9,3500
BAJAJFINSV-I,20180327,5184.5,5285.05,5116.2,5267.35,3603,458375
BAJAJFINSV-II,20180327,5210,5309.7,5141.2,5289.7,3046,384000
BAJAJFINSV-III,20180327,5299.8,5299.8,5288,5299.8,6,625
BAJFINANCE-I,20180327,1753,1797.8,1753,1769.8,11588,1673500
BAJFINANCE-II,20180327,1764.2,1806.2,1760.95,1777.55,7517,3733000
BAJFINANCE-III,20180327,1804.25,1809,1770,1784.85,11,6000
BALKRISIND-I,20180327,1121,1138.65,1087.8,1095.05,1284,393600
BALKRISIND-II,20180327,1129,1144,1094.5,1100.25,914,613600
BALKRISIND-III,20180327,0,0,0,1096.1,0,0
BALRAMCHIN-I,20180327,84.45,84.45,80.4,81.2,3780,8897000
BALRAMCHIN-II,20180327,84.45,84.7,80.9,81.7,2598,9726500
BALRAMCHIN-III,20180327,84.3,84.5,82.1,82.35,19,616000
BANKBARODA-I,20180327,145.85,146.75,142.05,143.95,11098,23792000
BANKBARODA-II,20180327,145.7,147.35,142.8,144.6,6196,31540000
BANKBARODA-III,20180327,145.35,147.95,143.4,145.3,51,1028000
BANKINDIA-I,20180327,105.4,107.65,102,105.4,6538,12366000
BANKINDIA-II,20180327,105.9,108.15,102.5,105.85,2798,15732000
BANKINDIA-III,20180327,105.05,108,103.8,106.85,17,1524000
BATAINDIA-I,20180327,751.1,754.5,736.45,740.4,2076,1126400
BATAINDIA-II,20180327,760.4,760.4,740,744.2,1415,1553200
BATAINDIA-III,20180327,0,0,0,690,0,2200
BEL-I,20180327,143.6,144.6,142.8,143.3,1877,12761100
BEL-II,20180327,144.7,145.45,143.55,144.05,1564,13226400
BEL-III,20180327,145,145.65,145,145.65,96,569250
BEML-I,20180327,1064.55,1088,1056.75,1063.3,3996,768300
BEML-II,20180327,1069.4,1093.75,1065,1070.5,3317,1571100
BEML-III,20180327,1095,1095,1095,1095,1,228900
BERGEPAINT-I,20180327,246.1,251.2,246.1,250.7,372,591800
BERGEPAINT-II,20180327,246.9,252.25,246.9,251.55,338,741400
BERGEPAINT-III,20180327,0,0,0,245.35,0,0
BHARATFIN-I,20180327,1089.9,1101.65,1084.15,1098.35,2216,1996000
BHARATFIN-II,20180327,1093.55,1106.45,1090.35,1103.4,1037,3086000
BHARATFIN-III,20180327,1097,1102.8,1097,1102.8,12,11000
BHARATFORG-I,20180327,704.25,710.65,700.4,705.55,2234,1974000
BHARATFORG-II,20180327,710.3,714,704.25,708.9,2016,5618400
BHARATFORG-III,20180327,708,708,708,708,1,3600
BHARTIARTL-I,20180327,421.3,422.35,409.05,413.5,10547,12088700
BHARTIARTL-II,20180327,424,424.05,411.1,415.55,8227,42068200
BHARTIARTL-III,20180327,420.5,423.25,414.15,420.3,21,215900
BHEL-I,20180327,82.7,83.4,81.9,82.8,3122,22222500
BHEL-II,20180327,82.95,83.85,82.3,83.25,2670,29325000
BHEL-III,20180327,83.55,84.5,82.65,83.7,21,345000
BIOCON-I,20180327,575.5,608,575.5,603.8,8535,2163600
BIOCON-II,20180327,579,607,579,603.35,3353,5385600
BIOCON-III,20180327,587,603.45,587,603.05,39,70200
BOSCHLTD-I,20180327,17188.05,17640.75,17180.2,17574.35,2607,100325
BOSCHLTD-II,20180327,17248.4,17723.45,17248.4,17649.2,2210,116175
BOSCHLTD-III,20180327,0,0,0,18100,0,125
BPCL-I,20180327,423,426.7,416.4,421.4,5401,6109200
BPCL-II,20180327,421.95,427.9,417.5,423.1,3719,7234200
BPCL-III,20180327,425.75,427.75,418.35,425.85,23,39600
BRITANNIA-I,20180327,4869.1,4988.85,4869.1,4973.5,1863,388200
BRITANNIA-II,20180327,4898.75,5013,4898.75,4997.2,1656,504000
BRITANNIA-III,20180327,0,0,0,4951.05,0,0
CADILAHC-I,20180327,390.95,390.95,380.35,381.85,1867,2987200
CADILAHC-II,20180327,393.95,393.95,382.35,383.65,1567,3118400
CADILAHC-III,20180327,395.2,395.2,385.4,385.4,7,14400
CANBK-I,20180327,275.5,277.4,265.15,268.85,16583,4016000
CANBK-II,20180327,277,278,266.5,270.1,6251,7110400
CANBK-III,20180327,274.65,278.4,268.4,270.6,201,1169600
CANFINHOME-I,20180327,530.8,538,508.15,509.55,4538,2598750
CANFINHOME-II,20180327,545.2,545.2,510.4,511.95,2773,2886250
CANFINHOME-III,20180327,530.05,530.05,530.05,530.05,21,361250
CAPF-I,20180327,631.1,645.25,627.5,636.1,4412,2185600
CAPF-II,20180327,627.9,648.45,627.9,639.25,2887,5352000
CAPF-III,20180327,649,649.3,645,647,4,204800
CASTROLIND-I,20180327,202.3,204.95,201.75,202.65,2348,2430400
CASTROLIND-II,20180327,200.85,203.35,200.45,201.4,2284,9556400
CASTROLIND-III,20180327,0,0,0,201.8,0,8400
CEATLTD-I,20180327,1467.8,1538.95,1457.35,1512.7,6061,582750
CEATLTD-II,20180327,1476,1545.5,1465.2,1520.2,2707,642250
CEATLTD-III,20180327,1525.05,1525.05,1525.05,1525.05,2,700
CENTURYTEX-I,20180327,1153,1172.9,1140.95,1155.65,7150,1181400
CENTURYTEX-II,20180327,1161.35,1178.4,1148,1160.9,5211,5018200
CENTURYTEX-III,20180327,1160.05,1160.05,1160,1160,2,3850
CESC-I,20180327,938.1,982.85,938.1,972.65,7036,2263250
CESC-II,20180327,956.95,988,943,977.65,5425,3822500
CESC-III,20180327,957.9,981.05,947.95,980.05,97,50600
CGPOWER-I,20180327,75,77.3,74.55,76.5,1093,11100000
CGPOWER-II,20180327,74.45,77.85,74.45,76.9,1096,15024000
CGPOWER-III,20180327,77.35,77.35,77.3,77.3,3,120000
CHENNPETRO-I,20180327,320,330.75,320,328,1422,1129500
CHENNPETRO-II,20180327,320.15,332.4,320.15,329.7,1256,1737000
CHENNPETRO-III,20180327,330.3,330.3,330.3,330.3,1,3000
CHOLAFIN-I,20180327,1439.35,1503.5,1433.8,1460.5,1766,390500
CHOLAFIN-II,20180327,1450.25,1503.1,1449.95,1463.5,722,246000
CHOLAFIN-III,20180327,0,0,0,1406.05,0,0
CIPLA-I,20180327,545.8,549.35,541.95,544.4,3774,3124000
CIPLA-II,20180327,548,551.6,544.55,546.75,2589,5631000
CIPLA-III,20180327,0,0,0,547.8,0,469000
COALINDIA-I,20180327,274.3,276.65,271.6,275,3047,9688800
COALINDIA-II,20180327,274.4,277.25,272.4,275.6,2033,9974800
COALINDIA-III,20180327,275.8,277.45,274.2,275.65,6,646800
COLPAL-I,20180327,1048.95,1048.95,1036.15,1044.2,1174,636300
COLPAL-II,20180327,1071.1,1071.1,1043,1050.4,1016,916300
COLPAL-III,20180327,0,0,0,1062.6,0,0
CONCOR-I,20180327,1202.15,1233.8,1198.65,1224.3,1056,505000
CONCOR-II,20180327,1215.45,1239.95,1203.85,1230.15,4938,593125
CONCOR-III,20180327,0,0,0,1358.85,0,0
CUMMINSIND-I,20180327,744.55,750.4,703.25,709.1,2136,354000
CUMMINSIND-II,20180327,749.15,754.4,697.25,702.2,2889,1203000
CUMMINSIND-III,20180327,706.1,710.5,706.1,710.5,2,1200
DABUR-I,20180327,317.4,327.8,317.4,325.15,3375,5860000
DABUR-II,20180327,318.9,329.35,318.9,326.7,2754,9227500
DABUR-III,20180327,0,0,0,322,0,2500
DALMIABHA-I,20180327,2859.95,2962.2,2859.95,2889.1,1431,363300
DALMIABHA-II,20180327,2883.4,2969.8,2867.35,2898.35,802,312900
DALMIABHA-III,20180327,0,0,0,2899.05,0,1500
DCBBANK-I,20180327,163.5,166.2,163.1,164,819,2461500
DCBBANK-II,20180327,165.1,166.9,164.1,164.9,587,2659500
DCBBANK-III,20180327,166.5,166.5,166.5,166.5,2,13500
DHFL-I,20180327,509.3,525,508.25,521.2,8692,5913000
DHFL-II,20180327,512.5,527.8,512,523.8,5898,21508500
DHFL-III,20180327,523.5,527.35,523.5,526.8,9,36000
DISHTV-I,20180327,73.05,73.05,71.2,72,3172,14364000
DISHTV-II,20180327,73.05,73.3,71.5,72.35,2789,37051000
DISHTV-III,20180327,72.75,73,72.35,73,133,2457000
DIVISLAB-I,20180327,1055.8,1102.25,1055.75,1089.95,3183,1148800
DIVISLAB-II,20180327,1069.5,1108.6,1067.7,1094.85,1581,1322400
DIVISLAB-III,20180327,1092,1095,1092,1095,2,164800
DLF-I,20180327,210.4,211.65,205.5,207.25,8903,21260000
DLF-II,20180327,212.1,212.75,206.55,208.4,4521,28360000
DLF-III,20180327,211.1,212,208.8,209.5,20,450000
DRREDDY-I,20180327,2100.15,2122.4,2092,2107.15,7412,1684750
DRREDDY-II,20180327,2114.65,2131.95,2102.45,2117.65,6483,2573500
DRREDDY-III,20180327,2123.05,2131.65,2115.05,2120.2,30,8500
EICHERMOT-I,20180327,28239.95,28639,28093.75,28481.35,3949,107500
EICHERMOT-II,20180327,29137,29137,28185.75,28601.7,3101,106375
EICHERMOT-III,20180327,28571.8,28855,28350.9,28744.45,21,325
ENGINERSIN-I,20180327,156.9,160.8,156.15,159.15,2241,3538500
ENGINERSIN-II,20180327,157.65,161,157,159.95,1687,5124000
ENGINERSIN-III,20180327,158.2,159.75,158.2,159.75,2,38500
EQUITAS-I,20180327,143.7,146.9,143,146.45,2135,4995200
EQUITAS-II,20180327,144.6,147.65,143.85,147.25,1745,13888000
EQUITAS-III,20180327,147.85,148,147.85,148,2,12800
ESCORTS-I,20180327,813.9,830.8,810.7,826.2,3557,1586200
ESCORTS-II,20180327,817.8,834.15,815,829.6,1632,1799600
ESCORTS-III,20180327,0,0,0,888.5,0,0
EXIDEIND-I,20180327,225,225.9,220,220.95,2041,2720000
EXIDEIND-II,20180327,226.25,226.95,221.25,222,1568,7160000
EXIDEIND-III,20180327,0,0,0,206.6,0,0
FEDERALBNK-I,20180327,92.4,93.1,90.75,91.1,6199,23897500
FEDERALBNK-II,20180327,93,93.6,91.25,91.5,5782,35189000
FEDERALBNK-III,20180327,93.55,93.55,91.8,91.95,33,341000
FORTIS-I,20180327,151.95,154.35,140.75,142.8,9917,20489000
FORTIS-II,20180327,153.4,154.8,140.8,142.85,2358,3804500
FORTIS-III,20180327,155.5,155.5,144,144,4,42000
GAIL-I,20180327,320.1,322.6,311.85,321.65,3733,6320790
GAIL-II,20180327,316.15,323.65,313,322.7,2483,14044422
GAIL-III,20180327,315.2,323.75,314.65,323.75,9,37338
GLENMARK-I,20180327,543.1,546.8,538,539.6,4447,1475100
GLENMARK-II,20180327,546,549.75,539.3,540.75,3776,4285800
GLENMARK-III,20180327,550.05,550.05,545,545,8,12600
GMRINFRA-I,20180327,17.25,17.7,17.15,17.5,3271,196110000
GMRINFRA-II,20180327,17.4,17.8,17.3,17.65,2848,181350000
GMRINFRA-III,20180327,17.65,17.8,17.65,17.8,4,2655000
GODFRYPHLP-I,20180327,822.4,836,810.75,829.05,1038,222500
GODFRYPHLP-II,20180327,828.65,840.45,816.85,834.3,757,408500
GODFRYPHLP-III,20180327,0,0,0,815.2,0,1000
GODREJCP-I,20180327,1119.95,1126.05,1081.35,1085.5,1427,965600
GODREJCP-II,20180327,1125.75,1125.75,1087.4,1090.3,1356,1626400
GODREJCP-III,20180327,0,0,0,1065,0,1600
GODREJIND-I,20180327,539.9,553,539.9,548,1098,684000
GODREJIND-II,20180327,545.55,555,543,550.8,914,1470000
GODREJIND-III,20180327,0,0,0,525.15,0,4500
GRANULES-I,20180327,105.15,107.45,105.1,105.9,1277,7945000
GRANULES-II,20180327,105.55,108.1,105.55,106.5,1053,7645000
GRANULES-III,20180327,107,107,107,107,1,55000
GRASIM-I,20180327,1099.75,1099.75,1067.1,1089.95,4000,2532000
GRASIM-II,20180327,1092.5,1103.25,1072.9,1094.2,3563,3296250
GRASIM-III,20180327,1089.05,1090,1089.05,1090,2,4500
GSFC-I,20180327,117.95,119.95,117.15,117.5,1621,8095500
GSFC-II,20180327,118.95,120.5,117.85,118.1,1635,11466000
GSFC-III,20180327,120.6,120.6,119.05,119.2,7,49500
HAVELLS-I,20180327,495.75,498,493.2,494.85,1547,2772000
HAVELLS-II,20180327,499.05,500.7,496,497.25,1274,2268000
HAVELLS-III,20180327,500.95,500.95,500.95,500.95,1,16000
HCC-I,20180327,23.9,24,23.05,23.5,1186,25830000
HCC-II,20180327,24.05,24.1,23.25,23.65,830,25050000
HCC-III,20180327,0,0,0,25.35,0,555000
HCLTECH-I,20180327,970.15,973.6,954.55,969.15,5526,4986100
HCLTECH-II,20180327,986.75,986.75,959.3,973.4,3550,5216400
HCLTECH-III,20180327,0,0,0,926.95,0,212100
HDFC-I,20180327,1835,1837.9,1817.15,1824.2,12062,5513000
HDFC-II,20180327,1845,1848.05,1826.1,1833.15,10733,11960500
HDFC-III,20180327,1847.55,1850.5,1833.05,1839.8,135,72500
HDFCBANK-I,20180327,1890.15,1896.7,1876.55,1886.2,17330,6260000
HDFCBANK-II,20180327,1901.85,1901.85,1880.1,1890.4,13474,11147500
HDFCBANK-III,20180327,1904.4,1908.4,1885,1895.45,32,40500
HDIL-I,20180327,39.8,40.3,39.1,39.4,2913,16326000
HDIL-II,20180327,40.1,40.5,39.35,39.65,1839,15795000
HEROMOTOCO-I,20180327,3485.7,3486,3445,3458.8,3898,644400
HEROMOTOCO-II,20180327,3493.15,3493.15,3461.9,3475,2461,872800
HEROMOTOCO-III,20180327,0,0,0,3402,0,3400
HEXAWARE-I,20180327,376.05,377.2,366,372.15,2157,2625000
HEXAWARE-II,20180327,367,372.45,363,368,1284,2307000
HEXAWARE-III,20180327,365.5,365.5,365,365,3,135000
HINDALCO-I,20180327,213,218.85,210.1,218.15,12881,17426500
HINDALCO-II,20180327,213.8,219.65,211.05,219.05,6739,28941500
HINDALCO-III,20180327,215.1,220.45,213.15,220.05,126,651000
HINDPETRO-I,20180327,336.25,349,336.25,346.95,9955,9846900
HINDPETRO-II,20180327,338,351,337.95,348.7,8281,15622425
HINDPETRO-III,20180327,341.7,351.25,341.3,349.05,16,66150
HINDUNILVR-I,20180327,1331.5,1339,1322.35,1332.45,6944,2326800
HINDUNILVR-II,20180327,1339.9,1344.9,1328.2,1338.45,6327,5996400
HINDUNILVR-III,20180327,1340,1344,1340,1344,2,1200
HINDZINC-I,20180327,306.45,311.45,304.55,305.9,2943,5916800
HINDZINC-II,20180327,307.95,313,306.45,307.35,2066,10201600
HINDZINC-III,20180327,0,0,0,307,0,3200
IBULHSGFIN-I,20180327,1226.15,1251,1218.1,1246.85,17587,4524400
IBULHSGFIN-II,20180327,1233.65,1257.95,1224.65,1254.05,13744,12351600
IBULHSGFIN-III,20180327,1246,1249.8,1246,1249.8,4,9600
ICICIBANK-I,20180327,284.05,287.55,281.7,284.1,22941,35488750
ICICIBANK-II,20180327,286,288.9,283,285.55,15336,70958250
ICICIBANK-III,20180327,288,289.05,286,286.35,21,767250
ICICIPRULI-I,20180327,387.3,392,379.95,390.3,2309,1946100
ICICIPRULI-II,20180327,387.2,393.75,382,392.2,1804,2563600
ICICIPRULI-III,20180327,0,0,0,386.85,0,6500
IDBI-I,20180327,74.4,77.25,74.2,76.55,6482,20100000
IDBI-II,20180327,75.15,77.65,74.6,76.95,3115,24220000
IDBI-III,20180327,76.3,77.6,75.85,77.5,8,150000
IDEA-I,20180327,80.9,81.7,79.8,80.65,7919,39207000
IDEA-II,20180327,81.3,82,80.2,81,6552,62755000
IDEA-III,20180327,81.3,81.6,81.3,81.6,2,483000
IDFC-I,20180327,49.8,50.35,49.1,49.65,5134,72072000
IDFC-II,20180327,49.95,50.5,49.4,49.95,4910,126178800
IDFC-III,20180327,50.1,50.25,49.8,50.2,12,514800
IDFCBANK-I,20180327,48.25,49.45,48.1,48.85,7980,69570000
IDFCBANK-II,20180327,48.55,49.8,48.45,49.1,7741,140346000
IDFCBANK-III,20180327,48.5,49.9,48.5,49.4,40,792000
IFCI-I,20180327,19.6,20.75,19.6,20.15,1695,47762000
IFCI-II,20180327,19.85,20.9,19.85,20.25,1376,39512000
IFCI-III,20180327,0,0,0,21.05,0,1430000
IGL-I,20180327,285.3,285.4,277.35,280.65,1215,2700500
IGL-II,20180327,286,286.25,278.55,281.9,1270,3707000
IGL-III,20180327,279.7,283.2,279.7,283.2,6,22000
INDIACEM-I,20180327,143.75,145,141.45,143.6,3600,9026500
INDIACEM-II,20180327,144.75,145.85,142,144.45,3127,15340500
INDIACEM-III,20180327,145.35,145.9,143.7,145.6,38,203000
INDIANB-I,20180327,298.2,307.55,296.1,306.45,3040,1564000
INDIANB-II,20180327,301.3,308.85,297.7,307.8,1112,2254000
INDIANB-III,20180327,0,0,0,283.6,0,8000
INDIGO-I,20180327,1292.65,1310,1279,1291.2,3343,2098800
INDIGO-II,20180327,1289.45,1302.6,1273,1285.3,2307,2036400
INDIGO-III,20180327,0,0,0,1248,0,4200
INDUSINDBK-I,20180327,1767.2,1791.75,1762.75,1785.9,8744,2238000
INDUSINDBK-II,20180327,1769.85,1791.9,1761.75,1786.2,6125,4101000
INDUSINDBK-III,20180327,1774.9,1776,1774.9,1776,2,130200
INFIBEAM-I,20180327,149.2,155.15,149,152.8,6255,4776000
INFIBEAM-II,20180327,147.95,154.1,146.95,151.35,7063,35264000
INFIBEAM-III,20180327,147.5,154,146.6,152.8,754,2224000
INFRATEL-I,20180327,343.05,344.1,333.5,337.35,2544,3338800
INFRATEL-II,20180327,338.55,338.55,329.3,332.65,1497,2862800
INFRATEL-III,20180327,0,0,0,337.7,0,312800
INFY-I,20180327,1156.05,1159.45,1148.9,1152.15,21667,9595800
INFY-II,20180327,1159.9,1164,1153.75,1156.35,20090,29464200
INFY-III,20180327,1156.95,1161.3,1156.95,1160,15,37800
IOC-I,20180327,169.65,175.55,169.15,174.8,7603,12798000
IOC-II,20180327,170.65,176.25,169.9,175.4,6124,29862000
IOC-III,20180327,171.95,176.9,171.3,176.4,441,1350000
IRB-I,20180327,220.05,221.2,218.7,219.85,1823,4420000
IRB-II,20180327,222.6,222.6,220,220.95,1264,10737500
IRB-III,20180327,0,0,0,221.3,2,180000
ITC-I,20180327,260.55,260.8,257.4,258.9,15335,24789600
ITC-II,20180327,262,262.2,258.6,260.15,13831,64903200
ITC-III,20180327,261.4,261.4,259.7,260.5,42,381600
JETAIRWAYS-I,20180327,634.25,648.8,628.4,637.4,3446,3111600
JETAIRWAYS-II,20180327,631.15,651.2,631.15,640.4,2032,2642400
JETAIRWAYS-III,20180327,650,650,650,650,1,106800
JINDALSTEL-I,20180327,220.2,233,220.2,229.4,12269,13419000
JINDALSTEL-II,20180327,221.45,234.2,221.45,230.8,6141,20754000
JINDALSTEL-III,20180327,226.5,234,225.55,231.85,28,252000
JISLJALEQS-I,20180327,110.1,111.8,108.2,108.8,2399,18135000
JISLJALEQS-II,20180327,110.8,112.3,108.95,109.45,2002,21627000
JISLJALEQS-III,20180327,112.1,112.1,109.55,109.7,9,639000
JPASSOCIAT-I,20180327,18.35,19.35,18.25,19,2593,80206000
JPASSOCIAT-II,20180327,18.5,19.45,18.5,19.15,2130,136442000
JPASSOCIAT-III,20180327,0,0,0,18.5,0,748000
JSWSTEEL-I,20180327,297.65,300.45,295.4,299.3,7897,17145000
JSWSTEEL-II,20180327,299.3,301.65,296.8,300.55,5517,48825000
JSWSTEEL-III,20180327,300.15,302,300.15,302,2,678000
JUBLFOOD-I,20180327,2362.25,2393.95,2319.05,2335.45,8940,1051500
JUBLFOOD-II,20180327,2369,2406.5,2332.45,2348.95,3329,1054500
JUBLFOOD-III,20180327,2408.9,2408.9,2342.8,2360.15,18,93000
JUSTDIAL-I,20180327,462.2,471.2,455.15,461.45,3663,2198000
JUSTDIAL-II,20180327,463.85,472.55,457.75,463.15,1606,1887200
JUSTDIAL-III,20180327,0,0,0,463.7,1,317800
KAJARIACER-I,20180327,576,586.8,576,579.95,897,632800
KAJARIACER-II,20180327,578.2,589.4,578.2,581.25,659,772000
KAJARIACER-III,20180327,0,0,0,565,0,800
KOTAKBANK-I,20180327,1046.7,1059,1046.3,1049.85,7675,4404000
KOTAKBANK-II,20180327,1052.2,1063.25,1052.2,1054.9,6016,7070400
KOTAKBANK-III,20180327,1061,1061,1061,1061,1,205600
KPIT-I,20180327,221.8,226.4,219.3,223.5,2339,4212000
KPIT-II,20180327,222.95,227.55,220.5,224.65,1564,5359500
KPIT-III,20180327,223.8,223.8,223.8,223.8,1,22500
KSCL-I,20180327,482.65,490.85,482,484.65,895,1342500
KSCL-II,20180327,488.05,492.9,484.95,487.3,665,990000
KSCL-III,20180327,0,0,0,493,0,0
KTKBANK-I,20180327,119.45,121.5,119,119.9,3556,7539200
KTKBANK-II,20180327,120.75,122.25,119.9,120.4,3335,18027200
KTKBANK-III,20180327,122.55,122.55,121,121.1,23,558600
L&TFH-I,20180327,157.2,160.6,157.2,159.4,3698,11655000
L&TFH-II,20180327,159,161.6,159,160.2,2753,21010500
L&TFH-III,20180327,160.45,161.95,160.35,161.15,30,742500
LICHSGFIN-I,20180327,549,566.3,548.1,552.3,14697,5008300
LICHSGFIN-II,20180327,552,568.8,551.9,555,10284,8494200
LICHSGFIN-III,20180327,564.9,571,557,558.85,49,50600
LT-I,20180327,1305.5,1313.45,1299.45,1305.2,8421,5667750
LT-II,20180327,1312.05,1318.6,1306.3,1311.2,6741,8272500
LT-III,20180327,1321.55,1322.55,1310.25,1318.05,74,92250
LUPIN-I,20180327,743.35,753.9,743.35,749.55,8111,5132400
LUPIN-II,20180327,747,757.4,747,753.05,7096,9009600
LUPIN-III,20180327,753,760.9,752.8,757.45,29,331200
M&M-I,20180327,751.75,751.75,741.85,743.85,6093,6694000
M&M-II,20180327,754,754,745.2,747.2,4544,9031000
M&M-III,20180327,749,750.05,749,750,4,10000
M&MFIN-I,20180327,444.35,460.5,442.55,458.65,5124,2968750
M&MFIN-II,20180327,445,462.3,445,460.35,3304,5112500
M&MFIN-III,20180327,454.05,458,454,458,6,207500
MANAPPURAM-I,20180327,110.05,110.9,108.2,110.25,2430,8376000
MANAPPURAM-II,20180327,110,111.5,108.95,110.8,1741,11328000
MANAPPURAM-III,20180327,110.25,111.75,110.25,111.75,3,60000
MARICO-I,20180327,330.45,331.4,322.5,325.7,1167,1773200
MARICO-II,20180327,332.05,333,323.8,327.25,871,2670200
MARICO-III,20180327,0,0,0,308.85,0,650000
MARUTI-I,20180327,8815,8883.6,8747.05,8846.4,18605,928275
MARUTI-II,20180327,8863.85,8925,8820.6,8887.15,13859,1354350
MARUTI-III,20180327,8890.75,8959.1,8835.1,8932.2,115,40500
MCDOWELL-N-I,20180327,3131.95,3234.8,3112.15,3197.85,7044,712750
MCDOWELL-N-II,20180327,3145,3250,3125.8,3212.9,4869,1595500
MCDOWELL-N-III,20180327,3160,3252.2,3158,3251.4,22,8500
MCX-I,20180327,697.95,701.55,684.45,687.8,3250,1127500
MCX-II,20180327,704,704.4,688,691.25,2745,2544500
MCX-III,20180327,0,0,0,688,0,1000
MFSL-I,20180327,460.85,468.75,456.25,465.6,1397,1128000
MFSL-II,20180327,463.2,470.9,458.7,467.7,915,1637000
MFSL-III,20180327,475.15,475.15,475.15,475.15,2,2000
MGL-I,20180327,971,983,961.9,975.7,913,443400
MGL-II,20180327,975.35,987,967.85,980.9,805,547200
MGL-III,20180327,0,0,0,1005.35,0,0
MINDTREE-I,20180327,775.45,785,772.1,774.7,1868,1233600
MINDTREE-II,20180327,798.35,798.35,774.1,777.4,1181,1090800
MINDTREE-III,20180327,784.3,784.3,779.65,779.65,2,6000
MOTHERSUMI-I,20180327,317.8,320,313.4,315.2,4928,7924800
MOTHERSUMI-II,20180327,320.45,321.55,315,316.6,3646,8361600
MOTHERSUMI-III,20180327,319.5,321.45,318.9,319.8,27,411200
MRF-I,20180327,70755.8,72996.35,70256.5,72534.5,1440,13140
MRF-II,20180327,70800,73290,70610.1,72909.7,873,24480
MRF-III,20180327,73050,73050,73050,73050,2,30
MRPL-I,20180327,112.75,114.1,110.55,111.4,1091,2893500
MRPL-II,20180327,113.55,114.45,110.75,111.35,934,2533500
MRPL-III,20180327,0,0,0,118,0,0
MUTHOOTFIN-I,20180327,393.4,405.85,389.95,404,1230,754500
MUTHOOTFIN-II,20180327,404.7,407.85,391.6,405.75,783,1296000
MUTHOOTFIN-III,20180327,401.9,401.9,401.9,401.9,1,1500
NATIONALUM-I,20180327,68.1,68.85,66.75,67.8,2504,20400000
NATIONALUM-II,20180327,68.6,69.25,67.15,68.1,2077,22432000
NATIONALUM-III,20180327,69,69.65,68.2,68.2,4,104000
NBCC-I,20180327,192.5,195.5,192.45,194.8,1820,4671000
NBCC-II,20180327,195.6,196.55,193.1,195.75,1602,6513000
NBCC-III,20180327,195.15,197,195.15,196.85,4,534000
NCC-I,20180327,119.8,122.25,119.35,121.8,2770,11800000
NCC-II,20180327,120.55,122.95,120,122.4,1710,15296000
NCC-III,20180327,121.2,123.4,121.05,123.4,4,256000
NESTLEIND-I,20180327,7886.2,8154.4,7866,8122.95,1539,109400
NESTLEIND-II,20180327,7925,8193,7903.4,8159.65,1216,113000
NESTLEIND-III,20180327,0,0,0,7691.2,0,0
NHPC-I,20180327,26.9,27.6,26.65,27.5,682,28377000
NHPC-II,20180327,27.1,27.7,26.8,27.65,437,18900000
NHPC-III,20180327,0,0,0,27,4,270000
NIITTECH-I,20180327,908,919,882.6,889.35,2597,715500
NIITTECH-II,20180327,908.95,916.25,882.45,888.2,834,756000
NIITTECH-III,20180327,0,0,0,885.6,0,184500
NMDC-I,20180327,122.1,122.1,120.2,121.65,3623,13320000
NMDC-II,20180327,122.1,122.6,120.9,122.35,2982,19512000
NMDC-III,20180327,122.9,122.9,121.55,122.1,18,156000
NTPC-I,20180327,170.15,170.85,168.5,170.55,3948,10364000
NTPC-II,20180327,170.55,171.05,168.75,170.85,3500,21324000
NTPC-III,20180327,170.4,170.8,170.4,170.8,3,12000
OFSS-I,20180327,3734.05,3787.45,3734.05,3761.6,228,98850
OFSS-II,20180327,3746.1,3796,3746.1,3776.95,201,22950
OFSS-III,20180327,0,0,0,4170.8,0,0
OIL-I,20180327,216.85,219.65,214.1,217.75,1065,2542452
OIL-II,20180327,218.2,220.3,214.95,218.4,628,2012208
OIL-III,20180327,0,0,0,336.05,0,6798
ONGC-I,20180327,179.85,180.2,177.4,179.5,3602,12037500
ONGC-II,20180327,182.75,182.75,178.15,180.25,3181,22710000
ONGC-III,20180327,181.1,181.3,179.25,181.2,25,266250
ORIENTBANK-I,20180327,93.95,95.45,92.6,94.65,1477,6684000
ORIENTBANK-II,20180327,94.75,95.95,93,95.1,1066,7668000
ORIENTBANK-III,20180327,94,94,94,94,2,516000
PAGEIND-I,20180327,21588.35,22289.45,21430.85,22207.25,588,17400
PAGEIND-II,20180327,21636.55,22371.5,21550,22301.4,443,18500
PAGEIND-III,20180327,0,0,0,22693.55,0,0
PCJEWELLER-I,20180327,325,333,318.8,324.2,5608,3216000
PCJEWELLER-II,20180327,326.95,334.3,320.45,326,2722,4081500
PCJEWELLER-III,20180327,328,331.8,323,327.45,314,648000
PEL-I,20180327,2443.95,2468,2424.85,2454.75,3028,439410
PEL-II,20180327,2449.9,2479.95,2437.3,2466.55,2718,1384368
PEL-III,20180327,0,0,0,2640.9,0,0
PETRONET-I,20180327,228.2,231.8,225.45,227.35,2189,7305000
PETRONET-II,20180327,228.5,232.5,226.5,228.35,2201,10332000
PETRONET-III,20180327,230.9,230.9,227.5,228.9,5,72000
PFC-I,20180327,88.25,90,88,88.4,5440,27804000
PFC-II,20180327,90.95,90.95,88.5,88.85,4862,46392000
PFC-III,20180327,90.4,90.4,89.05,89.3,21,2016000
PIDILITIND-I,20180327,917.7,933.4,914.45,926.5,1908,704000
PIDILITIND-II,20180327,921.75,939.9,919.15,932.3,1218,916000
PIDILITIND-III,20180327,0,0,0,920,0,1000
PNB-I,20180327,97.4,100.3,96.35,99.55,16459,30136000
PNB-II,20180327,97.9,100.7,96.85,99.95,9501,42300000
PNB-III,20180327,99.35,101.1,97.45,100.35,136,3204000
POWERGRID-I,20180327,194.6,196.2,194.6,195.65,2490,12988000
POWERGRID-II,20180327,196.45,197.1,196.1,196.6,1873,10580000
POWERGRID-III,20180327,198.4,198.4,197,197.55,8,44000
PTC-I,20180327,85.7,89.15,85.7,87.9,1856,10400000
PTC-II,20180327,87,89.65,86.85,88.35,1383,14256000
PTC-III,20180327,88.6,89.5,88.4,89.5,102,840000
PVR-I,20180327,1242.05,1259.1,1230.25,1241,1708,236000
PVR-II,20180327,1241,1265,1235.9,1246.95,1145,402400
PVR-III,20180327,1267,1267,1266,1266,4,1600
RAMCOCEM-I,20180327,745.1,751.9,734.3,742.75,934,560000
RAMCOCEM-II,20180327,737.05,749.85,734.1,739.05,650,482400
RAMCOCEM-III,20180327,0,0,0,728.1,0,0
RAYMOND-I,20180327,929.55,940.15,914.7,921.55,2968,1157600
RAYMOND-II,20180327,927.45,945,922,927.7,2229,3701600
RAYMOND-III,20180327,926,926,926,926,1,18400
RBLBANK-I,20180327,468.9,488.5,467.55,478.3,2905,1488000
RBLBANK-II,20180327,471.3,491,469.95,480.3,2396,3235000
RBLBANK-III,20180327,480,483.7,480,480,5,15000
RCOM-I,20180327,23.9,24.3,23.25,23.85,3667,42280000
RCOM-II,20180327,23.8,24.35,23.25,23.9,2462,64820000
RCOM-III,20180327,23.9,24.25,23.9,24.05,18,1820000
RECLTD-I,20180327,126.7,128.45,126.4,126.95,4162,14784000
RECLTD-II,20180327,127.6,129.05,127,127.55,2940,21714000
RECLTD-III,20180327,128.8,129.65,127.75,128.45,138,1872000
RELCAPITAL-I,20180327,421,431.7,416.6,429.9,13455,5973000
RELCAPITAL-II,20180327,426,434,418.9,432,8133,7833750
RELCAPITAL-III,20180327,429.8,435.85,421.6,433.75,38,501000
RELIANCE-I,20180327,908,911.7,898.2,900.7,21785,15407000
RELIANCE-II,20180327,911.3,916.15,902.65,905.1,17785,38478000
RELIANCE-III,20180327,916.55,918.5,906.05,907.4,117,251000
RELINFRA-I,20180327,428.5,438.2,425.55,432.1,7742,3404700
RELINFRA-II,20180327,430.8,439.9,428.05,434.1,3740,6532500
RELINFRA-III,20180327,436.8,439.5,430.25,437.3,179,595400
REPCOHOME-I,20180327,558,560.95,546.25,547.8,769,376200
REPCOHOME-II,20180327,559.5,561,548.5,551.2,649,702000
REPCOHOME-III,20180327,0,0,0,551.45,0,0
RNAVAL-I,20180327,29.5,30.25,28.9,29.45,2604,18684000
RNAVAL-II,20180327,29.3,30.3,29.05,29.6,2310,24327000
RNAVAL-III,20180327,29.9,29.9,29.5,29.9,5,171000
RPOWER-I,20180327,37.2,38.15,37.1,37.75,2864,30849000
RPOWER-II,20180327,37.5,38.3,37.35,38,2589,39858000
RPOWER-III,20180327,37.7,38.4,37.7,38.15,8,1482000
SAIL-I,20180327,72.55,74.25,72.1,73.3,5429,46176000
SAIL-II,20180327,72.9,74.65,72.55,73.7,3630,48156000
SAIL-III,20180327,73.9,74.7,73,74.15,78,2136000
SBIN-I,20180327,251,254.85,247.95,254.05,28395,26973000
SBIN-II,20180327,252,256.15,249.25,255.25,13598,57105000
SBIN-III,20180327,252,256,249.95,255.15,396,2088000
SHREECEM-I,20180327,16368.45,16437.95,16055,16159.6,723,40450
SHREECEM-II,20180327,16450.15,16450.15,16125,16218.45,550,29600
SHREECEM-III,20180327,0,0,0,17057.5,0,0
SIEMENS-I,20180327,1108.7,1110.95,1089.65,1093.45,889,468000
SIEMENS-II,20180327,1114.3,1116.35,1095.85,1098.75,800,375000
SIEMENS-III,20180327,1110,1110,1110,1110,1,1500
SOUTHBANK-I,20180327,23.6,23.8,23.05,23.35,1430,93159351
SOUTHBANK-II,20180327,23.8,23.95,23.2,23.5,1282,89878392
SOUTHBANK-III,20180327,24.1,24.1,23.5,23.65,16,1259358
SREINFRA-I,20180327,74.8,77.4,74.3,75.95,1522,6935000
SREINFRA-II,20180327,75.6,77.8,74.7,76.4,1014,9395000
SREINFRA-III,20180327,74.25,76,74.25,75.45,4,60000
SRF-I,20180327,1941.1,2012,1931.05,2002.6,2267,332500
SRF-II,20180327,1948.6,2020,1941,2011.4,974,351500
SRF-III,20180327,0,0,0,1922.7,0,75000
SRTRANSFIN-I,20180327,1437,1499.75,1435.05,1454.05,5070,1402800
SRTRANSFIN-II,20180327,1444.55,1506.5,1443.6,1462,2554,1166400
SRTRANSFIN-III,20180327,1459.25,1512,1459.25,1470.15,20,13200
STAR-I,20180327,686.9,698.85,681.6,688.75,2508,1188000
STAR-II,20180327,691.35,701.95,685.55,692.1,1911,2071200
STAR-III,20180327,692,700,690.5,690.5,5,199200
SUNPHARMA-I,20180327,507.4,512.5,503.6,505.45,19845,17361300
SUNPHARMA-II,20180327,508,514.85,506.05,507.95,15561,40576800
SUNPHARMA-III,20180327,514,517.05,509.9,510.4,80,517000
SUNTV-I,20180327,871.1,873.05,852.65,863.75,4493,1439000
SUNTV-II,20180327,876.4,877,857.15,868.4,2410,3195000
SUNTV-III,20180327,878,878,866.3,875.4,7,10000
SUZLON-I,20180327,11.25,11.5,11.2,11.3,4233,236670000
SUZLON-II,20180327,11.35,11.6,11.35,11.4,3846,178850000
SUZLON-III,20180327,11.55,11.7,11.5,11.5,103,10010000
SYNDIBANK-I,20180327,56.7,58.4,55.65,57,3055,10998000
SYNDIBANK-II,20180327,57,58.6,55.95,57.25,1989,22230000
SYNDIBANK-III,20180327,57.3,57.3,57.3,57.3,1,63000
TATACHEM-I,20180327,683.7,693,678.05,690.15,2481,2514000
TATACHEM-II,20180327,683.1,696,681.75,693.25,1883,2965500
TATACHEM-III,20180327,689.9,697.3,689.9,696.35,11,87000
TATACOMM-I,20180327,623,629.6,620.25,627,3405,1913600
TATACOMM-II,20180327,626.1,633,624,629.95,3141,4069600
TATACOMM-III,20180327,0,0,0,630,0,0
TATAELXSI-I,20180327,983.3,1010.95,975.5,1008.05,3978,840800
TATAELXSI-II,20180327,990.95,1015.35,981,1012.65,1867,951200
TATAELXSI-III,20180327,992.6,992.6,987.85,987.85,2,2400
TATAGLOBAL-I,20180327,263.05,265.95,261.45,264.25,4116,9184500
TATAGLOBAL-II,20180327,265.95,267.3,262.95,265.55,2716,14535000
TATAGLOBAL-III,20180327,269.45,269.45,264.5,266.35,21,112500
TATAMOTORS-I,20180327,334.05,335.7,330.55,331.2,15204,28812000
TATAMOTORS-II,20180327,335.55,337.2,332.05,332.75,12986,40140000
TATAMOTORS-III,20180327,337.4,338.75,334,335.05,196,961500
TATAMTRDVR-I,20180327,188,188.2,184.7,185.65,3679,9237500
TATAMTRDVR-II,20180327,188.85,189.1,185.75,186.55,3458,20252500
TATAMTRDVR-III,20180327,188.9,188.9,187,187.35,8,67500
TATAPOWER-I,20180327,80.2,81.3,79.6,80.1,3219,31635000
TATAPOWER-II,20180327,80.65,81.7,80.1,80.5,2697,28332000
TATAPOWER-III,20180327,81,81.1,80.9,80.9,6,72000
TATASTEEL-I,20180327,591.65,600.5,588.05,590.75,22395,15587151
TATASTEEL-II,20180327,592,602.75,591.05,593.45,10643,13105472
TATASTEEL-III,20180327,597.95,604.35,594,596.25,397,993096
TCS-I,20180327,2831,2862.2,2826.5,2845.35,15867,4738500
TCS-II,20180327,2845.95,2875,2840.15,2859.15,12546,5921250
TCS-III,20180327,2866,2884,2850,2874,227,105000
TECHM-I,20180327,624.05,628.6,619.25,621.9,5170,3774000
TECHM-II,20180327,633,633,622.05,624.75,4259,8274000
TECHM-III,20180327,627.05,628,625,628,5,160800
TITAN-I,20180327,948.95,949.5,933.75,942.3,6091,8074500
TITAN-II,20180327,953.5,954.35,937.4,946.05,2505,4981500
TITAN-III,20180327,950,955,945,950.55,15,43500
TORNTPHARM-I,20180327,1262.65,1277.25,1256.5,1258.95,1051,299000
TORNTPHARM-II,20180327,1269.05,1283.6,1263.8,1266.3,799,492500
TORNTPHARM-III,20180327,0,0,0,1286.05,0,500
TORNTPOWER-I,20180327,234.8,237.15,231.4,233.05,968,2139000
TORNTPOWER-II,20180327,238.9,238.9,232.65,234.25,491,2409000
TORNTPOWER-III,20180327,0,0,0,225.8,0,21000
TV18BRDCST-I,20180327,67.45,69.45,66.05,68.5,4676,36278000
TV18BRDCST-II,20180327,68,69.85,66.4,68.9,2769,54485000
TV18BRDCST-III,20180327,68.15,70.15,68.15,69.55,22,2720000
TVSMOTOR-I,20180327,622.05,628.1,615.8,618.6,2810,2006000
TVSMOTOR-II,20180327,622.65,630.05,617.7,620.8,2118,2200000
TVSMOTOR-III,20180327,621.05,621.05,621,619.95,5,9000
UBL-I,20180327,970.3,971.9,945,965.35,1484,529900
UBL-II,20180327,969.95,975.55,950.6,970.35,857,771400
UBL-III,20180327,960,960,946.8,946.8,2,107100
UJJIVAN-I,20180327,352.5,363.5,352.5,355.25,2684,1689600
UJJIVAN-II,20180327,357,365.15,354.15,356.95,1791,3198400
UJJIVAN-III,20180327,0,0,0,337,1,206400
ULTRACEMCO-I,20180327,3953.95,3988.25,3926,3976.25,3403,418200
ULTRACEMCO-II,20180327,3950.05,4001.35,3941.1,3992.05,3228,1485600
ULTRACEMCO-III,20180327,4010,4010,4010,4010,1,50800
UNIONBANK-I,20180327,92.7,95.85,91.25,94.25,7421,11660000
UNIONBANK-II,20180327,93.1,96.35,91.8,94.7,4229,21256000
UNIONBANK-III,20180327,94,96.05,92.6,95.5,32,628000
UPL-I,20180327,729.65,742.9,729,735.95,6308,5484000
UPL-II,20180327,733.95,745.85,732.6,739.3,3780,6120000
UPL-III,20180327,743.8,743.8,743.8,743.8,1,2400
VEDL-I,20180327,287.05,289.95,283.6,287.2,16667,14523250
VEDL-II,20180327,287.4,291.4,285,288.75,9034,21355250
VEDL-III,20180327,290,292.95,286.5,290.6,383,1226750
VGUARD-I,20180327,228.6,230.9,225.95,226.8,762,1059000
VGUARD-II,20180327,227,229.4,224.45,225.6,592,1485000
VGUARD-III,20180327,0,0,0,229.95,0,0
VOLTAS-I,20180327,619.05,626,619.05,623.3,3515,1292000
VOLTAS-II,20180327,622.25,628.55,622.25,626.2,2126,1870000
VOLTAS-III,20180327,628,629.7,626.15,626.15,20,93000
WIPRO-I,20180327,278.15,280.7,272.75,273.45,6115,7406400
WIPRO-II,20180327,278.9,281.9,273.25,273.95,5917,25730400
WIPRO-III,20180327,279,279,275,275.2,38,45600
WOCKPHARMA-I,20180327,727.75,746.55,727.75,735.45,3651,1113300
WOCKPHARMA-II,20180327,733.15,750.7,731.1,738.65,1771,2289600
WOCKPHARMA-III,20180327,0,0,0,777.15,0,99900
YESBANK-I,20180327,306.95,309.1,301,303.95,17375,18707500
YESBANK-II,20180327,306.95,310.55,302.55,305.4,11257,34826750
YESBANK-III,20180327,307.7,315.45,303,305.8,169,787500
ZEEL-I,20180327,589.6,596.85,584.6,586.8,3808,3413800
ZEEL-II,20180327,592.5,599.6,587.4,589.55,2457,4674800
ZEEL-III,20180327,0,0,0,590,0,11700
