BANKNIFTY-I,20171220,25739.9,25795.7,25631.7,25662.95,56278,1386600
BANKNIFTY-II,20171220,25808.5,25853.3,25703,25727.6,2296,131480
BANKNIFTY-III,20171220,25797.4,25900,25770,25785.8,76,13760
FTSE100-I,20171220,0,0,0,7652,0,0
FTSE100-II,20171220,0,0,0,7503,0,0
FTSE100-III,20171220,0,0,0,7912,0,0
FTSE100-IIII,20171220,0,0,0,7982,0,0
FTSE100-IIIII,20171220,0,0,0,7867,0,0
FTSE100-IIIIII,20171220,0,0,0,7947,0,0
NIFTY-I,20171220,10472,10504.55,10447.65,10470.15,111456,19297650
NIFTY-II,20171220,10518.95,10538.8,10482.1,10502,24883,3816225
NIFTY-III,20171220,10536,10565,10510,10527,2704,288150
NIFTYCPSE-I,20171220,0,0,0,2531.5,0,0
NIFTYCPSE-II,20171220,0,0,0,2752.3,0,0
NIFTYCPSE-III,20171220,0,0,0,2661.05,0,0
NIFTYINFRA-I,20171220,0,0,0,3261.55,0,0
NIFTYINFRA-II,20171220,0,0,0,3636.75,0,0
NIFTYINFRA-III,20171220,0,0,0,3569.3,0,0
NIFTYIT-I,20171220,11202,11309,11181,11300,143,30650
NIFTYIT-II,20171220,11598,11598,11300,11326,12,700
NIFTYIT-III,20171220,0,0,0,11280,0,0
NIFTYMID50-I,20171220,0,0,0,5228.8,0,513600
NIFTYMID50-II,20171220,0,0,0,5134.25,0,0
NIFTYMID50-III,20171220,0,0,0,5289.3,0,0
NIFTYPSE-I,20171220,0,0,0,4060.8,0,0
NIFTYPSE-II,20171220,0,0,0,4478.55,0,0
NIFTYPSE-III,20171220,0,0,0,4297,0,0
ACC-I,20171220,1731.35,1743.75,1724,1730.65,1409,1498800
ACC-II,20171220,1740.5,1751.9,1734.6,1738.5,107,100000
ACC-III,20171220,0,0,0,1755,0,2000
ADANIENT-I,20171220,160.2,163.5,158.3,161.45,5068,24848000
ADANIENT-II,20171220,161.3,164.1,159.3,162.35,226,664000
ADANIENT-III,20171220,160.05,163.5,159.05,162,4,20000
ADANIPORTS-I,20171220,404.65,408.75,401.25,405.15,2583,10112500
ADANIPORTS-II,20171220,406.45,410.5,403.5,407.75,142,377500
ADANIPORTS-III,20171220,0,0,0,403.85,0,2500
ADANIPOWER-I,20171220,35.3,36.25,35.15,35.7,1473,101960000
ADANIPOWER-II,20171220,35.6,36.5,35.45,35.9,86,9960000
ADANIPOWER-III,20171220,0,0,0,36,0,40000
AJANTPHARM-I,20171220,1473.95,1488,1462.05,1471.55,908,668400
AJANTPHARM-II,20171220,1495.5,1495.5,1479.75,1482.15,29,25000
AJANTPHARM-III,20171220,1491.25,1491.25,1491.25,1491.25,1,500
ALBK-I,20171220,74.1,74.45,73.45,74,522,13700000
ALBK-II,20171220,74.2,74.95,74.05,74.35,46,1750000
ALBK-III,20171220,0,0,0,77.7,0,0
AMARAJABAT-I,20171220,819.4,846.55,816.55,834.55,6663,1847400
AMARAJABAT-II,20171220,821.6,851.4,820,838.9,246,113400
AMARAJABAT-III,20171220,854.3,854.3,854.3,854.3,3,2100
AMBUJACEM-I,20171220,269.9,271.9,267.7,268.4,1425,10315000
AMBUJACEM-II,20171220,272.2,272.2,269.1,269.7,179,412500
AMBUJACEM-III,20171220,0,0,0,268.9,0,15000
ANDHRABANK-I,20171220,60.7,60.9,60.45,60.6,371,20410000
ANDHRABANK-II,20171220,61.1,61.2,60.85,61,54,2160000
ANDHRABANK-III,20171220,0,0,0,61.4,0,10000
APOLLOHOSP-I,20171220,1188.1,1190,1168.05,1177.4,1059,1352000
APOLLOHOSP-II,20171220,1181.8,1185.35,1178,1178,42,29500
APOLLOHOSP-III,20171220,0,0,0,1201.2,0,3000
APOLLOTYRE-I,20171220,260.4,263,258.2,260.85,2915,10638000
APOLLOTYRE-II,20171220,261.5,264.1,260.3,262.1,142,330000
APOLLOTYRE-III,20171220,0,0,0,248.3,0,9000
ARVIND-I,20171220,441.7,458.6,440.15,456.4,7517,7476000
ARVIND-II,20171220,445.1,460.85,442.9,458.9,326,344000
ARVIND-III,20171220,463.6,463.6,463.6,463.6,1,20000
ASHOKLEY-I,20171220,118,119.65,117.5,117.95,3698,64393000
ASHOKLEY-II,20171220,119,120.25,118.2,118.6,470,5474000
ASHOKLEY-III,20171220,120.65,120.65,119,119.2,7,112000
ASIANPAINT-I,20171220,1138.65,1143.6,1126.8,1138.05,1679,3579600
ASIANPAINT-II,20171220,1136.7,1147.95,1136.7,1142.75,179,157800
ASIANPAINT-III,20171220,1146.85,1146.85,1146.85,1146.85,1,600
AUROPHARMA-I,20171220,680.55,694.85,680.55,687.9,7128,19151200
AUROPHARMA-II,20171220,689,697.85,687,690.9,1674,1648800
AUROPHARMA-III,20171220,695.5,695.5,695.5,695.5,1,1600
AXISBANK-I,20171220,553.35,559.5,550.05,556.6,8136,42906000
AXISBANK-II,20171220,556.35,561.7,552.4,558.7,2016,6139200
AXISBANK-III,20171220,555.8,562.35,554.8,561.15,23,73200
BAJAJ-AUTO-I,20171220,3295.05,3338.9,3276.05,3303.95,2545,1871500
BAJAJ-AUTO-II,20171220,3327.6,3353,3291.75,3317,286,127500
BAJAJ-AUTO-III,20171220,0,0,0,3330,0,250
BAJAJFINSV-I,20171220,5285.85,5345.8,5280,5313.35,1220,673000
BAJAJFINSV-II,20171220,5354.95,5368.25,5313.55,5340.05,100,13125
BAJAJFINSV-III,20171220,0,0,0,5291.25,0,0
BAJFINANCE-I,20171220,1765.25,1785.8,1752.2,1771.1,4783,5759000
BAJFINANCE-II,20171220,1771,1793.3,1764.25,1777.95,405,231500
BAJFINANCE-III,20171220,0,0,0,1798.55,1,1500
BALKRISIND-I,20171220,2497.8,2523.05,2455,2474.6,2061,532800
BALKRISIND-II,20171220,2495,2525,2467.65,2478.7,138,73600
BALKRISIND-III,20171220,0,0,0,2408.2,0,2000
BALRAMCHIN-I,20171220,149.3,149.3,144.3,145.15,2213,18924500
BALRAMCHIN-II,20171220,149.4,149.4,145.25,146,273,1480500
BALRAMCHIN-III,20171220,149,149,147,147,2,70000
BANKBARODA-I,20171220,168.35,168.65,166.65,166.95,3628,46774000
BANKBARODA-II,20171220,168.5,169.4,167.55,167.9,354,2920000
BANKBARODA-III,20171220,170,170,169.7,169.7,3,56000
BANKINDIA-I,20171220,180.55,181.1,171.65,174.5,4541,16146000
BANKINDIA-II,20171220,181.5,181.8,172.6,175.2,387,1680000
BANKINDIA-III,20171220,178.8,178.8,178.8,178.8,2,42000
BATAINDIA-I,20171220,738.05,755.85,738.05,752.25,3449,2044900
BATAINDIA-II,20171220,744,759,744,755.15,154,127600
BATAINDIA-III,20171220,0,0,0,745.15,0,0
BEL-I,20171220,185.5,186.8,184.75,185.85,736,17047800
BEL-II,20171220,186.35,187.15,185.4,186.55,95,881100
BEL-III,20171220,0,0,0,181,0,4950
BEML-I,20171220,1589.95,1601.75,1563.55,1571.15,3114,2240400
BEML-II,20171220,1598,1606,1572.3,1579.75,299,166800
BEML-III,20171220,1606.65,1606.65,1596.7,1606.65,3,1500
BERGEPAINT-I,20171220,257.5,257.5,253.9,255.65,234,1993200
BERGEPAINT-II,20171220,255,256.65,255,255.15,16,70400
BERGEPAINT-III,20171220,0,0,0,262.4,0,0
BHARATFIN-I,20171220,1011.05,1025.1,1001.1,1005.3,2377,9645000
BHARATFIN-II,20171220,1024.6,1024.6,1007.2,1010.3,121,237000
BHARATFIN-III,20171220,0,0,0,994.9,0,0
BHARATFORG-I,20171220,733.15,739.2,728.25,732.55,2928,6274800
BHARATFORG-II,20171220,733.45,742.45,730.65,736.15,169,373200
BHARATFORG-III,20171220,0,0,0,709,0,8400
BHARTIARTL-I,20171220,540.45,541.85,528.55,530.6,6420,30185200
BHARTIARTL-II,20171220,539.1,543.8,531.4,533.4,1140,2041700
BHARTIARTL-III,20171220,546.65,546.65,535,535.45,15,2504100
BHEL-I,20171220,90.55,91.35,90.25,90.6,1786,52815000
BHEL-II,20171220,90.95,91.7,90.75,90.95,447,4912500
BHEL-III,20171220,91,91.45,90.95,91.05,6,187500
BIOCON-I,20171220,538.45,538.7,526.4,530.1,3238,9617400
BIOCON-II,20171220,537.1,537.5,527.25,530.65,486,1443600
BIOCON-III,20171220,0,0,0,537.15,1,14400
BOSCHLTD-I,20171220,19900,20166,19746.8,19911.45,1431,128225
BOSCHLTD-II,20171220,19951,20268.3,19859.7,20009.3,157,4950
BOSCHLTD-III,20171220,0,0,0,19700,0,50
BPCL-I,20171220,528.15,534.5,525.75,532.2,2447,11352600
BPCL-II,20171220,527.3,530.95,523.35,529.05,272,590400
BPCL-III,20171220,523,523,523,523,2,50400
BRITANNIA-I,20171220,4780.05,4787.05,4735.05,4764.55,885,1160800
BRITANNIA-II,20171220,4805.2,4805.2,4755.75,4780.65,43,16000
BRITANNIA-III,20171220,0,0,0,4886.85,0,0
CADILAHC-I,20171220,419.6,425,416.2,421,1137,6793600
CADILAHC-II,20171220,423.45,427.7,419,423.1,198,520000
CADILAHC-III,20171220,425,425,425,425,1,4800
CANBK-I,20171220,368.3,369.5,363.5,365.85,2955,11453976
CANBK-II,20171220,369.05,370.65,365.8,367.75,259,428800
CANBK-III,20171220,0,0,0,378.4,0,0
CANFINHOME-I,20171220,483,486.2,475.15,477.1,720,4360000
CANFINHOME-II,20171220,482.3,488,477.95,479.9,159,295000
CANFINHOME-III,20171220,0,0,0,490.7,0,0
CAPF-I,20171220,683.25,698.3,682,692.9,1484,4124800
CAPF-II,20171220,689.1,701.6,686.2,696.25,316,265600
CAPF-III,20171220,0,0,0,712.15,0,0
CASTROLIND-I,20171220,422.45,423.9,416.15,417.9,3738,7869400
CASTROLIND-II,20171220,421.4,424.2,417.45,418.85,954,1583400
CASTROLIND-III,20171220,419.1,420.55,419.1,419.85,3,5600
CEATLTD-I,20171220,1839,1862,1831.65,1842.9,2551,1024100
CEATLTD-II,20171220,1847.9,1869.95,1844.95,1848,155,28000
CEATLTD-III,20171220,1878.45,1878.45,1828.5,1828.5,2,0
CENTURYTEX-I,20171220,1354.6,1405,1348.9,1389.5,7267,7098850
CENTURYTEX-II,20171220,1371.2,1412.2,1370,1397.35,717,302500
CENTURYTEX-III,20171220,0,0,0,1331.3,0,0
CESC-I,20171220,1009.75,1017.4,1008.75,1011.4,1056,4885650
CESC-II,20171220,1016.6,1021.4,1015,1016.35,115,164450
CESC-III,20171220,0,0,0,1017.85,0,2200
CGPOWER-I,20171220,87.35,88.9,86.7,88.4,921,29436000
CGPOWER-II,20171220,87.55,89.3,87.3,88.7,92,1416000
CGPOWER-III,20171220,89,89.3,88.5,89.3,7,108000
CHENNPETRO-I,20171220,424,432.85,421.05,429.4,1139,2601000
CHENNPETRO-II,20171220,423.5,435,423.5,431.55,49,97500
CHENNPETRO-III,20171220,0,0,0,431.3,0,0
CHOLAFIN-I,20171220,1298.85,1309.95,1290,1305.35,980,547500
CHOLAFIN-II,20171220,1306.3,1312.35,1304.95,1308.45,52,34000
CHOLAFIN-III,20171220,0,0,0,1300.45,0,500
CIPLA-I,20171220,603.85,611,599.1,601.35,2263,8479000
CIPLA-II,20171220,605.4,613.4,602.25,603.75,238,546000
CIPLA-III,20171220,0,0,0,609.8,0,0
COALINDIA-I,20171220,269.95,271.9,268.6,270.3,3892,21457400
COALINDIA-II,20171220,272,272.4,269.5,270.8,457,2316600
COALINDIA-III,20171220,269.45,269.45,267,267.75,12,189200
COLPAL-I,20171220,1068.9,1092.5,1068.9,1085.7,522,1061900
COLPAL-II,20171220,1088.7,1096.35,1086.8,1091.45,27,24500
COLPAL-III,20171220,0,0,0,1052,0,0
CONCOR-I,20171220,1351.1,1361.7,1347,1349.85,568,1052500
CONCOR-II,20171220,1362,1362,1353.25,1356.25,14,15625
CONCOR-III,20171220,0,0,0,1327.35,0,0
CUMMINSIND-I,20171220,862.2,879.8,862.2,875.25,695,717600
CUMMINSIND-II,20171220,869.45,884,869.45,880.05,40,20400
CUMMINSIND-III,20171220,0,0,0,857,0,600
DABUR-I,20171220,351.05,354.35,347,352.45,1113,10580000
DABUR-II,20171220,350.05,355.6,348.8,353.7,65,145000
DABUR-III,20171220,0,0,0,349.4,0,0
DALMIABHA-I,20171220,3270,3290,3232.1,3252,716,734700
DALMIABHA-II,20171220,3283.3,3297.35,3255.1,3264.1,88,19500
DALMIABHA-III,20171220,0,0,0,3270,0,300
DCBBANK-I,20171220,196.35,197.15,193,193.8,787,6700500
DCBBANK-II,20171220,198,198.55,194.15,194.75,120,1539000
DCBBANK-III,20171220,0,0,0,188.1,0,0
DHFL-I,20171220,612.15,626,604.35,607,7980,29421000
DHFL-II,20171220,618,628.65,608,610.65,721,1236000
DHFL-III,20171220,630,630,623.95,627,5,9000
DISHTV-I,20171220,80.05,81.2,79.5,80,1522,35931000
DISHTV-II,20171220,80.7,81.55,80.15,80.3,251,2443000
DISHTV-III,20171220,0,0,0,82,0,14000
DIVISLAB-I,20171220,1059.4,1073.7,1057.7,1063,1193,3344800
DIVISLAB-II,20171220,1067.55,1077.05,1065.7,1068,111,173600
DIVISLAB-III,20171220,0,0,0,1056.4,0,0
DLF-I,20171220,234.1,249.75,234,245.8,21734,45390000
DLF-II,20171220,235.9,250.9,235.6,247.05,2316,6750000
DLF-III,20171220,239.5,251.3,239.4,248,15,105000
DRREDDY-I,20171220,2398.65,2398.65,2358.05,2363.4,3360,3355600
DRREDDY-II,20171220,2400,2400.7,2370.85,2376.15,491,1291500
DRREDDY-III,20171220,0,0,0,2463.55,2,1000
EICHERMOT-I,20171220,30660.15,31000,30078,30266.85,3522,172400
EICHERMOT-II,20171220,30979.3,31142.55,30225,30435.2,360,7325
EICHERMOT-III,20171220,0,0,0,29775.55,0,75
ENGINERSIN-I,20171220,191.7,194.5,190.7,191.95,1576,12572000
ENGINERSIN-II,20171220,192.2,194.85,191.85,192.75,119,703500
ENGINERSIN-III,20171220,0,0,0,190.4,0,0
EQUITAS-I,20171220,141.6,145.65,140.85,144.2,1444,16707200
EQUITAS-II,20171220,141.7,146.2,141.7,144.75,320,1251200
EQUITAS-III,20171220,145.4,145.4,145.4,145.4,1,16000
ESCORTS-I,20171220,731.05,747,725.2,739.9,4670,3994100
ESCORTS-II,20171220,740,750.2,730,742.9,273,223300
ESCORTS-III,20171220,0,0,0,720,0,3300
EXIDEIND-I,20171220,215.85,219.2,214.6,215.65,2875,15260000
EXIDEIND-II,20171220,219.9,220.35,214.85,216.65,291,1028000
EXIDEIND-III,20171220,0,0,0,208.1,0,0
FEDERALBNK-I,20171220,110,110,108.05,108.75,2158,71357000
FEDERALBNK-II,20171220,109.65,110.4,108.65,109.3,431,5445000
FEDERALBNK-III,20171220,0,0,0,110.55,0,154000
FORTIS-I,20171220,138.25,142.25,133.8,140.95,1304,50903100
FORTIS-II,20171220,141.9,143.5,141.6,142.55,3,560000
FORTIS-III,20171220,0,0,0,147,0,0
GAIL-I,20171220,496.45,507.9,495.9,500.35,4707,18364000
GAIL-II,20171220,499.5,506,498.3,499.45,277,844000
GAIL-III,20171220,503.05,503.05,497.1,497.1,4,52000
GLENMARK-I,20171220,546,563.9,542.5,559.3,5392,8227100
GLENMARK-II,20171220,546.2,566.8,545.75,562,891,1058400
GLENMARK-III,20171220,565,565,565,565,1,11700
GMRINFRA-I,20171220,17.55,18.6,17.55,18.35,1796,306450000
GMRINFRA-II,20171220,17.9,18.7,17.9,18.5,353,26190000
GMRINFRA-III,20171220,18.15,18.5,18.15,18.4,5,540000
GODFRYPHLP-I,20171220,985,995.85,984.55,989.85,337,697500
GODFRYPHLP-II,20171220,989.45,999.6,989.45,995.55,85,67500
GODFRYPHLP-III,20171220,0,0,0,1018.45,0,0
GODREJCP-I,20171220,1001.95,1001.95,982.6,988.4,972,2068800
GODREJCP-II,20171220,995,996.1,988.5,992.7,97,113600
GODREJCP-III,20171220,0,0,0,975.75,0,0
GODREJIND-I,20171220,607.4,613.4,601.5,609.95,1162,2368500
GODREJIND-II,20171220,611.5,616.35,605.5,613.1,99,126000
GODREJIND-III,20171220,0,0,0,586.35,0,0
GRANULES-I,20171220,129.3,129.35,127.1,127.9,667,15855000
GRANULES-II,20171220,129.65,130.05,128,128.55,115,1140000
GRANULES-III,20171220,129.75,129.75,129.75,129.75,1,15000
GRASIM-I,20171220,1135,1137.9,1124,1127.7,1487,4108500
GRASIM-II,20171220,1141,1141,1128.9,1132.95,462,298500
GRASIM-III,20171220,0,0,0,1129,0,2250
GSFC-I,20171220,146.4,149.1,145.55,147.4,1660,19845000
GSFC-II,20171220,147.85,150,146.4,148.2,163,913500
GSFC-III,20171220,0,0,0,141,0,9000
HAVELLS-I,20171220,556.3,562.95,550.8,560.6,2715,3172000
HAVELLS-II,20171220,559.5,565,553.85,563.15,122,212000
HAVELLS-III,20171220,0,0,0,516.85,0,0
HCC-I,20171220,36.55,38.05,36.5,37.55,1042,32304000
HCC-II,20171220,36.8,38.2,36.8,37.85,144,4995000
HCC-III,20171220,0,0,0,37.05,0,15000
HCLTECH-I,20171220,868,877.5,866.5,873.85,4159,7289100
HCLTECH-II,20171220,872.5,880.25,870.4,877.35,2038,2137100
HCLTECH-III,20171220,0,0,0,840.1,0,700
HDFC-I,20171220,1718.5,1722.8,1696.5,1699.65,6130,12572500
HDFC-II,20171220,1724.05,1729.75,1703.5,1707,1557,861000
HDFC-III,20171220,1723,1740.55,1710.85,1719,8,6500
HDFCBANK-I,20171220,1894.95,1903,1869.65,1873.15,14572,21159500
HDFCBANK-II,20171220,1891.8,1903.35,1871.1,1874.5,1752,1900500
HDFCBANK-III,20171220,1889,1895,1882.25,1882.25,6,4000
HDIL-I,20171220,53.4,57.1,53.2,56.15,1380,34032000
HDIL-II,20171220,55,57.85,55,56.3,28,801000
HDIL-III,20171220,0,0,0,58.5,0,72000
HEROMOTOCO-I,20171220,3711.95,3793,3696.2,3749.2,7110,1517800
HEROMOTOCO-II,20171220,3732.3,3806.7,3732.3,3763.35,569,154800
HEROMOTOCO-III,20171220,3800.05,3839.95,3780,3780,3,1600
HEXAWARE-I,20171220,322.8,329.4,322.2,324.35,1398,5733000
HEXAWARE-II,20171220,322.35,325.7,321,321.8,116,453000
HEXAWARE-III,20171220,0,0,0,323.25,0,6000
HINDALCO-I,20171220,253.7,261,251.9,258.55,8870,37506000
HINDALCO-II,20171220,254,262.15,253.65,259.95,612,1498000
HINDALCO-III,20171220,261.15,263,261.15,263,2,42000
HINDPETRO-I,20171220,438.1,438.1,429.5,433.35,3786,26085150
HINDPETRO-II,20171220,434.8,435.8,429.5,434.55,532,1400175
HINDPETRO-III,20171220,0,0,0,437,0,37800
HINDUNILVR-I,20171220,1347,1365,1336.2,1360.85,3608,9841200
HINDUNILVR-II,20171220,1348.15,1371.55,1343.25,1367.4,545,460800
HINDUNILVR-III,20171220,0,0,0,1360.4,0,2400
HINDZINC-I,20171220,301.75,306.9,301.25,304.65,1201,6448000
HINDZINC-II,20171220,304.5,307.4,302.2,306.15,81,307200
HINDZINC-III,20171220,0,0,0,303.85,0,0
IBULHSGFIN-I,20171220,1200.4,1209.15,1195.25,1199.35,2952,11304800
IBULHSGFIN-II,20171220,1207.85,1214.4,1201,1203.8,296,194400
IBULHSGFIN-III,20171220,0,0,0,1223.7,0,0
ICICIBANK-I,20171220,315.05,318.4,311.8,316.45,9559,74538750
ICICIBANK-II,20171220,314.55,319.3,313,317.5,812,2736250
ICICIBANK-III,20171220,319.5,319.5,319,319.3,4,96250
ICICIPRULI-I,20171220,396.2,401.05,393.35,396.25,1082,5952700
ICICIPRULI-II,20171220,397.55,402.35,395.5,398.25,107,245700
ICICIPRULI-III,20171220,0,0,0,389.35,0,1300
ICIL-I,20171220,116.95,117.5,115,116.6,678,10461500
ICIL-II,20171220,118,118,116.5,116.55,11,50000
IDBI-I,20171220,58.8,59.4,58.4,59.1,603,21528000
IDBI-II,20171220,59.1,59.6,58.95,59.4,68,2360000
IDBI-III,20171220,60,60,60,60,1,70000
IDEA-I,20171220,98.2,100.2,97.15,98.1,3730,46137000
IDEA-II,20171220,98.6,100.65,97.7,98.55,265,1876000
IDEA-III,20171220,99.95,99.95,99.95,99.95,1,63000
IDFC-I,20171220,58.7,59.25,58.4,58.65,991,143972400
IDFC-II,20171220,58.95,59.4,58.8,59.05,422,7233600
IDFC-III,20171220,59.45,59.45,59.45,59.45,3,39600
IDFCBANK-I,20171220,53.75,54.3,53.5,53.95,982,127584000
IDFCBANK-II,20171220,54,54.55,53.8,54.25,347,13374000
IDFCBANK-III,20171220,54.15,54.25,54.15,54.25,2,171000
IFCI-I,20171220,23.8,24.3,23.55,24,745,82060000
IFCI-II,20171220,23.8,24.4,23.8,24.15,157,9834000
IFCI-III,20171220,0,0,0,23.8,0,748000
IGL-I,20171220,330.6,332.9,326.5,328.6,1354,6143500
IGL-II,20171220,332.5,334.45,328.55,330.45,138,442750
IGL-III,20171220,332.3,332.3,332.3,332.3,1,5500
INDIACEM-I,20171220,171.55,181.3,170.55,179,7676,26495000
INDIACEM-II,20171220,171.25,182.15,171.25,179.9,1332,3115000
INDIACEM-III,20171220,176.9,183.35,176.9,178.4,4,35000
INDIANB-I,20171220,393,399.3,390.55,392.3,2297,4096000
INDIANB-II,20171220,395,401.6,392.55,394.05,175,372000
INDIANB-III,20171220,0,0,0,398.5,0,0
INDIGO-I,20171220,1158.1,1173.5,1154,1165.75,2016,2583000
INDIGO-II,20171220,1164.2,1177.2,1164.2,1171.1,104,106200
INDIGO-III,20171220,0,0,0,1138.15,0,0
INDUSINDBK-I,20171220,1678,1680,1660,1665.65,6720,5118000
INDUSINDBK-II,20171220,1676.9,1677.95,1663.55,1667.75,714,414300
INDUSINDBK-III,20171220,1673,1679.5,1672.5,1679.5,8,6000
INFIBEAM-I,20171220,164.3,166.25,162.8,163.45,2904,28108000
INFIBEAM-II,20171220,166.25,171,163.75,164.3,1488,14556000
INFIBEAM-III,20171220,0,0,0,172.6,0,0
INFRATEL-I,20171220,361.95,367.1,361.95,364.6,1542,9848100
INFRATEL-II,20171220,363.9,368.4,363.9,366.35,129,1133900
INFRATEL-III,20171220,367.55,368,367.45,368,3,8500
INFY-I,20171220,1004.65,1015,999,1013.3,7638,30194000
INFY-II,20171220,1005.25,1019.05,1005.15,1017.6,852,1104000
INFY-III,20171220,1014.75,1015.2,1014.75,1015.2,2,15000
IOC-I,20171220,411.6,413.45,408.55,411.2,2536,11919000
IOC-II,20171220,411.4,412.85,408.6,411.2,203,718500
IOC-III,20171220,407,407,407,407,1,58500
IRB-I,20171220,228,236.8,225.25,234.25,2425,14577500
IRB-II,20171220,228.45,237.25,226.8,235.35,219,740000
IRB-III,20171220,235,235,235,235,1,2500
ITC-I,20171220,264.95,265.75,263.45,264.3,4793,83983200
ITC-II,20171220,265.35,266.25,264.85,265.4,1397,9727200
ITC-III,20171220,267.2,267.4,266.45,266.45,5,60000
JETAIRWAYS-I,20171220,716.15,745.9,714.5,737.75,3924,6598800
JETAIRWAYS-II,20171220,720,750,720,746,59,421200
JETAIRWAYS-III,20171220,0,0,0,720,0,2400
JINDALSTEL-I,20171220,180,188.5,178,185.4,9547,34533000
JINDALSTEL-II,20171220,180.35,189.3,179.2,186.45,831,2007000
JINDALSTEL-III,20171220,181,187,181,187,2,9000
JISLJALEQS-I,20171220,123,129.7,123,127.65,7663,43587000
JISLJALEQS-II,20171220,124,130.4,124,128.35,1263,6138000
JISLJALEQS-III,20171220,130,130,130,130,1,9000
JPASSOCIAT-I,20171220,16.85,18.15,16.85,17.75,473,217056000
JPASSOCIAT-II,20171220,17.15,17.55,17.05,17.65,78,6664000
JPASSOCIAT-III,20171220,0,0,0,18.4,0,0
JSWENERGY-I,20171220,81.65,85.35,81.1,83.85,822,57995500
JSWENERGY-II,20171220,83.25,85.75,83.25,84.45,39,1258000
JSWSTEEL-I,20171220,260.3,265.4,257.65,262.7,7103,43269000
JSWSTEEL-II,20171220,261.55,266.5,258.8,263.85,3716,10752000
JSWSTEEL-III,20171220,0,0,0,258.65,0,0
JUBLFOOD-I,20171220,1768,1792.85,1768,1785.3,2644,2295000
JUBLFOOD-II,20171220,1785,1798.55,1777.15,1790.85,140,159000
JUBLFOOD-III,20171220,0,0,0,1750,0,500
JUSTDIAL-I,20171220,500.55,508.2,497.3,500.35,2472,3388800
JUSTDIAL-II,20171220,505,510.65,500.6,501.85,102,152600
JUSTDIAL-III,20171220,0,0,0,538,0,0
KAJARIACER-I,20171220,713.85,718.2,710,712.45,349,1647200
KAJARIACER-II,20171220,718,720.45,714,715.85,17,28000
KAJARIACER-III,20171220,0,0,0,734.8,0,0
KOTAKBANK-I,20171220,1022.05,1022.05,1011.1,1016.9,4532,8419200
KOTAKBANK-II,20171220,1022,1024,1015,1020.55,465,829600
KOTAKBANK-III,20171220,0,0,0,1015.1,0,0
KPIT-I,20171220,176.95,177.5,171.25,172.5,968,10324000
KPIT-II,20171220,178.5,178.5,172.85,173.4,52,238500
KPIT-III,20171220,0,0,0,173.2,0,0
KSCL-I,20171220,556.85,565.4,547.55,551.6,1657,4104000
KSCL-II,20171220,561.5,567.65,554,556.5,91,153000
KSCL-III,20171220,0,0,0,551.3,0,0
KTKBANK-I,20171220,150.6,153.9,150.6,152,1707,21846200
KTKBANK-II,20171220,151.85,154.5,151.8,152.65,199,1371800
KTKBANK-III,20171220,155.2,155.2,155.2,155.2,1,30400
L&TFH-I,20171220,177.9,180.4,176.8,178.65,4108,47911500
L&TFH-II,20171220,179.25,181.25,177.8,179.6,466,4297500
L&TFH-III,20171220,179,181.4,179,180.5,20,202500
LICHSGFIN-I,20171220,568,573.4,567,569.8,3537,15461600
LICHSGFIN-II,20171220,571.5,576,571.45,572.65,394,823900
LICHSGFIN-III,20171220,577.55,577.55,577.55,577.55,1,4400
LT-I,20171220,1216.7,1241,1211.65,1235.15,9075,13802250
LT-II,20171220,1225.4,1246,1218,1241.1,786,735750
LT-III,20171220,1232,1252,1232,1244,13,15000
LUPIN-I,20171220,868.65,891,865.3,876.65,8840,11353200
LUPIN-II,20171220,880.15,895.2,870,880.75,1641,1103400
LUPIN-III,20171220,894,903.45,884,884.85,23,24000
M&M-I,20171220,1556.2,1569.45,1532.35,1542.8,10770,8388500
M&M-II,20171220,1558.8,1569.95,1536.3,1543.7,1902,1573000
M&M-III,20171220,1564.05,1564.05,1552.1,1556.55,5,3500
M&MFIN-I,20171220,474.55,489.3,472,480.55,3698,6312500
M&MFIN-II,20171220,477,491.1,475.8,482.55,216,263750
M&MFIN-III,20171220,0,0,0,444.9,0,0
MANAPPURAM-I,20171220,105.65,107,104.2,105.75,2280,36312000
MANAPPURAM-II,20171220,105.8,107.6,104.8,106.25,225,1374000
MANAPPURAM-III,20171220,107.5,107.5,107,107,2,114000
MARICO-I,20171220,315.6,321.95,314.15,319.4,1182,5002400
MARICO-II,20171220,319,323,318.4,320.45,62,127400
MARICO-III,20171220,0,0,0,310.55,0,0
MARUTI-I,20171220,9960.1,9998.9,9732,9773.3,32688,1963650
MARUTI-II,20171220,9950.65,10045.55,9781.05,9818.5,3081,225525
MARUTI-III,20171220,9977.95,10075,9824.45,9873.5,148,12900
MCDOWELL-N-I,20171220,3476.45,3533,3441.25,3515,4148,2050250
MCDOWELL-N-II,20171220,3453.2,3547.6,3453.2,3529.6,297,66250
MCDOWELL-N-III,20171220,0,0,0,3333.25,0,0
MCX-I,20171220,970,974.95,962.05,966.7,1044,2409000
MCX-II,20171220,975,977.35,967.95,972.4,476,337500
MCX-III,20171220,981,981,981,981,1,3000
MFSL-I,20171220,570.1,582.65,566.6,575.15,547,3104000
MFSL-II,20171220,578.3,584.75,577.9,578.45,73,59000
MFSL-III,20171220,0,0,0,556.05,0,0
MGL-I,20171220,1132,1135.65,1113.9,1118.15,752,1152000
MGL-II,20171220,1138.75,1138.75,1121,1123.3,55,50400
MGL-III,20171220,0,0,0,1119.5,0,12600
MINDTREE-I,20171220,570,582,565.2,578.8,831,1664400
MINDTREE-II,20171220,571,583.6,571,580.9,123,85200
MINDTREE-III,20171220,0,0,0,547.2,0,0
MOTHERSUMI-I,20171220,393.85,395.6,386.25,387.5,2674,12063750
MOTHERSUMI-II,20171220,393.7,395.7,388.25,389.3,464,699200
MOTHERSUMI-III,20171220,0,0,0,397.8,0,11200
MRF-I,20171220,69557.7,70050,69000,69133.3,1302,58725
MRF-II,20171220,70360.4,70360.4,69400,69448.9,712,10500
MRF-III,20171220,68000,70999.95,68000,70999.95,2,15
MRPL-I,20171220,124.25,126.5,123.8,125,423,10395000
MRPL-II,20171220,125.75,127.05,125.1,125.7,29,324000
MRPL-III,20171220,0,0,0,124.15,0,0
MUTHOOTFIN-I,20171220,442.1,450,442.1,444.55,524,2313000
MUTHOOTFIN-II,20171220,447.35,451,447,447.1,27,58500
MUTHOOTFIN-III,20171220,0,0,0,445,0,6000
NATIONALUM-I,20171220,79.1,83.4,78.9,81.85,3598,39408000
NATIONALUM-II,20171220,79.65,83.6,79.4,82.2,503,3376000
NATIONALUM-III,20171220,82.45,83.95,82.45,82.65,4,72000
NBCC-I,20171220,254.05,258.45,253.2,254.3,1573,9825000
NBCC-II,20171220,256,259.5,254.95,255.45,261,915000
NBCC-III,20171220,258,258,258,258,1,6000
NCC-I,20171220,124.35,131.3,123.1,129.6,5238,27816000
NCC-II,20171220,126,131.75,124,130.1,318,1704000
NCC-III,20171220,131.2,131.2,131.2,131.2,1,0
NESTLEIND-I,20171220,7912.2,8025,7912.2,7966.7,304,124100
NESTLEIND-II,20171220,7999,8063.5,7997.1,8017.5,9,1900
NESTLEIND-III,20171220,0,0,0,7776.85,0,0
NHPC-I,20171220,28.2,28.6,28.2,28.45,244,37611000
NHPC-II,20171220,28.3,28.5,28.25,28.4,90,6210000
NHPC-III,20171220,28.15,28.15,28,28.1,8,432000
NIITTECH-I,20171220,628.65,644.2,627,641.65,560,912000
NIITTECH-II,20171220,639,646.95,634.7,645.6,16,24000
NIITTECH-III,20171220,0,0,0,648.45,0,0
NMDC-I,20171220,135.8,136.75,134.1,135.6,1340,27402000
NMDC-II,20171220,136.1,137.55,134.7,136.5,207,2412000
NMDC-III,20171220,134.35,134.95,134.35,134.95,2,174000
NTPC-I,20171220,178.8,180.1,178.3,179,1470,32620000
NTPC-II,20171220,179.5,180.5,178.85,179.5,209,1516000
NTPC-III,20171220,0,0,0,179,0,56000
OFSS-I,20171220,4031.6,4176.1,4000.75,4062.3,683,86100
OFSS-II,20171220,4093,4192.25,4060,4086.1,36,3150
OFSS-III,20171220,0,0,0,3748.7,0,0
OIL-I,20171220,355,358.8,353.75,354.7,311,2542452
OIL-II,20171220,356.45,357.5,354.2,354.2,15,115566
OIL-III,20171220,0,0,0,367.3,0,2266
ONGC-I,20171220,189.8,190.5,187.85,188.4,4623,42528750
ONGC-II,20171220,190.05,198.9,188.7,189.15,558,3592500
ONGC-III,20171220,188.4,190.4,188.4,189.95,37,247500
ORIENTBANK-I,20171220,123.4,124.05,122.5,122.9,951,14574000
ORIENTBANK-II,20171220,124.3,124.65,123.25,123.65,164,1632000
ORIENTBANK-III,20171220,0,0,0,124.6,0,12000
PAGEIND-I,20171220,25699.95,25700,24510.15,24648.15,875,48350
PAGEIND-II,20171220,25250,25372.5,24550,24631.2,48,3200
PAGEIND-III,20171220,0,0,0,24200,0,100
PCJEWELLER-I,20171220,452,457.4,442.55,446.25,4541,9298500
PCJEWELLER-II,20171220,455,459.2,446,447.9,154,256500
PCJEWELLER-III,20171220,0,0,0,450,0,24000
PEL-I,20171220,2874,2898,2855.5,2861.35,1071,1659600
PEL-II,20171220,2902,2910.9,2863,2872.5,150,170400
PEL-III,20171220,0,0,0,2860,0,600
PETRONET-I,20171220,255.15,256.3,251.65,252.15,2032,17973000
PETRONET-II,20171220,255,256.95,252.55,253.1,263,993000
PETRONET-III,20171220,256.5,256.5,256.5,256.5,1,9000
PFC-I,20171220,121.55,121.9,120.4,121.25,2071,61842000
PFC-II,20171220,121.45,122.4,121,121.9,429,6798000
PFC-III,20171220,121.8,121.9,121,121.75,17,618000
PIDILITIND-I,20171220,883.2,896.85,879.1,890.35,766,996000
PIDILITIND-II,20171220,888.8,900,888.8,894,28,57000
PIDILITIND-III,20171220,0,0,0,854.7,0,0
PNB-I,20171220,171.95,173.4,170.1,171.25,16957,52262000
PNB-II,20171220,173.4,174.1,171,171.85,1852,5784000
PNB-III,20171220,178.35,178.35,172.3,172.45,26,116000
POWERGRID-I,20171220,202.15,203.5,200.6,203.05,2066,22292000
POWERGRID-II,20171220,202.5,204.1,201.3,203.65,215,1296000
POWERGRID-III,20171220,202.25,204.3,202,204.3,3,80000
PTC-I,20171220,113.65,116,112.7,114.95,1035,21296000
PTC-II,20171220,114.65,116.5,113.4,115.45,96,1208000
PTC-III,20171220,117,117,117,117,1,24000
PVR-I,20171220,1343.8,1449.9,1340.6,1431.25,2788,558800
PVR-II,20171220,1360.7,1456.5,1360.7,1442.85,109,36000
PVR-III,20171220,1399,1460,1399,1460,8,2400
RAMCOCEM-I,20171220,716.9,824.15,714,812.05,5009,908800
RAMCOCEM-II,20171220,730.8,826.65,730.8,816.3,141,56800
RAMCOCEM-III,20171220,0,0,0,710.4,0,0
RAYMOND-I,20171220,1025.25,1043.65,1021.5,1025.2,2746,4053600
RAYMOND-II,20171220,1037.9,1047.55,1030.45,1031.95,217,163200
RAYMOND-III,20171220,0,0,0,1038.5,0,1600
RBLBANK-I,20171220,521.2,525,516,518,1334,5570000
RBLBANK-II,20171220,524.05,527.8,519,520.35,257,410000
RBLBANK-III,20171220,0,0,0,524.4,0,0
RCOM-I,20171220,13.1,18.65,12.95,17.4,17383,102788000
RCOM-II,20171220,13.2,18.7,12.65,17.5,1243,18396000
RCOM-III,20171220,13.8,17.6,13.3,17.45,31,728000
RECLTD-I,20171220,156.85,157.05,155.05,156.05,2288,45810000
RECLTD-II,20171220,157.45,157.45,155.7,156.7,425,6120000
RECLTD-III,20171220,155.1,155.1,153.75,154.6,25,816000
RELCAPITAL-I,20171220,425.45,468,423.1,456.45,20863,13221000
RELCAPITAL-II,20171220,427.25,470,426.1,458.05,1739,935250
RELCAPITAL-III,20171220,435,459.5,435,458.75,5,12750
RELIANCE-I,20171220,928.45,928.85,920.65,921.8,9130,46494000
RELIANCE-II,20171220,931.05,932.9,924.65,925.6,2201,4844000
RELIANCE-III,20171220,932.6,932.9,930.8,930.8,11,65000
RELINFRA-I,20171220,443.95,480.35,441.15,467.35,14274,10429900
RELINFRA-II,20171220,445,482.25,443.05,469.35,1006,679900
RELINFRA-III,20171220,468,468,468,468,1,1300
REPCOHOME-I,20171220,673.95,688,672.9,677.05,690,810600
REPCOHOME-II,20171220,680,689.35,678.15,682.2,23,30600
REPCOHOME-III,20171220,0,0,0,637.3,0,0
RNAVAL-I,20171220,35.65,40.7,35.25,39.4,1541,13842000
RNAVAL-II,20171220,35.95,41,35.5,39.5,143,1071000
RNAVAL-III,20171220,0,0,0,40,0,0
RPOWER-I,20171220,37,40.55,36.95,39.6,3005,56304000
RPOWER-II,20171220,37.25,40.7,37.15,39.8,466,8736000
RPOWER-III,20171220,38.35,40.85,38.35,40.3,15,364000
SAIL-I,20171220,83.7,85.9,83.15,84.9,7280,82908000
SAIL-II,20171220,84.35,86.2,83.15,85.3,955,9648000
SAIL-III,20171220,84.4,86,84.4,85.95,7,264000
SBIN-I,20171220,318.4,319.4,317.05,317.75,8204,64332000
SBIN-II,20171220,320.1,320.8,318.65,319.2,643,3777000
SBIN-III,20171220,320.9,321.85,320.35,321.5,15,156000
SHREECEM-I,20171220,17775.45,17978,17737,17875.25,400,53700
SHREECEM-II,20171220,17912.4,17989.95,17909.8,17952.05,6,500
SHREECEM-III,20171220,0,0,0,17451.85,0,0
SIEMENS-I,20171220,1206.45,1206.45,1193.85,1196.65,783,885500
SIEMENS-II,20171220,1210.8,1210.85,1199.15,1201.6,47,44000
SIEMENS-III,20171220,0,0,0,1215.4,0,0
SOUTHBANK-I,20171220,31.9,32.05,31.6,31.65,998,162788592
SOUTHBANK-II,20171220,32.1,32.2,31.75,31.85,76,9445185
SOUTHBANK-III,20171220,32,32,32,32,1,430833
SREINFRA-I,20171220,97.55,99.4,97.25,97.8,732,15355000
SREINFRA-II,20171220,98.7,99.85,98.1,98.3,145,900000
SREINFRA-III,20171220,0,0,0,103.65,0,0
SRF-I,20171220,1922.7,1948.8,1917,1923.95,1747,721000
SRF-II,20171220,1930.15,1956,1926.3,1930.8,93,39500
SRF-III,20171220,0,0,0,1858.5,0,0
SRTRANSFIN-I,20171220,1447.25,1466.95,1435.05,1440.35,1749,2796600
SRTRANSFIN-II,20171220,1470.55,1470.55,1442,1446.55,106,112800
SRTRANSFIN-III,20171220,0,0,0,1347.2,0,0
STAR-I,20171220,800.05,826.7,796.5,816.05,3082,4091000
STAR-II,20171220,803.5,829.65,802,819.6,295,170400
STAR-III,20171220,0,0,0,790,0,600
SUNPHARMA-I,20171220,528.4,534.3,526.6,529.35,8428,42317600
SUNPHARMA-II,20171220,531,536.5,530,531.6,2648,4097500
SUNPHARMA-III,20171220,536.7,537.75,536,536.1,5,1816100
SUNTV-I,20171220,945.1,952,927.1,940,6889,5030000
SUNTV-II,20171220,943.2,955.9,932,944.25,770,788000
SUNTV-III,20171220,0,0,0,938.35,0,5000
SUZLON-I,20171220,13.8,14.4,13.8,14.25,2760,387270000
SUZLON-II,20171220,13.95,14.5,13.95,14.35,654,37695000
SUZLON-III,20171220,14.15,14.5,14.1,14.35,14,1960000
SYNDIBANK-I,20171220,85.15,85.95,83.8,84.1,1308,20754000
SYNDIBANK-II,20171220,85.3,86.25,84.5,84.6,88,1179000
SYNDIBANK-III,20171220,84.9,84.9,84.9,84.9,1,45000
TATACHEM-I,20171220,728.1,741.9,727,735.3,2255,7354500
TATACHEM-II,20171220,731,745.5,731,738.8,336,531000
TATACHEM-III,20171220,0,0,0,720,0,15000
TATACOMM-I,20171220,694.85,694.85,680.65,682.3,2132,8143800
TATACOMM-II,20171220,693.95,695.35,684,685.7,397,491200
TATACOMM-III,20171220,0,0,0,694.4,0,8800
TATAELXSI-I,20171220,941.6,969.5,939.5,963.7,3634,2094400
TATAELXSI-II,20171220,945,973.95,945,968.25,276,136800
TATAELXSI-III,20171220,975.2,976.1,975.2,976.1,2,4800
TATAGLOBAL-I,20171220,301.55,304.45,298.3,302.05,7845,27504000
TATAGLOBAL-II,20171220,302,305.9,300.05,303.4,615,2209500
TATAGLOBAL-III,20171220,302.5,306.8,302.5,306.35,5,54000
TATAMOTORS-I,20171220,421.65,428.75,419.3,422.85,19893,66007500
TATAMOTORS-II,20171220,424,430.6,421.55,424.95,2137,5935500
TATAMOTORS-III,20171220,425.5,432.75,424.65,427.65,31,133500
TATAMTRDVR-I,20171220,233.05,239.75,232.8,237.85,3253,23499000
TATAMTRDVR-II,20171220,235,240.9,234.55,239.2,481,2087500
TATAMTRDVR-III,20171220,235.45,240.3,235.45,240.3,3,15000
TATAPOWER-I,20171220,91.2,92.2,90.8,91.15,1631,53793000
TATAPOWER-II,20171220,91.95,92.65,91.35,91.6,256,3384000
TATAPOWER-III,20171220,92.25,92.25,92.25,92.25,1,90000
TATASTEEL-I,20171220,715,716.5,694.25,703.8,19878,23986000
TATASTEEL-II,20171220,719,719.25,697.85,707.15,1540,2039000
TATASTEEL-III,20171220,718.1,718.1,704,711.1,31,33000
TCS-I,20171220,2583.35,2597,2558.15,2593.05,5194,6331250
TCS-II,20171220,2572,2600,2560.05,2597.85,1749,460250
TCS-III,20171220,2585,2585,2585,2585,1,1500
TECHM-I,20171220,494.65,496.75,491,494.9,1632,12028500
TECHM-II,20171220,498,498.3,494,496.8,123,247200
TECHM-III,20171220,0,0,0,496.5,0,0
TITAN-I,20171220,869,871.8,862.05,864.7,2841,5848500
TITAN-II,20171220,869.1,875.4,867,869.4,257,804000
TITAN-III,20171220,873.1,875.4,871.55,871.55,5,24000
TORNTPHARM-I,20171220,1355.55,1382.05,1355.55,1366.3,306,386000
TORNTPHARM-II,20171220,1380.05,1380.1,1370,1373.2,11,4000
TORNTPHARM-III,20171220,0,0,0,1336.4,0,0
TORNTPOWER-I,20171220,267.3,272.8,266.15,269.7,1371,5169000
TORNTPOWER-II,20171220,265.95,274,265.95,271,87,315000
TORNTPOWER-III,20171220,0,0,0,268.15,0,9000
TV18BRDCST-I,20171220,56.05,59.8,56,59.1,1958,73763000
TV18BRDCST-II,20171220,57.35,59.95,57.35,59.2,66,2873000
TV18BRDCST-III,20171220,0,0,0,56.6,0,51000
TVSMOTOR-I,20171220,784.95,790,777.9,779.6,2726,4975000
TVSMOTOR-II,20171220,782.2,789.1,777.6,778.85,242,656000
TVSMOTOR-III,20171220,780,784,780,782.8,7,9000
UBL-I,20171220,1095.85,1095.85,1069.6,1075.55,1100,1787100
UBL-II,20171220,1093.05,1095,1078.8,1081.5,49,32900
UBL-III,20171220,0,0,0,1099.45,0,0
UJJIVAN-I,20171220,378.65,387.7,376,381.95,2572,7261200
UJJIVAN-II,20171220,379.5,389,378.85,383.9,156,257600
UJJIVAN-III,20171220,0,0,0,367,0,6400
ULTRACEMCO-I,20171220,4322.1,4367,4314.75,4342.45,1216,1419600
ULTRACEMCO-II,20171220,4369,4382.9,4347.75,4359.55,113,31600
ULTRACEMCO-III,20171220,0,0,0,4266,0,0
UNIONBANK-I,20171220,150.4,150.85,148.2,148.8,1945,18468000
UNIONBANK-II,20171220,150.25,151.35,148.9,149.45,236,2216000
UNIONBANK-III,20171220,150.2,150.2,150.2,150.2,1,12000
UPL-I,20171220,740.2,745,734.5,737.95,3321,12640800
UPL-II,20171220,746,747.05,738,741.4,231,1027200
UPL-III,20171220,749.8,749.8,730.35,730.35,2,6000
VEDL-I,20171220,316.85,320.5,314.1,318.5,15869,48982500
VEDL-II,20171220,316.1,322,314.75,320.05,1405,2329250
VEDL-III,20171220,315.25,322,315.25,320.7,33,129500
VGUARD-I,20171220,233.8,233.8,231.15,231.75,527,2772000
VGUARD-II,20171220,234.1,234.1,232.05,232.6,24,165000
VGUARD-III,20171220,0,0,0,232.85,0,0
VOLTAS-I,20171220,637.55,644.5,634.85,639.1,3549,3110000
VOLTAS-II,20171220,638,645,637,639.5,140,111000
VOLTAS-III,20171220,640.8,640.8,640.8,640.8,1,2000
WIPRO-I,20171220,290.1,292.55,288.5,291.45,3681,39633600
WIPRO-II,20171220,288.9,292.8,288.85,291.9,1928,4946400
WIPRO-III,20171220,0,0,0,292.05,0,12000
WOCKPHARMA-I,20171220,786,811,786,803.7,1061,3003200
WOCKPHARMA-II,20171220,797.9,812.6,797.9,805.65,22,247500
WOCKPHARMA-III,20171220,0,0,0,708.9,0,900
YESBANK-I,20171220,313.6,313.8,310.45,311.95,7028,57380750
YESBANK-II,20171220,315,315.15,312.1,313.5,1095,3325000
YESBANK-III,20171220,314.95,316,314.25,315.1,13,152250
ZEEL-I,20171220,579.5,585.7,578.35,581.05,1918,5952700
ZEEL-II,20171220,584.7,587,582,583.65,204,249600
ZEEL-III,20171220,0,0,0,576.55,0,0
