BANKNIFTY-I,20171122,25864.95,25873.95,25705,25792.5,53252,2339520
BANKNIFTY-II,20171122,25881.5,25949.85,25790,25868.65,1832,173960
BANKNIFTY-III,20171122,25988,25988,25850,25934.3,44,13800
FTSE100-I,20171122,0,0,0,7457,0,0
FTSE100-II,20171122,0,0,0,7652,0,0
FTSE100-III,20171122,0,0,0,7503,0,0
FTSE100-IIII,20171122,0,0,0,7912,0,0
FTSE100-IIIII,20171122,0,0,0,7982,0,0
FTSE100-IIIIII,20171122,0,0,0,7867,0,0
NIFTY-I,20171122,10383.3,10388,10321,10357.95,84060,21734175
NIFTY-II,20171122,10413.3,10429.95,10358.5,10393.9,11257,3452925
NIFTY-III,20171122,10442.8,10454,10392,10425.4,444,182250
NIFTYCPSE-I,20171122,0,0,0,2505.1,0,0
NIFTYCPSE-II,20171122,0,0,0,2531.5,0,0
NIFTYCPSE-III,20171122,0,0,0,2752.3,0,0
NIFTYINFRA-I,20171122,0,0,0,3376.25,0,0
NIFTYINFRA-II,20171122,0,0,0,3261.55,0,0
NIFTYINFRA-III,20171122,0,0,0,3636.75,0,0
NIFTYIT-I,20171122,11171,11193,11125,11137,33,30200
NIFTYIT-II,20171122,0,0,0,11177,0,750
NIFTYIT-III,20171122,0,0,0,11057,0,0
NIFTYMID50-I,20171122,0,0,0,4782,0,0
NIFTYMID50-II,20171122,0,0,0,4732.3,0,0
NIFTYMID50-III,20171122,0,0,0,5134.25,0,0
NIFTYPSE-I,20171122,0,0,0,4196.35,0,0
NIFTYPSE-II,20171122,0,0,0,4060.8,0,0
NIFTYPSE-III,20171122,0,0,0,4478.55,0,0
ACC-I,20171122,1716.3,1731.8,1710.55,1727.6,1706,1525200
ACC-II,20171122,1729.7,1739.95,1720.55,1737.2,83,88400
ACC-III,20171122,0,0,0,1810.85,0,0
ADANIENT-I,20171122,154.45,159.4,152.65,158.3,4471,28500000
ADANIENT-II,20171122,154.9,160.15,153.5,159.1,182,924000
ADANIENT-III,20171122,155.3,159.85,155.15,159.85,4,28000
ADANIPORTS-I,20171122,403.8,416.5,403,415.45,5379,9925000
ADANIPORTS-II,20171122,406.3,418.35,405.25,417.4,193,722500
ADANIPORTS-III,20171122,0,0,0,420.9,0,0
ADANIPOWER-I,20171122,35,36,34.35,35.55,1789,110460000
ADANIPOWER-II,20171122,35.3,36.1,34.6,35.8,185,9660000
ADANIPOWER-III,20171122,0,0,0,33.35,0,20000
AJANTPHARM-I,20171122,1357.3,1363.45,1336.2,1347.3,1288,1004400
AJANTPHARM-II,20171122,1364.6,1364.6,1349.05,1351.75,79,43600
AJANTPHARM-III,20171122,1352.3,1352.3,1352.3,1352.3,1,1500
ALBK-I,20171122,78.25,79.25,76.4,78.5,985,14410000
ALBK-II,20171122,78.35,79.6,76.85,78.95,57,1500000
ALBK-III,20171122,77.9,77.9,77.9,77.9,1,10000
AMARAJABAT-I,20171122,806.15,806.15,787,789.95,1388,2040600
AMARAJABAT-II,20171122,808.5,809,791.65,793.65,181,148200
AMARAJABAT-III,20171122,0,0,0,800.05,0,4200
AMBUJACEM-I,20171122,264.1,267.8,262.8,267.05,1443,9320000
AMBUJACEM-II,20171122,266.45,269.2,264.4,268.4,92,432500
AMBUJACEM-III,20171122,267,267,267,267,2,5000
ANDHRABANK-I,20171122,64.1,64.95,63.05,64.6,1157,23130000
ANDHRABANK-II,20171122,64.45,65.2,63.5,65.05,124,2020000
ANDHRABANK-III,20171122,65,65.5,65,65.5,2,20000
APOLLOHOSP-I,20171122,1108.65,1145,1105.75,1138.7,3878,2664500
APOLLOHOSP-II,20171122,1112.35,1145,1109.45,1141,258,114000
APOLLOHOSP-III,20171122,1123,1123,1123,1123,1,1500
APOLLOTYRE-I,20171122,248.65,250,243.6,248,4308,13584000
APOLLOTYRE-II,20171122,248.5,251.15,245.1,249.3,206,735000
APOLLOTYRE-III,20171122,0,0,0,237.65,0,3000
ARVIND-I,20171122,431,437.6,430.75,433.5,2804,6210000
ARVIND-II,20171122,433.85,439.35,432.75,435.8,72,400000
ARVIND-III,20171122,0,0,0,435,0,12000
ASHOKLEY-I,20171122,114.85,114.85,111.1,113.55,4853,56742000
ASHOKLEY-II,20171122,115.05,115.2,111.7,114.1,788,8554000
ASHOKLEY-III,20171122,115.65,115.65,113,114.5,11,315000
ASIANPAINT-I,20171122,1170.45,1177.7,1157,1174,2149,2769000
ASIANPAINT-II,20171122,1176.8,1182.1,1163.3,1179.1,162,223200
ASIANPAINT-III,20171122,0,0,0,1210.15,0,0
AUROPHARMA-I,20171122,712.45,713.7,695.05,700.7,6834,19402400
AUROPHARMA-II,20171122,716.1,716.85,698.7,704.25,1858,2180800
AUROPHARMA-III,20171122,713.65,713.65,710.4,711,4,32000
AXISBANK-I,20171122,546.45,547.8,540.7,542.2,7082,43005600
AXISBANK-II,20171122,548,549.1,543.6,544.85,547,2997600
AXISBANK-III,20171122,551.15,551.15,547,547.15,11,168000
BAJAJ-AUTO-I,20171122,3324.15,3349.9,3312,3317.35,3189,1687250
BAJAJ-AUTO-II,20171122,3330,3365,3328.75,3332.65,220,85000
BAJAJ-AUTO-III,20171122,0,0,0,3335.75,0,0
BAJAJFINSV-I,20171122,5218.5,5227.15,5156,5179.5,655,752250
BAJAJFINSV-II,20171122,5225.15,5243.6,5187.8,5219.5,46,31500
BAJAJFINSV-III,20171122,0,0,0,5061.4,0,0
BAJFINANCE-I,20171122,1813.55,1813.55,1773,1780.25,3627,5633500
BAJFINANCE-II,20171122,1815,1816,1781.9,1789.2,541,412500
BAJFINANCE-III,20171122,1792.4,1792.4,1792.4,1792.4,1,4000
BALKRISIND-I,20171122,2117.55,2157.4,2089.95,2131.4,1369,485200
BALKRISIND-II,20171122,2119.65,2156.8,2097.05,2132.3,17,26000
BALKRISIND-III,20171122,0,0,0,2109.85,0,400
BALRAMCHIN-I,20171122,162.6,163.6,159,159.95,1195,13702500
BALRAMCHIN-II,20171122,163.4,163.9,160,160.9,474,2569000
BALRAMCHIN-III,20171122,0,0,0,158,0,66500
BANKBARODA-I,20171122,182,184.4,177,181.2,10499,48590500
BANKBARODA-II,20171122,182.7,185.15,178.8,182.3,754,3850000
BANKBARODA-III,20171122,181.65,184.5,181.65,184.5,7,40000
BANKINDIA-I,20171122,202.65,206,198.6,203.15,3993,14520000
BANKINDIA-II,20171122,203.45,206,199.45,203.25,150,1092000
BANKINDIA-III,20171122,203,204.65,203,204.65,2,30000
BATAINDIA-I,20171122,777.8,794.4,746,749.45,9763,2784100
BATAINDIA-II,20171122,784.5,798.05,750,752.95,433,294800
BATAINDIA-III,20171122,792,792,755,755,4,7700
BEL-I,20171122,178.45,182.2,177.95,180.8,2375,22438350
BEL-II,20171122,179.45,183,179,181.8,170,1366200
BEL-III,20171122,181,181,181,180.9,2,59400
BEML-I,20171122,1647.2,1649.35,1618.1,1629.25,1320,2337600
BEML-II,20171122,1655.05,1655.05,1627.95,1638.05,124,96900
BEML-III,20171122,0,0,0,1696,0,300
BERGEPAINT-I,20171122,248.5,252.45,247.8,250.45,352,1755600
BERGEPAINT-II,20171122,250,252.5,248.95,252,21,68200
BERGEPAINT-III,20171122,0,0,0,254.35,0,2200
BHARATFIN-I,20171122,979.1,983.8,961.35,964.2,1851,11262000
BHARATFIN-II,20171122,988.75,988.75,966.8,969.65,290,1196000
BHARATFIN-III,20171122,0,0,0,996.95,0,3000
BHARATFORG-I,20171122,717.05,717.65,705.4,712.25,1545,6472800
BHARATFORG-II,20171122,718.5,718.5,709.5,716,161,472800
BHARATFORG-III,20171122,718,718,718,718,3,9600
BHARTIARTL-I,20171122,506.7,508.8,497.15,500.95,5928,41316800
BHARTIARTL-II,20171122,508.5,510,499.9,503.5,1601,5040500
BHARTIARTL-III,20171122,506,510.05,505.85,510.05,5,120700
BHEL-I,20171122,88.1,89.3,86.1,89,3025,44310000
BHEL-II,20171122,88.65,89.8,86.6,89.35,522,6030000
BHEL-III,20171122,87.2,87.2,87.2,87.2,1,127500
BIOCON-I,20171122,416.7,421,407,410.25,2588,7410600
BIOCON-II,20171122,421.15,421.15,407.35,410.65,442,1971000
BIOCON-III,20171122,413.85,413.85,410,410,5,39600
BOSCHLTD-I,20171122,19425,19444,19026,19059.9,734,111400
BOSCHLTD-II,20171122,19430.25,19430.25,19135,19163.05,133,7375
BOSCHLTD-III,20171122,0,0,0,21366.55,0,0
BPCL-I,20171122,512.9,513.35,502.95,506.75,2178,11268000
BPCL-II,20171122,510.5,510.55,502.4,505.55,132,514800
BPCL-III,20171122,509.7,509.7,505.3,505.3,2,66600
BRITANNIA-I,20171122,4833.95,4840.6,4761.6,4788.6,589,804400
BRITANNIA-II,20171122,4836.05,4836.05,4788.65,4802,17,16000
BRITANNIA-III,20171122,0,0,0,4678.05,0,0
CADILAHC-I,20171122,452.5,452.5,441.3,443.95,892,4790400
CADILAHC-II,20171122,455,455,444.25,446.3,178,502400
CADILAHC-III,20171122,0,0,0,448.1,0,1600
CANBK-I,20171122,395.5,402.65,389.3,400.55,8492,10905024
CANBK-II,20171122,396.7,403.5,391,401.6,287,696984
CANBK-III,20171122,391.45,403,390.15,403,3,16000
CANFINHOME-I,20171122,464.25,469.4,456.3,466.1,865,4186250
CANFINHOME-II,20171122,466.7,471.5,460,468.7,148,393750
CANFINHOME-III,20171122,0,0,0,506.5,0,0
CAPF-I,20171122,712.4,717.5,699.3,703.75,936,3825600
CAPF-II,20171122,716.05,720.6,704,708.2,67,156800
CAPF-III,20171122,0,0,0,699.95,0,800
CASTROLIND-I,20171122,392,393,387.25,388.2,1177,12976600
CASTROLIND-II,20171122,393.95,395.05,389,389.7,323,1066800
CASTROLIND-III,20171122,400.05,400.05,393,393,7,19600
CEATLTD-I,20171122,1849.55,1855.5,1822.2,1837.95,4115,1691550
CEATLTD-II,20171122,1853,1853,1830.65,1847.9,95,71750
CEATLTD-III,20171122,0,0,0,1800,0,1050
CENTURYTEX-I,20171122,1341,1347.5,1323.6,1330.7,1635,7213250
CENTURYTEX-II,20171122,1350.35,1350.35,1331.85,1339,102,123750
CENTURYTEX-III,20171122,0,0,0,1383.45,0,550
CESC-I,20171122,1027.95,1054.4,1027.95,1036.8,7341,4706350
CESC-II,20171122,1040.2,1059.1,1035.3,1041.7,307,221650
CESC-III,20171122,0,0,0,1036.45,0,1100
CGPOWER-I,20171122,85.65,86.5,84.1,86.1,489,25920000
CGPOWER-II,20171122,85.75,86.95,84.65,86.6,44,2232000
CGPOWER-III,20171122,0,0,0,83.5,0,0
CHENNPETRO-I,20171122,419.5,420.85,410.9,416.5,700,2008500
CHENNPETRO-II,20171122,420.5,420.5,412.75,419.3,50,138000
CHENNPETRO-III,20171122,0,0,0,450,0,6000
CHOLAFIN-I,20171122,1307.85,1307.85,1278,1282.65,478,482500
CHOLAFIN-II,20171122,1305,1305,1285.7,1288,9,7500
CHOLAFIN-III,20171122,0,0,0,1131.5,0,0
CIPLA-I,20171122,619,626.6,615.1,619.65,2853,8107000
CIPLA-II,20171122,622.55,629.2,618.2,622.55,175,292000
CIPLA-III,20171122,0,0,0,620,0,1000
COALINDIA-I,20171122,274.85,276,271.2,271.7,2602,22074500
COALINDIA-II,20171122,275.75,276.5,272.1,272.45,283,1795200
COALINDIA-III,20171122,271.55,272.5,270.65,270.65,3,413600
COLPAL-I,20171122,1046.25,1051.6,1035,1037.3,398,1397200
COLPAL-II,20171122,1056.9,1056.9,1041,1041.45,21,50400
COLPAL-III,20171122,0,0,0,1071.45,0,0
CONCOR-I,20171122,1363,1369.95,1353.4,1357.3,624,1210625
CONCOR-II,20171122,1367.15,1369.05,1367.15,1369.05,2,30625
CONCOR-III,20171122,0,0,0,1390,0,0
CUMMINSIND-I,20171122,854,871.5,851.4,869.2,678,827400
CUMMINSIND-II,20171122,859,876.1,856.95,873.25,66,63000
CUMMINSIND-III,20171122,0,0,0,922.2,0,0
DABUR-I,20171122,340.7,342,337.95,339.95,507,11785000
DABUR-II,20171122,342.5,342.5,339.7,342,15,225000
DABUR-III,20171122,0,0,0,327.95,0,0
DALMIABHA-I,20171122,3035,3054.7,2961,2975.55,443,505200
DALMIABHA-II,20171122,3021.85,3021.85,2987,2992.4,17,11100
DALMIABHA-III,20171122,0,0,0,2873.65,0,0
DCBBANK-I,20171122,181.85,181.85,177.5,179.25,684,5296500
DCBBANK-II,20171122,181.75,181.75,179,180.3,81,540000
DCBBANK-III,20171122,0,0,0,180.65,0,13500
DHFL-I,20171122,625.05,634.2,620.4,622.2,885,29925000
DHFL-II,20171122,633,633,626.35,626.65,24,691500
DHFL-III,20171122,0,0,0,650.6,0,241500
DISHTV-I,20171122,76.8,77.25,76.2,76.9,425,25298000
DISHTV-II,20171122,77.25,77.5,76.5,77.2,22,2051000
DISHTV-III,20171122,0,0,0,78.1,0,0
DIVISLAB-I,20171122,1045.7,1049.35,1020.3,1026.6,1692,3540800
DIVISLAB-II,20171122,1050.4,1050.4,1026.55,1032.75,83,164000
DIVISLAB-III,20171122,0,0,0,1030,0,5600
DLF-I,20171122,223.95,225.6,218.75,219.95,2659,39530000
DLF-II,20171122,223.6,226.5,220,221.05,108,2625000
DLF-III,20171122,0,0,0,229.35,0,110000
DRREDDY-I,20171122,2393.65,2397.25,2344.5,2366.65,4808,4084400
DRREDDY-II,20171122,2408.7,2408.7,2358.55,2378.55,690,978000
DRREDDY-III,20171122,2382.7,2382.7,2382.7,2382.7,1,4250
EICHERMOT-I,20171122,30652.7,30691.65,30250.45,30290.2,857,171700
EICHERMOT-II,20171122,30700,30705.5,30401.05,30433.2,234,11400
EICHERMOT-III,20171122,0,0,0,31000,0,75
ENGINERSIN-I,20171122,184.05,185.4,181.4,182.1,1437,17584000
ENGINERSIN-II,20171122,185.75,185.75,182.35,183.25,148,1263500
ENGINERSIN-III,20171122,186,186.3,186,186.25,3,42000
EQUITAS-I,20171122,146.55,148,145,145.55,1211,15939200
EQUITAS-II,20171122,147.6,148.5,145.6,146.25,139,1116800
EQUITAS-III,20171122,0,0,0,149.4,0,35200
ESCORTS-I,20171122,699.2,704.6,690.5,695.8,1957,4439600
ESCORTS-II,20171122,701,708,694,699.45,225,345400
ESCORTS-III,20171122,0,0,0,737.9,0,1100
EXIDEIND-I,20171122,204.15,204.5,201.4,203,1012,20004000
EXIDEIND-II,20171122,204.85,205.05,202.6,204.1,180,1192000
EXIDEIND-III,20171122,0,0,0,204.8,0,4000
FEDERALBNK-I,20171122,112.8,113.5,110.55,113.1,3223,74970500
FEDERALBNK-II,20171122,113.4,114,111,113.55,596,6369000
FEDERALBNK-III,20171122,113.5,114.35,112.15,113.95,17,577500
FORTIS-I,20171122,128.15,128.5,123.5,125.55,5009,46631700
FORTIS-II,20171122,129.5,129.5,124.4,126.25,1075,5167800
FORTIS-III,20171122,126.1,128.4,126.1,127.1,5,115500
GAIL-I,20171122,460.95,469.3,456.25,468.1,3056,16702000
GAIL-II,20171122,462.4,469.6,457.5,468.6,209,678000
GAIL-III,20171122,461.35,467.5,461.35,467.5,3,28000
GLENMARK-I,20171122,593.85,599.3,589.45,591.95,1915,7540400
GLENMARK-II,20171122,598,602.8,593,595.25,420,778400
GLENMARK-III,20171122,600,600,600,600,1,5400
GMRINFRA-I,20171122,17.4,17.4,16.9,17,601,294480000
GMRINFRA-II,20171122,17.4,17.4,17,17.1,82,29205000
GMRINFRA-III,20171122,17.4,17.4,17.3,17.3,2,1035000
GODFRYPHLP-I,20171122,1038.7,1048,1030.05,1036.15,621,563500
GODFRYPHLP-II,20171122,1049.1,1053.8,1038.1,1038.1,15,13000
GODFRYPHLP-III,20171122,0,0,0,1045,0,2500
GODREJCP-I,20171122,953,960,950.5,956.25,342,2511200
GODREJCP-II,20171122,955.75,963.35,955.25,960.1,15,68000
GODREJCP-III,20171122,0,0,0,937.8,0,0
GODREJIND-I,20171122,564.1,566.35,551.4,557.85,1350,4192500
GODREJIND-II,20171122,568.5,568.5,555.45,560.65,204,537000
GODREJIND-III,20171122,0,0,0,579.8,0,0
GRANULES-I,20171122,126.5,126.5,124.6,125,775,19150000
GRANULES-II,20171122,126.6,127,125.45,125.8,123,1555000
GRANULES-III,20171122,0,0,0,128.1,0,30000
GRASIM-I,20171122,1174.45,1207,1170.2,1199.2,2367,3281250
GRASIM-II,20171122,1180,1211.25,1179.9,1204,135,141750
GRASIM-III,20171122,0,0,0,1202.45,0,3000
GSFC-I,20171122,139.95,141,138.2,138.9,841,23967000
GSFC-II,20171122,139.8,141.1,139.1,139.5,73,936000
GSFC-III,20171122,0,0,0,141.5,0,22500
HAVELLS-I,20171122,506.85,508.15,498.95,501.9,941,5106000
HAVELLS-II,20171122,510,510.85,502,504.1,140,338000
HAVELLS-III,20171122,505,505,505,505,1,8000
HCC-I,20171122,38.2,38.25,37.2,37.4,306,28836000
HCC-II,20171122,38.2,38.3,37.5,37.65,72,2184000
HCC-III,20171122,0,0,0,37.65,0,30000
HCLTECH-I,20171122,843.85,846.75,837.5,843.75,1795,9478700
HCLTECH-II,20171122,849.4,849.5,841.15,847.55,199,325500
HCLTECH-III,20171122,0,0,0,865.8,1,2100
HDFC-I,20171122,1700,1727.85,1699.85,1718.7,6656,10358500
HDFC-II,20171122,1714.05,1735,1713.25,1726.6,671,903500
HDFC-III,20171122,1725.45,1734.4,1725.45,1734.4,4,31500
HDFCBANK-I,20171122,1854.55,1861,1846.6,1853.1,8528,18730000
HDFCBANK-II,20171122,1853.15,1864.5,1850.25,1856.6,1609,2181500
HDFCBANK-III,20171122,1860.9,1862.75,1860.65,1860.65,3,7000
HDIL-I,20171122,62.95,63.7,60.95,61.3,874,29504000
HDIL-II,20171122,63.5,63.55,61.5,61.5,60,2664000
HDIL-III,20171122,0,0,0,66,0,117000
HEROMOTOCO-I,20171122,3745.55,3745.6,3660.15,3673.1,1750,1473400
HEROMOTOCO-II,20171122,3714.9,3714.9,3679.4,3688.9,148,68200
HEROMOTOCO-III,20171122,0,0,0,3810.65,0,0
HEXAWARE-I,20171122,338.75,339.35,331.6,332.9,890,2859000
HEXAWARE-II,20171122,338.1,338.1,332.2,333.5,41,168000
HEXAWARE-III,20171122,0,0,0,289.05,0,0
HINDALCO-I,20171122,263.35,264.8,257.8,258.75,4723,42315000
HINDALCO-II,20171122,264.15,264.5,259,259.6,270,1809500
HINDALCO-III,20171122,266,266,261.1,261.1,13,87500
HINDPETRO-I,20171122,421.25,422,413.25,420.05,3715,29183175
HINDPETRO-II,20171122,421.4,422.15,415,421.25,528,2663325
HINDPETRO-III,20171122,420.5,420.5,415,418.4,9,61425
HINDUNILVR-I,20171122,1275,1279.4,1266.25,1275.1,1727,8889600
HINDUNILVR-II,20171122,1282,1284.7,1273.25,1281.1,203,410400
HINDUNILVR-III,20171122,0,0,0,1294,0,0
HINDZINC-I,20171122,320.65,321,313.5,315.1,722,6614400
HINDZINC-II,20171122,319.7,319.7,315.8,316.85,63,480000
HINDZINC-III,20171122,0,0,0,306,0,19200
IBREALEST-I,20171122,225.25,228.5,211.85,213.2,9190,38610000
IBULHSGFIN-I,20171122,1183.7,1189.9,1166,1179.65,6836,11934000
IBULHSGFIN-II,20171122,1190,1194.5,1172.35,1183.8,747,458000
IBULHSGFIN-III,20171122,1180.5,1188.85,1180.5,1180,6,13200
ICICIBANK-I,20171122,320,322.8,318.55,319.25,7812,81246000
ICICIBANK-II,20171122,321.05,323.75,319.85,320.4,654,9820250
ICICIBANK-III,20171122,323.4,324.65,322.05,322.25,7,176000
ICICIPRULI-I,20171122,397.6,401.6,394.4,395.55,1363,6927700
ICICIPRULI-II,20171122,399.75,403.9,397,397.85,174,479700
ICICIPRULI-III,20171122,0,0,0,407.75,0,7800
ICIL-I,20171122,123,125,120.5,122.45,438,10724000
ICIL-II,20171122,123.8,124.3,123.8,124.3,4,192500
ICIL-III,20171122,0,0,0,122.7,0,0
IDBI-I,20171122,60.4,62.1,59.7,61.9,1100,20704000
IDBI-II,20171122,61.05,62.3,60.05,62.25,62,2256000
IDBI-III,20171122,60.75,60.75,60.75,60.75,1,110000
IDEA-I,20171122,102.8,103.45,97.75,98.7,4463,62580000
IDEA-II,20171122,103.5,103.5,98.1,99.25,351,2275000
IDEA-III,20171122,103,103,100,100,4,98000
IDFC-I,20171122,61.2,61.45,60.35,60.9,999,138824400
IDFC-II,20171122,61.6,61.8,60.7,61.2,361,10599600
IDFC-III,20171122,61.5,61.5,61.1,61.1,2,118800
IDFCBANK-I,20171122,55.05,55.35,54.7,55,948,114804000
IDFCBANK-II,20171122,55.35,55.55,55,55.3,520,14733000
IDFCBANK-III,20171122,0,0,0,55.8,0,270000
IFCI-I,20171122,24.25,25.15,24,24.9,1453,78430000
IFCI-II,20171122,24.4,25.25,24.2,25.05,174,10648000
IFCI-III,20171122,25.1,25.1,25.1,25.1,1,132000
IGL-I,20171122,308.65,309.95,298.25,306.7,2289,5271750
IGL-II,20171122,309.5,310.35,301,308.25,153,382250
IGL-III,20171122,0,0,0,303.5,0,24750
INDIACEM-I,20171122,172.6,178.9,171.55,176.85,3319,27681500
INDIACEM-II,20171122,174.5,179.8,172.8,178.3,301,1400000
INDIACEM-III,20171122,0,0,0,172.9,0,24500
INDIANB-I,20171122,413.4,419.95,406,416.95,2377,4034000
INDIANB-II,20171122,411.75,420.95,407.8,417.8,122,248000
INDIANB-III,20171122,412,420.1,412,420.1,5,26000
INDIGO-I,20171122,1178.15,1179.2,1162.3,1167.25,584,2298000
INDIGO-II,20171122,1178.5,1179.05,1170.05,1171,43,83400
INDIGO-III,20171122,1199,1199,1199,1199,1,1200
INDUSINDBK-I,20171122,1654.95,1663.6,1624.2,1630.8,5492,5945700
INDUSINDBK-II,20171122,1662,1666.35,1627.05,1634.1,749,473400
INDUSINDBK-III,20171122,0,0,0,1662,0,1800
INFIBEAM-I,20171122,179.45,181.65,176.8,179.1,351,33004000
INFIBEAM-II,20171122,179.75,179.8,178.4,179.85,181,13000000
INFIBEAM-III,20171122,0,0,0,181.35,0,12000
INFRATEL-I,20171122,386.7,387.4,375.15,378.3,1765,12326700
INFRATEL-II,20171122,387.5,387.5,376.7,379.7,169,413100
INFRATEL-III,20171122,0,0,0,373.25,0,20400
INFY-I,20171122,967,972.5,964.3,966.8,4803,30768000
INFY-II,20171122,973.2,975.95,968.85,971.25,1301,7830500
INFY-III,20171122,977.9,977.9,972.95,974.65,23,70200
IOC-I,20171122,397.95,399.15,391.55,396.1,2457,19003500
IOC-II,20171122,400.4,400.4,393,396.9,303,1033500
IOC-III,20171122,398,398,398,398,4,132000
IRB-I,20171122,231,233.85,229.85,232.1,1160,15567500
IRB-II,20171122,232.15,235,231.5,233.1,192,1047500
IRB-III,20171122,233,234,233,234,3,5000
ITC-I,20171122,256.8,258.75,256,258.35,4695,76308000
ITC-II,20171122,258,260.15,257.7,259.55,1008,7048800
ITC-III,20171122,259.1,261.05,259.1,260.5,26,338400
JETAIRWAYS-I,20171122,663.9,686.95,662.65,671.6,7841,6216000
JETAIRWAYS-II,20171122,669.95,690,668,674.9,846,820800
JETAIRWAYS-III,20171122,0,0,0,605.25,0,0
JINDALSTEL-I,20171122,173.75,177.2,170.3,174.1,4330,32998500
JINDALSTEL-II,20171122,174.3,177.95,171.5,175.05,223,1345500
JINDALSTEL-III,20171122,175.25,176.25,175.25,176.25,2,58500
JISLJALEQS-I,20171122,115.6,115.6,112.35,113.75,1211,48501000
JISLJALEQS-II,20171122,116.1,116.1,113,114.4,46,4266000
JISLJALEQS-III,20171122,0,0,0,116.25,0,36000
JPASSOCIAT-I,20171122,18.85,20.2,17.75,19.3,1770,178228000
JPASSOCIAT-II,20171122,18.45,20.05,18.45,19.6,44,11458000
JPASSOCIAT-III,20171122,18.75,18.75,18.75,18.75,1,272000
JSWENERGY-I,20171122,80.1,80.3,78,78.6,1263,54366000
JSWENERGY-II,20171122,80.45,80.45,79.4,79.3,943,11585500
JSWENERGY-III,20171122,0,0,0,85.05,0,0
JSWSTEEL-I,20171122,270.65,272,265.7,269.65,2133,46488000
JSWSTEEL-II,20171122,270.4,271.85,267.05,271.1,324,5361000
JSWSTEEL-III,20171122,0,0,0,277.25,0,3000
JUBLFOOD-I,20171122,1737.9,1739.4,1710.3,1730.55,1649,1267500
JUBLFOOD-II,20171122,1742,1742,1720,1737.9,114,118000
JUBLFOOD-III,20171122,0,0,0,1739.2,0,9000
JUSTDIAL-I,20171122,538.75,543.7,524,529.3,843,2935200
JUSTDIAL-II,20171122,540,541,530.7,531.4,22,222000
JUSTDIAL-III,20171122,0,0,0,544.4,0,9800
KAJARIACER-I,20171122,731.9,735,717,720.75,944,1905600
KAJARIACER-II,20171122,733.95,733.95,721.15,724.8,41,87200
KAJARIACER-III,20171122,0,0,0,750.95,0,800
KOTAKBANK-I,20171122,1036.4,1037.8,1021.15,1027.1,2752,8527200
KOTAKBANK-II,20171122,1041.6,1041.6,1025.45,1031.05,392,848800
KOTAKBANK-III,20171122,1035.25,1035.25,1035.2,1035.2,2,7200
KPIT-I,20171122,173.15,174.2,168.45,171.9,1133,10812000
KPIT-II,20171122,173.05,173.2,169.3,171.2,30,284000
KPIT-III,20171122,0,0,0,139.6,0,0
KSCL-I,20171122,538.9,566.95,538.9,562.3,414,3721500
KSCL-II,20171122,565,568,552,564.1,33,151500
KSCL-III,20171122,0,0,0,585.9,0,0
KTKBANK-I,20171122,160.2,160.25,155.15,158.7,1959,23187600
KTKBANK-II,20171122,160.95,160.95,156.65,159.5,203,1136200
KTKBANK-III,20171122,160.05,160.05,160.05,160.05,2,26600
L&TFH-I,20171122,180.45,180.5,177.2,178.75,3800,45189000
L&TFH-II,20171122,180.7,181.3,178,179.75,491,9103500
L&TFH-III,20171122,181,181,179.5,181,6,90000
LICHSGFIN-I,20171122,604.45,605.2,595.1,599.8,2506,13477200
LICHSGFIN-II,20171122,607.8,608.85,598.5,602.95,350,3155900
LICHSGFIN-III,20171122,605.85,605.85,605.85,605.85,3,9900
LT-I,20171122,1224.45,1232.9,1217.5,1224,5731,13735500
LT-II,20171122,1235.3,1237.55,1223,1229.4,841,1114500
LT-III,20171122,1236.25,1248.55,1234,1234,6,24000
LUPIN-I,20171122,842.35,844.45,828.5,830.1,5037,11162000
LUPIN-II,20171122,845.05,848,833,834.4,1196,1622000
LUPIN-III,20171122,841.3,847,839,840.65,13,116400
M&M-I,20171122,1422.1,1446.9,1422.1,1435.4,3214,4504000
M&M-II,20171122,1430,1450,1430,1439.05,361,363000
M&M-III,20171122,1452.85,1452.85,1448,1448,3,3500
M&MFIN-I,20171122,436,441.15,431,434.35,1779,7247500
M&MFIN-II,20171122,440.95,441,434.2,436.1,67,112500
M&MFIN-III,20171122,0,0,0,445.5,0,1250
MANAPPURAM-I,20171122,102.35,105.8,100.8,104,3174,39108000
MANAPPURAM-II,20171122,103.5,106.35,101.5,104.55,151,1656000
MANAPPURAM-III,20171122,103.8,103.8,103.8,103.8,1,78000
MARICO-I,20171122,306.25,307.25,301.75,303.9,398,6695000
MARICO-II,20171122,306.35,306.35,303.3,304.8,45,143000
MARICO-III,20171122,300,307.95,300,304.65,3,2600
MARUTI-I,20171122,8455.3,8525,8444.85,8514.3,8951,1656825
MARUTI-II,20171122,8483.7,8562.65,8483.65,8551.85,868,125475
MARUTI-III,20171122,8550,8595,8539.95,8592.75,31,12000
MCDOWELL-N-I,20171122,3237.25,3337.7,3201.95,3311.65,7273,2121500
MCDOWELL-N-II,20171122,3278.9,3350.8,3222.4,3327.65,269,57500
MCDOWELL-N-III,20171122,0,0,0,3194.7,1,3250
MCX-I,20171122,965.1,969.95,953.1,956.95,700,2411000
MCX-II,20171122,971,974.95,959,961.8,258,306000
MCX-III,20171122,970,970,970,970,2,2000
MFSL-I,20171122,578.45,588.4,577.4,585.8,1111,3796000
MFSL-II,20171122,585.1,590.9,581.9,590.6,21,92000
MFSL-III,20171122,0,0,0,566.1,0,1000
MGL-I,20171122,1119,1119.95,1086,1096.7,1036,1264800
MGL-II,20171122,1123,1125.45,1095.85,1101.6,87,150000
MGL-III,20171122,0,0,0,1128,0,2400
MINDTREE-I,20171122,513,522.7,512,521.15,1655,2739600
MINDTREE-II,20171122,520.85,525,515,523.3,118,216000
MINDTREE-III,20171122,517.05,517.05,517.05,517.05,1,1200
MOTHERSUMI-I,20171122,355.05,355.05,344.1,346,2024,13395000
MOTHERSUMI-II,20171122,355.15,355.2,345.85,347.4,283,1121250
MOTHERSUMI-III,20171122,0,0,0,360,0,1600
MRF-I,20171122,70656.4,70656.4,69430.15,69930.25,726,72180
MRF-II,20171122,70361.95,70400,69850.55,70365.75,45,2040
MRF-III,20171122,0,0,0,69696,0,15
MRPL-I,20171122,127.3,127.75,123.9,125.2,336,12996000
MRPL-II,20171122,127.9,128.15,125.25,125.95,50,517500
MRPL-III,20171122,0,0,0,136.55,0,0
MUTHOOTFIN-I,20171122,455,462.7,447,461.55,813,2299500
MUTHOOTFIN-II,20171122,452.55,465.55,450.2,464.25,21,51000
MUTHOOTFIN-III,20171122,0,0,0,494.2,0,0
NATIONALUM-I,20171122,82.8,83.8,81.7,81.95,1232,38608000
NATIONALUM-II,20171122,83.5,84.15,82.05,82.35,199,3048000
NATIONALUM-III,20171122,0,0,0,83.7,1,80000
NBCC-I,20171122,273.15,274.75,267.5,269.1,1381,5808000
NBCC-II,20171122,275.7,276.05,269.8,270.4,125,531000
NBCC-III,20171122,0,0,0,277,0,6000
NCC-I,20171122,113.65,114.5,108.85,109.25,3766,20792000
NCC-II,20171122,114.5,115.7,109.5,109.7,269,1608000
NCC-III,20171122,0,0,0,109.7,0,8000
NESTLEIND-I,20171122,7760,7760,7620.05,7635.75,318,160700
NESTLEIND-II,20171122,7751.15,7751.15,7669.75,7672.3,28,5100
NESTLEIND-III,20171122,0,0,0,7740,0,200
NHPC-I,20171122,27.5,27.5,27.05,27.1,270,51759000
NHPC-II,20171122,27.55,27.55,27.2,27.25,41,5292000
NHPC-III,20171122,27.45,27.45,27.3,27.3,5,486000
NIITTECH-I,20171122,634.35,650.9,631.2,640.65,494,867000
NIITTECH-II,20171122,640,645.75,635,645.75,18,21000
NIITTECH-III,20171122,0,0,0,618.8,0,0
NMDC-I,20171122,126.8,127.4,125.35,125.95,554,28710000
NMDC-II,20171122,127.95,127.95,126.1,126.65,80,2034000
NMDC-III,20171122,127.2,127.2,126.5,126.55,15,138000
NTPC-I,20171122,184,184.9,181.25,182.25,2713,35920000
NTPC-II,20171122,185.1,185.15,181.4,182.05,222,1644000
NTPC-III,20171122,184.85,184.85,184.55,184.55,12,36000
OFSS-I,20171122,3689.95,3718.8,3677.7,3706.55,84,72150
OFSS-II,20171122,3725.05,3725.05,3725,3725,3,1350
OFSS-III,20171122,0,0,0,3574.35,0,0
OIL-I,20171122,357.45,365.9,355.35,362.55,872,2698806
OIL-II,20171122,360.25,365.5,360.25,363.45,48,165418
OIL-III,20171122,365.55,365.55,364.9,364.9,8,15862
ONGC-I,20171122,181.35,182.9,180.3,181.35,3192,40811250
ONGC-II,20171122,183,183.8,181.3,182.2,411,5032500
ONGC-III,20171122,183.6,183.75,182.5,183.3,17,213750
ORIENTBANK-I,20171122,129.2,131.65,125.9,130.65,1880,15726000
ORIENTBANK-II,20171122,129.1,132.25,126.9,131.3,129,1752000
ORIENTBANK-III,20171122,0,0,0,132,0,30000
PAGEIND-I,20171122,23199.95,23245,22510,22582.95,369,33250
PAGEIND-II,20171122,22801,22801,22550,22588.3,21,2250
PAGEIND-III,20171122,0,0,0,20227.05,0,0
PCJEWELLER-I,20171122,361.5,373.8,355.55,362.25,6032,15741000
PCJEWELLER-II,20171122,365.2,375,357.7,363.9,217,460500
PCJEWELLER-III,20171122,378.1,378.1,378.1,378.1,1,10500
PEL-I,20171122,2632,2634,2597.7,2612,610,1604100
PEL-II,20171122,2628.3,2636.65,2610.35,2625.3,307,144600
PEL-III,20171122,0,0,0,2687.5,0,300
PETRONET-I,20171122,254.2,255.75,252.1,253.9,1023,15378000
PETRONET-II,20171122,256.25,256.5,253.15,254.8,70,1104000
PETRONET-III,20171122,0,0,0,270.75,0,21000
PFC-I,20171122,128.5,129.2,126.75,128.2,1770,51222000
PFC-II,20171122,128.85,129.8,127.5,128.85,144,2808000
PFC-III,20171122,128.1,128.1,128.1,128.1,2,144000
PIDILITIND-I,20171122,839.05,844.05,834.15,839.35,376,1375000
PIDILITIND-II,20171122,847,847,840,845.55,7,53000
PIDILITIND-III,20171122,0,0,0,800.8,0,0
PNB-I,20171122,187.7,193.7,184.1,189.7,13551,38927000
PNB-II,20171122,188.5,194.2,185.05,190.45,635,2443000
PNB-III,20171122,192.45,192.45,189.85,191.15,2,4000
POWERGRID-I,20171122,207.2,207.8,205.4,207.15,1898,26000000
POWERGRID-II,20171122,208.65,209,206.15,207.6,157,1476000
POWERGRID-III,20171122,207.5,207.5,207.5,207.5,3,40000
PTC-I,20171122,119.6,121.35,117.9,120.65,1013,20392000
PTC-II,20171122,120.45,121.9,118.85,121.05,84,1008000
PTC-III,20171122,0,0,0,116,0,40000
PVR-I,20171122,1336.05,1372.6,1320.35,1361.05,815,595200
PVR-II,20171122,1360,1370,1351,1358.4,14,22400
PVR-III,20171122,0,0,0,1398,0,800
RAMCOCEM-I,20171122,715,715.9,704.1,710.55,282,591200
RAMCOCEM-II,20171122,714.95,716.25,709.8,709.8,5,12800
RAMCOCEM-III,20171122,0,0,0,734.65,0,0
RAYMOND-I,20171122,978,993.4,975.1,980.05,2392,4250400
RAYMOND-II,20171122,989,997.95,981,985.45,67,98400
RAYMOND-III,20171122,0,0,0,978.9,0,1600
RBLBANK-I,20171122,515.4,515.4,506.4,507.6,1436,6091000
RBLBANK-II,20171122,517,517.9,509.55,510.6,247,654000
RBLBANK-III,20171122,0,0,0,520.7,0,10000
RCOM-I,20171122,13.7,14.3,13.7,14.15,1753,88704000
RCOM-II,20171122,14.2,14.35,13.9,14.25,486,14826000
RCOM-III,20171122,14.35,14.35,14.35,14.35,1,700000
RECLTD-I,20171122,162.7,164.3,160.7,162.3,2094,34650000
RECLTD-II,20171122,163.4,164.8,161.45,163.25,104,4284000
RECLTD-III,20171122,163.95,163.95,163.95,163.95,3,216000
RELCAPITAL-I,20171122,455.8,464.9,429.05,455.85,3407,11154750
RELCAPITAL-II,20171122,462.2,466,435.9,456.55,169,621000
RELCAPITAL-III,20171122,462,462,462,462,1,3750
RELIANCE-I,20171122,938.5,940.4,924.15,932.45,8863,40444000
RELIANCE-II,20171122,941.8,945.25,928.55,936.7,1430,3457000
RELIANCE-III,20171122,946.6,946.6,935.4,940.25,35,170000
RELINFRA-I,20171122,451.85,454.8,440.6,449.45,4741,9925500
RELINFRA-II,20171122,456.05,456.6,443.2,451.5,219,978900
RELINFRA-III,20171122,0,0,0,446.25,0,9100
REPCOHOME-I,20171122,622.95,625.6,615.05,620.05,191,969500
REPCOHOME-II,20171122,618,625.7,618,623.8,13,47600
REPCOHOME-III,20171122,0,0,0,627.85,0,0
RNAVAL-I,20171122,44.15,44.4,42.65,44.1,229,11916000
RNAVAL-II,20171122,44.2,44.6,43.05,44.25,25,1233000
RNAVAL-III,20171122,0,0,0,42.55,0,54000
RPOWER-I,20171122,38.4,38.55,37.75,38.45,465,58104000
RPOWER-II,20171122,38.6,38.75,38.05,38.65,98,7956000
RPOWER-III,20171122,38.45,38.9,38.45,38.9,2,598000
SAIL-I,20171122,83.6,83.6,81.6,82.05,2590,71640000
SAIL-II,20171122,83.5,83.6,82,82.4,283,6948000
SAIL-III,20171122,82.9,83.5,82.65,82.8,7,192000
SBIN-I,20171122,331.75,340.9,328.3,335.95,24957,63138000
SBIN-II,20171122,333.75,342.3,330,337.65,1411,6531000
SBIN-III,20171122,334,342.45,332,339.6,21,324000
SHREECEM-I,20171122,17170,17400,17053.1,17163.7,407,51300
SHREECEM-II,20171122,17300.05,17452.95,17205,17233.75,42,2000
SHREECEM-III,20171122,0,0,0,19463.85,0,0
SIEMENS-I,20171122,1206.85,1222,1189.8,1193.15,1619,1091500
SIEMENS-II,20171122,1213.25,1226.55,1197,1199.05,68,70500
SIEMENS-III,20171122,1219.3,1219.3,1219.3,1219.3,1,500
SOUTHBANK-I,20171122,31.55,31.55,31.05,31.35,762,168687690
SOUTHBANK-II,20171122,31.75,31.8,31.25,31.55,56,10339992
SOUTHBANK-III,20171122,31.75,31.75,31.7,31.7,4,397692
SREINFRA-I,20171122,101.9,102.05,99.65,101.55,468,12650000
SREINFRA-II,20171122,102.05,102.1,100.5,102,59,775000
SREINFRA-III,20171122,0,0,0,100.1,0,5000
SRF-I,20171122,1776.45,1797.75,1756.2,1787.85,1349,998500
SRF-II,20171122,1782,1805,1770.6,1795.75,36,21500
SRF-III,20171122,0,0,0,1668.6,0,0
SRTRANSFIN-I,20171122,1273.25,1275.25,1248.65,1255.05,1502,2949000
SRTRANSFIN-II,20171122,1265,1268.65,1255.55,1260.4,70,91800
SRTRANSFIN-III,20171122,1269.4,1269.4,1269.4,1269.4,1,1200
STAR-I,20171122,832.25,838.45,826.1,830.15,2352,4681000
STAR-II,20171122,839.65,841.95,831,834.3,106,237500
STAR-III,20171122,0,0,0,837.45,0,6000
SUNPHARMA-I,20171122,540.35,546.8,531.5,537.15,14895,40452000
SUNPHARMA-II,20171122,544.4,549.25,534.35,539.75,3917,7165600
SUNPHARMA-III,20171122,540.5,550,540,542.2,17,74800
SUNTV-I,20171122,855.65,881.45,846.1,878.1,8383,6353000
SUNTV-II,20171122,856.05,885,851.5,881.4,799,599000
SUNTV-III,20171122,888,888,888,888,1,3000
SUZLON-I,20171122,13.95,14,13.7,13.75,780,414960000
SUZLON-II,20171122,14.05,14.05,13.75,13.8,229,53760000
SUZLON-III,20171122,14.05,14.05,13.95,13.95,12,4585000
SYNDIBANK-I,20171122,87.45,89.2,84.8,87.9,2051,19917000
SYNDIBANK-II,20171122,86.7,89.65,85.55,88.45,80,1449000
SYNDIBANK-III,20171122,89.85,89.85,88.65,88.65,4,81000
TATACHEM-I,20171122,740.85,751,730.5,739.25,3117,7125000
TATACHEM-II,20171122,743,754.35,736.4,743.45,127,319500
TATACHEM-III,20171122,0,0,0,739.9,0,1500
TATACOMM-I,20171122,702.95,706,693.55,695.25,1276,7795200
TATACOMM-II,20171122,702.5,708.5,698,698.75,100,730800
TATACOMM-III,20171122,0,0,0,705.65,0,3200
TATAELXSI-I,20171122,938.6,962.4,931.05,952.75,4686,2281600
TATAELXSI-II,20171122,948,967,936.1,957.55,200,177600
TATAELXSI-III,20171122,935.4,965.35,935.4,965.35,4,5600
TATAGLOBAL-I,20171122,274.75,276.35,268.65,274.55,5846,25231500
TATAGLOBAL-II,20171122,278.8,278.8,270.1,275.9,473,2502000
TATAGLOBAL-III,20171122,277,277,276,276,4,45000
TATAMOTORS-I,20171122,427.05,434.7,425.85,429.7,17481,63991500
TATAMOTORS-II,20171122,430.55,436.7,428.2,431.85,1940,7225500
TATAMOTORS-III,20171122,431.45,438.85,431.45,433.75,44,205500
TATAMTRDVR-I,20171122,244,247.4,242.9,244.35,4017,24477600
TATAMTRDVR-II,20171122,245,248.5,243.55,245.8,516,2026500
TATAMTRDVR-III,20171122,248.05,248.05,246.5,246.5,2,15000
TATAPOWER-I,20171122,92.35,93.7,90.6,93.45,3706,44478000
TATAPOWER-II,20171122,92.8,94.2,91.15,93.85,701,6174000
TATAPOWER-III,20171122,92.5,92.5,92.5,92.5,1,72000
TATASTEEL-I,20171122,715.9,718.2,708.4,712.25,8563,26265000
TATASTEEL-II,20171122,720.45,721.7,712,715.75,780,1373000
TATASTEEL-III,20171122,718.5,719,712.25,715.9,7,88000
TCS-I,20171122,2681.8,2715,2681.6,2689.95,2697,6779250
TCS-II,20171122,2707.25,2724.7,2697.2,2702.2,395,283500
TCS-III,20171122,2710,2725,2700.15,2700.15,4,7000
TECHM-I,20171122,497.85,497.85,480.5,483.7,2166,11836000
TECHM-II,20171122,498.4,498.4,483.2,485.85,241,350900
TECHM-III,20171122,0,0,0,499,0,2400
TITAN-I,20171122,819.35,827,810.8,814.05,5652,5931000
TITAN-II,20171122,824.05,830,815,817.6,292,547500
TITAN-III,20171122,828.55,828.55,828,828,3,12000
TORNTPHARM-I,20171122,1269.15,1295,1265.55,1276.8,797,635200
TORNTPHARM-II,20171122,1280,1294,1272,1280.8,18,19200
TORNTPHARM-III,20171122,0,0,0,1268.05,0,0
TORNTPOWER-I,20171122,267.9,270.15,264.65,268.7,574,6066000
TORNTPOWER-II,20171122,270.9,271.05,266.3,271.05,38,525000
TORNTPOWER-III,20171122,0,0,0,273.15,0,21000
TV18BRDCST-I,20171122,46.05,47.5,46,46.5,732,95931000
TV18BRDCST-II,20171122,47.2,47.6,46.6,46.7,29,4879000
TV18BRDCST-III,20171122,0,0,0,47,0,34000
TVSMOTOR-I,20171122,706.65,722,706.65,717.5,2592,5184000
TVSMOTOR-II,20171122,711.55,721,711.5,715.9,277,584000
TVSMOTOR-III,20171122,716.85,716.85,716.85,716.85,1,14000
UBL-I,20171122,1074.35,1117.3,1071.1,1111.95,2183,1969100
UBL-II,20171122,1088.65,1121,1078.25,1119.85,55,33600
UBL-III,20171122,1110,1110,1110,1110,1,1400
UJJIVAN-I,20171122,399.95,406.55,392.5,402.7,3047,8521200
UJJIVAN-II,20171122,403.9,407.75,395,404.8,170,267600
UJJIVAN-III,20171122,0,0,0,407.7,0,14400
ULTRACEMCO-I,20171122,4199.55,4243.3,4182.5,4238.45,1881,1268400
ULTRACEMCO-II,20171122,4200,4262.2,4200,4254.8,159,57400
ULTRACEMCO-III,20171122,0,0,0,4555.35,0,0
UNIONBANK-I,20171122,169.65,171.8,166.7,170.4,2861,15144000
UNIONBANK-II,20171122,169.55,172.65,167.75,171.45,153,1056000
UNIONBANK-III,20171122,0,0,0,171.4,0,28000
UPL-I,20171122,759.1,760,745.25,747.95,2491,13112400
UPL-II,20171122,763,764.65,749.25,751.6,231,648000
UPL-III,20171122,0,0,0,755.55,0,1200
VEDL-I,20171122,315.55,316.9,308.65,310.55,9979,41377000
VEDL-II,20171122,316,318,310.4,311.95,1056,2854250
VEDL-III,20171122,318.2,318.2,312,311,6,138250
VGUARD-I,20171122,234.4,235.5,228.45,231.9,1612,3342000
VGUARD-II,20171122,236.15,236.15,230.45,233.15,51,189000
VGUARD-III,20171122,0,0,0,235.05,0,6000
VOLTAS-I,20171122,629,630.75,616.7,624.25,2608,3288000
VOLTAS-II,20171122,622.65,626,617,624.4,144,265000
VOLTAS-III,20171122,0,0,0,629,0,16000
WIPRO-I,20171122,294.25,295.6,292.75,293.95,800,32882400
WIPRO-II,20171122,295.75,295.75,293.35,294.5,135,3631200
WIPRO-III,20171122,0,0,0,297.35,0,4800
WOCKPHARMA-I,20171122,742.45,744.95,717.05,719.85,1297,3233600
WOCKPHARMA-II,20171122,736,746.5,721.5,724,37,226400
WOCKPHARMA-III,20171122,0,0,0,703,0,2700
YESBANK-I,20171122,315.3,315.95,307.3,310.75,8595,56775250
YESBANK-II,20171122,317.2,317.2,309.05,312.3,1654,5908000
YESBANK-III,20171122,317.25,317.25,311.7,313.9,33,318500
ZEEL-I,20171122,547.75,568.25,543.8,563.85,10402,6977100
ZEEL-II,20171122,550.65,570.15,549,565.95,386,397800
ZEEL-III,20171122,0,0,0,540,0,0
