BANKNIFTY-I,20160729,19199.5,19199.5,19000.2,19049.4,48502,1727880
BANKNIFTY-II,20160729,19241,19245,19100.5,19151.95,955,52560
BANKNIFTY-III,20160729,19301.85,19301.85,19215.6,19239.3,35,880
DJIA-I,20160729,18397.5,18420,18355,18367.5,98,15390
DJIA-II,20160729,18345,18345,18345,18345,1,690
DJIA-III,20160729,0,0,0,18850,0,0
DJIA-IIII,20160729,0,0,0,18835,0,0
DJIA-IIIII,20160729,0,0,0,18965,0,0
DJIA-IIIIII,20160729,0,0,0,19047.5,0,0
FTSE100-I,20160729,0,0,0,6450,0,200
FTSE100-II,20160729,0,0,0,6637,0,0
FTSE100-III,20160729,0,0,0,6798,0,0
FTSE100-IIII,20160729,0,0,0,6570,0,0
FTSE100-IIIII,20160729,0,0,0,6728,0,0
FTSE100-IIIIII,20160729,0,0,0,6411,0,0
NIFTY-I,20160729,8708,8744.7,8668.5,8686.6,107539,22176150
NIFTY-II,20160729,8724.05,8753.95,8717.05,8735.15,3479,1675200
NIFTY-III,20160729,8754.35,8790,8726.65,8772.35,236,10650
NIFTYINFRA-I,20160729,0,0,0,2798.05,0,0
NIFTYINFRA-II,20160729,0,0,0,2896.9,0,0
NIFTYINFRA-III,20160729,0,0,0,3031.6,0,0
NIFTYIT-I,20160729,10956,10990,10903,10961,183,18800
NIFTYIT-II,20160729,0,0,0,11321,0,0
NIFTYIT-III,20160729,0,0,0,11127,0,0
NIFTYMID50-I,20160729,0,0,0,3393.3,0,0
NIFTYMID50-II,20160729,0,0,0,3555.75,0,0
NIFTYMID50-III,20160729,0,0,0,3703.5,0,0
NIFTYPSE-I,20160729,0,0,0,2987.85,0,0
NIFTYPSE-II,20160729,0,0,0,3225.75,0,0
NIFTYPSE-III,20160729,0,0,0,3479.3,0,0
S&P500-I,20160729,2163,2167.75,2160,2163,58,297750
S&P500-II,20160729,0,0,0,2150.5,0,0
S&P500-III,20160729,0,0,0,2203.75,0,0
S&P500-IIII,20160729,0,0,0,2198.25,0,0
S&P500-IIIII,20160729,0,0,0,2213.75,0,0
S&P500-IIIIII,20160729,0,0,0,2232,0,0
ABIRLANUVO-I,20160729,1442.95,1446.85,1411.8,1421.75,1334,2238000
ABIRLANUVO-II,20160729,1438.35,1438.35,1424,1424,7,9000
ABIRLANUVO-III,20160729,0,0,0,1457.55,0,0
ACC-I,20160729,1675.65,1717.55,1666.05,1690,2280,1081200
ACC-II,20160729,1681.45,1716.05,1681.45,1699.5,28,21200
ACC-III,20160729,0,0,0,1714.55,0,0
ADANIENT-I,20160729,80.55,82.75,80.5,81.25,1069,14376000
ADANIENT-II,20160729,82.3,82.65,81.9,82.65,7,64000
ADANIENT-III,20160729,0,0,0,83.75,0,0
ADANIPORTS-I,20160729,228.1,234.15,227.2,233.4,3395,25540000
ADANIPORTS-II,20160729,229.1,235.45,229.1,234.75,23,70000
ADANIPORTS-III,20160729,0,0,0,229.2,0,0
ADANIPOWER-I,20160729,28.3,28.5,28,28.1,576,102160000
ADANIPOWER-II,20160729,28.6,28.6,28.3,28.3,6,480000
ADANIPOWER-III,20160729,0,0,0,28.6,0,0
AJANTPHARM-I,20160729,1726.4,1790.4,1726.4,1780.9,1596,290800
AJANTPHARM-II,20160729,0,0,0,1674,0,400
AJANTPHARM-III,20160729,0,0,0,1753.9,0,0
ALBK-I,20160729,78.9,79.2,77.05,77.7,961,11050000
ALBK-II,20160729,78.1,78.5,78.1,78.4,7,220000
ALBK-III,20160729,79.7,79.75,79.7,79.75,2,20000
AMARAJABAT-I,20160729,904.55,948,904.55,943.3,2729,685800
AMARAJABAT-II,20160729,0,0,0,884.2,0,0
AMARAJABAT-III,20160729,0,0,0,910.25,0,0
AMBUJACEM-I,20160729,272.35,275,269.25,271.75,1405,8002500
AMBUJACEM-II,20160729,271.6,275.05,271.6,274.85,4,77500
AMBUJACEM-III,20160729,0,0,0,276.3,0,0
ANDHRABANK-I,20160729,59.7,61.45,59.2,60.35,1202,15040000
ANDHRABANK-II,20160729,59.8,61.45,59.65,60.55,18,130000
ANDHRABANK-III,20160729,0,0,0,60.55,0,0
APOLLOHOSP-I,20160729,1356.7,1373,1354.15,1367.9,362,537600
APOLLOHOSP-II,20160729,0,0,0,1360,0,2400
APOLLOHOSP-III,20160729,0,0,0,1371.55,0,0
APOLLOTYRE-I,20160729,162.85,164.15,160.2,162.65,2477,10815000
APOLLOTYRE-II,20160729,161.4,163.85,161.4,163.85,7,36000
APOLLOTYRE-III,20160729,0,0,0,167.1,0,0
ARVIND-I,20160729,306.8,312.5,305.4,307.45,2905,7822000
ARVIND-II,20160729,307.55,313.7,307.55,309.1,11,32000
ARVIND-III,20160729,0,0,0,309.4,0,0
ASHOKLEY-I,20160729,95.35,96.8,94,96.05,5087,93128000
ASHOKLEY-II,20160729,95.3,97,94.85,96.55,62,798000
ASHOKLEY-III,20160729,96,96,96,96,1,7000
ASIANPAINT-I,20160729,1132,1141.15,1110.1,1122.25,3461,3080400
ASIANPAINT-II,20160729,1135.85,1140.85,1119.35,1126.45,56,51600
ASIANPAINT-III,20160729,0,0,0,1147.75,0,0
AUROPHARMA-I,20160729,787,805,786.45,797.05,5006,12861100
AUROPHARMA-II,20160729,796.65,808.4,792.7,800.85,40,39200
AUROPHARMA-III,20160729,0,0,0,792.95,0,0
AXISBANK-I,20160729,549.35,554.45,548.05,549.8,8660,18366000
AXISBANK-II,20160729,551.75,557,551.7,552.7,263,316800
AXISBANK-III,20160729,0,0,0,553.4,0,0
BAJAJ-AUTO-I,20160729,2684.2,2742,2673.6,2720.75,2331,1454750
BAJAJ-AUTO-II,20160729,2693.05,2750.75,2693.05,2734.3,32,10750
BAJAJ-AUTO-III,20160729,0,0,0,2707,0,0
BAJFINANCE-I,20160729,10422.55,10547.95,10310.15,10428.65,2401,554625
BAJFINANCE-II,20160729,10360.05,10450,10310,10355.2,36,7875
BAJFINANCE-III,20160729,0,0,0,10497.15,0,0
BANKBARODA-I,20160729,154.5,155.95,152.1,152.55,4585,44600500
BANKBARODA-II,20160729,155.2,155.9,153.3,153.5,41,185500
BANKBARODA-III,20160729,0,0,0,157.2,0,0
BANKINDIA-I,20160729,109,110.6,108,109.45,2349,19536000
BANKINDIA-II,20160729,108,109.9,107.7,108.6,46,588000
BANKINDIA-III,20160729,0,0,0,112.6,0,0
BATAINDIA-I,20160729,587.25,611.7,585.6,608.7,3378,1775400
BATAINDIA-II,20160729,586.85,612.8,586.85,611.5,5,12100
BATAINDIA-III,20160729,0,0,0,588.75,0,0
BEL-I,20160729,1231.95,1243,1223.8,1233.2,1079,1669500
BEL-II,20160729,1218.8,1231,1218.8,1226.35,13,17550
BEL-III,20160729,0,0,0,1242.45,0,0
BEML-I,20160729,1015.25,1022,995.05,1016.45,1042,1022000
BEML-II,20160729,0,0,0,990,0,500
BEML-III,20160729,0,0,0,1021.6,0,0
BHARATFIN-I,20160729,900.25,944.8,893.3,913.55,10585,6329000
BHARATFIN-II,20160729,889.65,950,889.65,919.75,112,49000
BHARATFIN-III,20160729,0,0,0,912.25,0,0
BHARATFORG-I,20160729,747.2,764.7,745.05,758.3,4840,7382400
BHARATFORG-II,20160729,743.25,758.6,742.4,754.1,63,64200
BHARATFORG-III,20160729,0,0,0,762.6,0,0
BHARTIARTL-I,20160729,370.1,370.1,359,360.6,4289,18916500
BHARTIARTL-II,20160729,368.1,368.1,359.6,361.05,59,439500
BHARTIARTL-III,20160729,362.95,362.95,362.95,362.95,1,1500
BHEL-I,20160729,148.55,148.8,145,145.65,3842,34775000
BHEL-II,20160729,148.6,148.75,145.15,145.7,83,735000
BHEL-III,20160729,0,0,0,152.1,0,0
BIOCON-I,20160729,827.5,843.5,825,834.1,3754,3698200
BIOCON-II,20160729,833.35,846.85,832.7,837.9,42,31900
BIOCON-III,20160729,0,0,0,839.25,0,0
BOSCHLTD-I,20160729,24800,25280,24800,25187.3,606,77200
BOSCHLTD-II,20160729,25214.3,25336,25214.3,25336,3,150
BOSCHLTD-III,20160729,0,0,0,25066.95,0,0
BPCL-I,20160729,590.45,601.3,585.65,596.4,3624,15038400
BPCL-II,20160729,589.05,602.8,587.8,599.55,69,109200
BPCL-III,20160729,0,0,0,594,0,0
BRITANNIA-I,20160729,2873.9,2965.8,2859.95,2953.1,1847,1352000
BRITANNIA-II,20160729,2881,2890.05,2881,2890.05,2,3000
BRITANNIA-III,20160729,0,0,0,2915.4,0,0
CADILAHC-I,20160729,365.45,371.35,362.5,368.05,706,3648000
CADILAHC-II,20160729,368.3,371.45,368.3,371.45,2,14400
CADILAHC-III,20160729,0,0,0,368.15,0,0
CAIRN-I,20160729,194.05,194.95,190.1,192.35,1870,12677000
CAIRN-II,20160729,193.95,194.95,191,193.55,22,171500
CAIRN-III,20160729,0,0,0,198.1,0,0
CANBK-I,20160729,255.15,256.8,247.25,249.7,3434,10317000
CANBK-II,20160729,249.4,250.05,246.05,247.7,87,270000
CANBK-III,20160729,246.4,248.95,245.4,247.25,6,15000
CASTROLIND-I,20160729,436.35,444.9,434,441,1837,5737200
CASTROLIND-II,20160729,436.75,445.3,436.75,444.3,25,22400
CASTROLIND-III,20160729,0,0,0,443.6,0,0
CEATLTD-I,20160729,873.9,875,857.5,868.1,2719,2438800
CEATLTD-II,20160729,870.4,870.4,870.4,870.4,1,6300
CEATLTD-III,20160729,0,0,0,897.25,0,0
CENTURYTEX-I,20160729,704.95,717.4,697.75,703.4,3032,5794800
CENTURYTEX-II,20160729,703.5,718.5,703.5,718.35,15,18700
CENTURYTEX-III,20160729,0,0,0,712.4,0,0
CESC-I,20160729,630,631.5,615.15,619.2,751,1258400
CESC-II,20160729,625.2,625.2,625.2,625.2,1,2200
CESC-III,20160729,0,0,0,639.5,0,0
CIPLA-I,20160729,523.15,537.25,521.8,529.1,5591,10799000
CIPLA-II,20160729,523.75,539.35,523.75,530.7,49,66000
CIPLA-III,20160729,0,0,0,529.75,0,0
COALINDIA-I,20160729,331.45,335.1,328.6,330.35,1754,10820500
COALINDIA-II,20160729,332.85,332.85,328.4,330,10,119000
COALINDIA-III,20160729,0,0,0,335.75,0,0
COLPAL-I,20160729,939,940.5,933,935.25,342,2310000
COLPAL-II,20160729,0,0,0,941.7,0,1400
COLPAL-III,20160729,0,0,0,947.7,0,0
CONCOR-I,20160729,1481,1520.4,1473,1512.3,1093,423000
CONCOR-II,20160729,0,0,0,1456.3,0,0
CONCOR-III,20160729,0,0,0,1495.7,0,0
CROMPGREAV-I,20160729,78.3,79.7,77.6,78.6,894,18132000
CROMPGREAV-II,20160729,78.55,79.5,78.55,79.5,7,168000
CROMPGREAV-III,20160729,0,0,0,79.5,0,0
CUMMINSIND-I,20160729,880.1,890,869.05,871.35,220,529800
CUMMINSIND-II,20160729,876,876,867.35,867.35,5,5400
CUMMINSIND-III,20160729,0,0,0,901.05,0,0
DABUR-I,20160729,309.05,309.25,305.3,305.85,1240,5432500
DABUR-II,20160729,0,0,0,308.5,0,10000
DABUR-III,20160729,0,0,0,313,0,0
DHFL-I,20160729,226.35,226.85,223.6,224.65,1497,11373000
DHFL-II,20160729,226.15,227.7,225.65,225.65,9,54000
DHFL-III,20160729,0,0,0,227.7,0,0
DISHTV-I,20160729,95.35,104.3,95.3,103.65,9314,38381000
DISHTV-II,20160729,97.15,105,97.15,104.25,50,91000
DISHTV-III,20160729,104.3,104.3,104.3,104.3,2,14000
DIVISLAB-I,20160729,1200.05,1213.15,1200.05,1205.65,521,2090400
DIVISLAB-II,20160729,1210.85,1210.85,1210,1210,2,600
DIVISLAB-III,20160729,0,0,0,1216.4,0,0
DLF-I,20160729,163.55,166.55,161.75,162.45,6238,35050000
DLF-II,20160729,164.2,167.2,163,163.2,81,360000
DLF-III,20160729,0,0,0,164.7,0,0
DRREDDY-I,20160729,2980.7,2992.95,2947,2954.15,6219,2774800
DRREDDY-II,20160729,2965.25,3010.2,2905,2974.3,120,41400
DRREDDY-III,20160729,3000,3000,3000,3000,1,200
EICHERMOT-I,20160729,21671.6,22666.5,21605.05,22588.25,7709,178300
EICHERMOT-II,20160729,22679.95,22729.3,21976,22652.3,29,900
EICHERMOT-III,20160729,0,0,0,21468.6,0,0
ENGINERSIN-I,20160729,226.85,233.6,225.25,227.45,1148,5096000
ENGINERSIN-II,20160729,229.5,232.5,229.5,229.5,7,45500
ENGINERSIN-III,20160729,0,0,0,229.25,0,0
EXIDEIND-I,20160729,178.35,182.5,178.35,180.2,1329,8616000
EXIDEIND-II,20160729,181.4,181.4,181.1,181.1,2,12000
EXIDEIND-III,20160729,0,0,0,179.8,0,0
FEDERALBNK-I,20160729,64.2,65.9,64.2,64.9,1627,37972000
FEDERALBNK-II,20160729,65.1,65.5,64.8,65.2,9,198000
FEDERALBNK-III,20160729,0,0,0,65.95,0,0
GAIL-I,20160729,384.95,389.25,382.05,383.9,1208,6246000
GAIL-II,20160729,387.7,387.7,382.85,383.05,8,135000
GAIL-III,20160729,0,0,0,390.55,0,0
GLENMARK-I,20160729,845.85,868.5,845.85,865.55,1066,2445100
GLENMARK-II,20160729,0,0,0,813.45,0,0
GLENMARK-III,20160729,0,0,0,866.35,0,0
GMRINFRA-I,20160729,14.95,14.95,14.25,14.4,907,196020000
GMRINFRA-II,20160729,15.05,15.25,14.4,14.45,47,3600000
GMRINFRA-III,20160729,0,0,0,14.9,0,0
GODREJCP-I,20160729,1643.05,1654.95,1591,1599.6,1259,402800
GODREJCP-II,20160729,0,0,0,1636.2,0,0
GODREJCP-III,20160729,0,0,0,1663.9,0,0
GODREJIND-I,20160729,437.8,442.55,432.3,433.2,362,1269000
GODREJIND-II,20160729,0,0,0,440.1,0,7500
GODREJIND-III,20160729,0,0,0,445.5,0,0
GRANULES-I,20160729,143.75,144.9,142.3,143.15,413,10020000
GRANULES-II,20160729,145.4,145.4,145.3,145.3,2,20000
GRANULES-III,20160729,0,0,0,144.3,0,0
GRASIM-I,20160729,4859,4938.9,4859,4916.05,1034,818850
GRASIM-II,20160729,4939.2,4940,4937.6,4937.6,3,88350
GRASIM-III,20160729,0,0,0,4922.2,0,0
HAVELLS-I,20160729,383.55,393.5,382,390.85,2004,4306000
HAVELLS-II,20160729,390.1,394.75,390.1,394.75,5,4000
HAVELLS-III,20160729,0,0,0,387.15,0,0
HCLTECH-I,20160729,747.3,756.1,743.7,751.75,2034,5520900
HCLTECH-II,20160729,748,759.5,748,752.5,21,61600
HCLTECH-III,20160729,0,0,0,763.95,0,0
HDFC-I,20160729,1407.95,1414.7,1382.6,1384.35,6444,10062000
HDFC-II,20160729,1408.55,1410,1392,1393.1,83,84000
HDFC-III,20160729,0,0,0,1426.7,0,0
HDFCBANK-I,20160729,1256.15,1256.9,1242.25,1253.1,6320,30481000
HDFCBANK-II,20160729,1263.9,1263.9,1252,1261.8,164,205000
HDFCBANK-III,20160729,1269,1269,1269,1269,1,500
HDIL-I,20160729,103.05,103.85,101.5,102.35,2978,25496000
HDIL-II,20160729,102.85,103.65,102.2,102.55,16,112000
HDIL-III,20160729,103,103,103,103,1,8000
HEROMOTOCO-I,20160729,3175.5,3248.7,3175.45,3213.1,2185,768400
HEROMOTOCO-II,20160729,3216,3245,3214,3219,45,22600
HEROMOTOCO-III,20160729,0,0,0,3253.2,0,0
HEXAWARE-I,20160729,229.95,231.9,219.75,221.3,3225,6910000
HEXAWARE-II,20160729,225.5,226.9,221.15,222.4,21,24000
HEXAWARE-III,20160729,0,0,0,233.95,0,0
HINDALCO-I,20160729,135,136.4,133,134.45,2966,25186000
HINDALCO-II,20160729,135,136.1,133.05,134.05,44,406000
HINDALCO-III,20160729,0,0,0,136.6,0,0
HINDPETRO-I,20160729,1239.65,1284.9,1236,1266.65,8411,6662600
HINDPETRO-II,20160729,1237.9,1277.5,1233,1259.4,266,716100
HINDPETRO-III,20160729,0,0,0,1250.9,0,0
HINDUNILVR-I,20160729,913.85,930.05,907.6,928.45,3774,4839600
HINDUNILVR-II,20160729,917,935.35,915.05,933.5,26,21600
HINDUNILVR-III,20160729,925,925,925,925,2,1200
HINDZINC-I,20160729,207.95,209.9,204,205.15,701,4486400
HINDZINC-II,20160729,0,0,0,206.4,1,3200
HINDZINC-III,20160729,0,0,0,206.15,0,0
IBREALEST-I,20160729,95.55,96.2,92,92.7,2791,28120000
IBREALEST-II,20160729,93.8,93.8,93.8,93.8,1,30000
IBREALEST-III,20160729,0,0,0,96,0,0
IBULHSGFIN-I,20160729,759.05,774,753.8,761.05,1995,5422400
IBULHSGFIN-II,20160729,774.85,774.95,774.25,774.95,3,7200
IBULHSGFIN-III,20160729,0,0,0,784,0,0
ICICIBANK-I,20160729,271.9,272.25,263.4,264.6,18216,52077500
ICICIBANK-II,20160729,272.55,272.55,265.1,266.25,293,602500
ICICIBANK-III,20160729,268.95,268.95,268.95,268.95,1,2500
ICIL-I,20160729,871,910.2,871,906.4,296,549000
ICIL-II,20160729,0,0,0,883.5,0,600
ICIL-III,20160729,0,0,0,895,0,0
IDBI-I,20160729,70.2,70.9,69,69.3,1452,38648000
IDBI-II,20160729,69.55,70.6,68.8,69,31,624000
IDBI-III,20160729,70.15,70.35,69.3,69.3,4,32000
IDEA-I,20160729,105.25,105.8,103.8,104.65,1809,35380000
IDEA-II,20160729,104.75,105.25,103.7,104.2,22,400000
IDEA-III,20160729,0,0,0,106.9,0,0
IDFC-I,20160729,54.05,55.85,53.95,55,1434,72956400
IDFC-II,20160729,55.35,55.95,55,55,9,79200
IDFC-III,20160729,0,0,0,54.5,0,0
IFCI-I,20160729,29.55,29.6,29,29.1,570,64174000
IFCI-II,20160729,29.6,29.6,29.15,29.15,4,198000
IFCI-III,20160729,29.75,29.75,29.75,29.75,1,22000
IGL-I,20160729,641.5,653.6,638,645.65,911,1291400
IGL-II,20160729,645.8,650,643,644.95,8,5500
IGL-III,20160729,0,0,0,647.4,0,0
INDIACEM-I,20160729,123.3,126,123.1,124.15,3181,28175000
INDIACEM-II,20160729,124.7,126.55,124.4,124.4,13,147000
INDIACEM-III,20160729,0,0,0,125.4,0,0
INDUSINDBK-I,20160729,1175.8,1191.4,1175.1,1183.7,2903,3975000
INDUSINDBK-II,20160729,1184.25,1196.2,1184.25,1190.2,26,45600
INDUSINDBK-III,20160729,0,0,0,1188.75,0,0
INFRATEL-I,20160729,398.55,401.75,391.35,395,1216,4130000
INFRATEL-II,20160729,397.25,399.6,396,396,6,61600
INFRATEL-III,20160729,0,0,0,407,0,0
INFY-I,20160729,1082.5,1083.65,1071.35,1081.85,6894,14024500
INFY-II,20160729,1085.25,1090.05,1080,1088.5,129,163000
INFY-III,20160729,1089.9,1089.9,1087.9,1088,6,2500
IOC-I,20160729,539.8,551.25,535.5,545.4,6002,9034500
IOC-II,20160729,543,546,539.4,539.85,20,49500
IOC-III,20160729,0,0,0,541.6,0,0
IRB-I,20160729,217.25,219.3,216.7,218,1101,7827500
IRB-II,20160729,218.85,220.1,218.6,218.6,5,22500
IRB-III,20160729,0,0,0,219.7,0,0
ITC-I,20160729,254.85,257.2,253.2,254.15,4226,37135200
ITC-II,20160729,256.7,258.25,254.75,255.3,38,254400
ITC-III,20160729,0,0,0,258.75,0,0
JETAIRWAYS-I,20160729,593.9,626.65,593.9,624.15,11300,6715000
JETAIRWAYS-II,20160729,600.6,627.9,600.6,626.8,82,27000
JETAIRWAYS-III,20160729,0,0,0,599,0,0
JINDALSTEL-I,20160729,86.45,88.6,82.9,84.15,3090,52164000
JINDALSTEL-II,20160729,88.6,88.75,84.9,84.9,16,81000
JINDALSTEL-III,20160729,0,0,0,86.55,0,0
JISLJALEQS-I,20160729,72.2,73.05,71.2,71.45,880,47574000
JISLJALEQS-II,20160729,72.85,72.85,71.5,71.7,11,252000
JISLJALEQS-III,20160729,0,0,0,73.15,0,0
JPASSOCIAT-I,20160729,13.3,13.35,12.05,12.2,1889,140012000
JPASSOCIAT-II,20160729,13.2,13.45,12.15,12.25,14,884000
JPASSOCIAT-III,20160729,12.25,12.25,12.25,12.25,1,68000
JSWENERGY-I,20160729,81.65,84.1,81.65,83.25,1678,22672000
JSWENERGY-II,20160729,83.6,83.6,83.4,83.4,2,24000
JSWENERGY-III,20160729,0,0,0,82.5,0,0
JSWSTEEL-I,20160729,1710.95,1717,1677.3,1685.7,4386,5363400
JSWSTEEL-II,20160729,1703,1723,1688.25,1695.1,104,24000
JSWSTEEL-III,20160729,0,0,0,1713.8,0,0
JUBLFOOD-I,20160729,1229.95,1243.5,1215.6,1226.9,1587,1123500
JUBLFOOD-II,20160729,1225.5,1225.5,1222.6,1222.6,6,11000
JUBLFOOD-III,20160729,0,0,0,1241.4,0,0
JUSTDIAL-I,20160729,542.95,563.9,541,557.2,3238,2797600
JUSTDIAL-II,20160729,542.6,561.85,541.15,555.9,13,28800
JUSTDIAL-III,20160729,0,0,0,550.15,0,0
KOTAKBANK-I,20160729,754.35,768.9,752.85,766.75,4121,6622400
KOTAKBANK-II,20160729,757.55,771.9,757.55,771.25,33,113600
KOTAKBANK-III,20160729,0,0,0,763.5,0,0
KPIT-I,20160729,137.75,137.9,130.5,131.25,624,5952000
KPIT-II,20160729,137.45,138.05,131.75,132.3,18,64000
KPIT-III,20160729,0,0,0,140.4,0,0
KSCL-I,20160729,396.05,401,390.3,393.85,809,4191000
KSCL-II,20160729,0,0,0,452.3,0,0
KSCL-III,20160729,0,0,0,398.15,0,0
KTKBANK-I,20160729,154.35,157.2,146.3,147.05,4353,15936000
KTKBANK-II,20160729,156.15,157.4,147.25,147.25,31,66000
KTKBANK-III,20160729,0,0,0,155.25,0,0
L&TFH-I,20160729,87.85,88.1,85.4,85.75,2334,50076000
L&TFH-II,20160729,87.55,87.75,85.8,86.15,24,180000
L&TFH-III,20160729,88.05,88.05,85.6,85.6,2,9000
LICHSGFIN-I,20160729,513.35,520.55,509.6,517.3,3356,7342500
LICHSGFIN-II,20160729,514,523.3,514,520.05,82,74800
LICHSGFIN-III,20160729,520.6,520.6,520.6,520.6,1,1100
LT-I,20160729,1576.9,1579.9,1535.8,1551.25,15420,6279000
LT-II,20160729,1580.75,1585,1546,1559.7,227,123000
LT-III,20160729,1557.95,1557.95,1557.95,1557.95,1,500
LUPIN-I,20160729,1717.7,1760.4,1711.9,1752.05,4701,3858300
LUPIN-II,20160729,1727.25,1769.25,1727.25,1762.4,21,17400
LUPIN-III,20160729,0,0,0,1734.75,0,0
M&M-I,20160729,1467.35,1491,1460.3,1477.25,5868,5865500
M&M-II,20160729,1469.3,1497,1469.3,1487.05,41,23500
M&M-III,20160729,0,0,0,1477.9,0,0
M&MFIN-I,20160729,324.45,339.5,324.25,332.5,5114,13190000
M&MFIN-II,20160729,326.15,338.7,326.15,334,23,47500
M&MFIN-III,20160729,0,0,0,326.7,0,0
MARICO-I,20160729,285.9,287.9,282.9,286.05,383,7833800
MARICO-II,20160729,285,290.15,285,290.15,2,13000
MARICO-III,20160729,0,0,0,288.25,0,0
MARUTI-I,20160729,4775,4839.8,4740.25,4779.25,13151,2154450
MARUTI-II,20160729,4737.15,4829.65,4731.55,4771.6,64,20400
MARUTI-III,20160729,4835.7,4837.4,4783.75,4786.85,8,600
MCDOWELL-N-I,20160729,2555,2575,2460.05,2471.1,3358,2052250
MCDOWELL-N-II,20160729,2572,2572,2484.05,2489.25,17,2750
MCDOWELL-N-III,20160729,0,0,0,2576.1,0,0
MCLEODRUSS-I,20160729,205.45,210,204.2,205.85,775,3669000
MCLEODRUSS-II,20160729,0,0,0,197.35,0,0
MCLEODRUSS-III,20160729,0,0,0,207.05,0,0
MINDTREE-I,20160729,577.8,579.35,571.8,577.55,533,1975200
MINDTREE-II,20160729,576.4,576.8,576.4,576.8,2,48000
MINDTREE-III,20160729,0,0,0,592.5,0,0
MOTHERSUMI-I,20160729,330.65,334.55,328.25,331.9,1805,6602500
MOTHERSUMI-II,20160729,330.1,334,329.95,332.6,17,30000
MOTHERSUMI-III,20160729,0,0,0,333.85,0,0
MRF-I,20160729,33975,34142.6,33800,33909.3,458,54930
MRF-II,20160729,0,0,0,33672.6,0,0
MRF-III,20160729,0,0,0,34649.15,0,0
NCC-I,20160729,81.95,83.7,81.05,81.4,1068,19552000
NCC-II,20160729,82.25,83.8,81.6,81.7,15,144000
NCC-III,20160729,0,0,0,83.5,0,0
NHPC-I,20160729,25.35,25.5,25.25,25.4,129,23247000
NHPC-II,20160729,25,25.15,25,25.05,16,1620000
NHPC-III,20160729,0,0,0,25.65,0,0
NIITTECH-I,20160729,467.4,467.95,451.05,453.2,161,583000
NIITTECH-II,20160729,460,460.1,460,460.1,2,4000
NIITTECH-III,20160729,0,0,0,475.7,0,0
NMDC-I,20160729,102.6,104.2,100.4,100.75,1176,12678000
NMDC-II,20160729,103.5,103.9,103.1,103.1,6,72000
NMDC-III,20160729,0,0,0,105.05,0,0
NTPC-I,20160729,158.55,159.6,157.65,159.25,692,17336000
NTPC-II,20160729,158.1,158.95,157.7,158.35,11,92000
NTPC-III,20160729,0,0,0,161.4,0,0
OFSS-I,20160729,3725.25,3799,3670,3711.8,402,88950
OFSS-II,20160729,0,0,0,3535.2,0,300
OFSS-III,20160729,0,0,0,3789.1,0,0
OIL-I,20160729,369.8,373.65,367.3,369.65,139,766700
OIL-II,20160729,0,0,0,370,0,13600
OIL-III,20160729,0,0,0,376.8,0,0
ONGC-I,20160729,222.5,224.8,220.75,221.45,3048,30005000
ONGC-II,20160729,221,223.65,219.4,219.85,140,1822500
ONGC-III,20160729,223.3,223.3,223.3,223.3,1,2500
ORIENTBANK-I,20160729,117.85,120.35,116.05,117.55,2340,11580000
ORIENTBANK-II,20160729,118.05,120.8,117.55,118.5,18,246000
ORIENTBANK-III,20160729,120,120,118,119,7,24000
PAGEIND-I,20160729,13782.5,14490,13700.85,14425.45,514,38950
PAGEIND-II,20160729,0,0,0,14128.4,0,50
PAGEIND-III,20160729,0,0,0,13810.2,0,0
PCJEWELLER-I,20160729,427.6,433,422.3,430.55,196,430500
PCJEWELLER-II,20160729,0,0,0,420.95,0,3000
PCJEWELLER-III,20160729,0,0,0,430.3,0,0
PETRONET-I,20160729,296.65,302.6,296.65,299.85,1027,2454000
PETRONET-II,20160729,300,300,300,300,1,9000
PETRONET-III,20160729,0,0,0,302.5,0,0
PFC-I,20160729,219.25,221.45,217.8,219.15,1034,9141000
PFC-II,20160729,218.7,221,218.1,219.3,38,150000
PFC-III,20160729,0,0,0,223.15,0,0
PIDILITIND-I,20160729,763.65,772.7,732.7,735.55,4700,1871000
PIDILITIND-II,20160729,768.75,768.75,732.55,732.55,5,4000
PIDILITIND-III,20160729,0,0,0,764.75,0,0
PNB-I,20160729,128.7,129.45,123.15,123.7,10544,41146000
PNB-II,20160729,129,129,123.35,123.65,112,973000
PNB-III,20160729,0,0,0,131.2,0,0
POWERGRID-I,20160729,177.1,177.2,174.45,176.05,1319,15188000
POWERGRID-II,20160729,177.5,177.5,175.25,176,4,80000
POWERGRID-III,20160729,0,0,0,179.3,0,0
PTC-I,20160729,81.9,82.65,79.4,79.8,668,10032000
PTC-II,20160729,80,80.4,77.95,78.05,12,272000
PTC-III,20160729,0,0,0,82.6,0,0
RCOM-I,20160729,51.8,53.75,51.65,52.9,7145,124830000
RCOM-II,20160729,52.3,53.85,52.3,53.2,70,870000
RCOM-III,20160729,54,54,53.45,53.45,3,10000
RECLTD-I,20160729,213.5,215.4,211.8,212.9,2252,26985000
RECLTD-II,20160729,209.5,211.5,209,209.3,50,657000
RECLTD-III,20160729,0,0,0,215.85,0,0
RELCAPITAL-I,20160729,443.7,454.95,443.7,448.85,13183,12687000
RELCAPITAL-II,20160729,443.65,450.2,442,445.1,197,213000
RELCAPITAL-III,20160729,0,0,0,447,0,0
RELIANCE-I,20160729,1028.15,1030.75,1018.4,1022.15,9009,18964500
RELIANCE-II,20160729,1033.7,1035.1,1025.3,1028.3,148,212000
RELIANCE-III,20160729,1034.8,1034.8,1034,1034.4,2,1000
RELINFRA-I,20160729,582.45,614.5,581.25,610.65,20003,8422700
RELINFRA-II,20160729,583.45,611.2,582.55,607.85,166,131300
RELINFRA-III,20160729,0,0,0,583.9,0,0
RPOWER-I,20160729,54.5,55.75,54.5,54.75,1536,51396000
RPOWER-II,20160729,55.65,56,55,55.1,27,996000
RPOWER-III,20160729,0,0,0,55.05,0,0
SAIL-I,20160729,47.75,48.25,46.7,47.05,1414,51756000
SAIL-II,20160729,47.75,48.1,46.8,46.8,33,888000
SAIL-III,20160729,0,0,0,48.2,0,0
SBIN-I,20160729,230.4,232,228,229.1,12893,76857000
SBIN-II,20160729,230.45,232.4,228.5,229.65,477,2049000
SBIN-III,20160729,230.05,230.05,229.9,229.9,2,6000
SIEMENS-I,20160729,1330.55,1330.55,1301,1312.7,1135,940500
SIEMENS-II,20160729,1320,1326.45,1311,1318.8,51,24000
SIEMENS-III,20160729,0,0,0,1335.95,0,0
SINTEX-I,20160729,77.6,77.95,76.2,76.55,1036,22379000
SINTEX-II,20160729,77.6,78.3,76.75,77,30,301000
SINTEX-III,20160729,0,0,0,79.15,0,0
SOUTHBANK-I,20160729,21.5,21.7,21.35,21.4,183,38190000
SOUTHBANK-II,20160729,21.65,21.65,21.45,21.45,3,120000
SOUTHBANK-III,20160729,0,0,0,21.65,0,0
SRF-I,20160729,1435,1477.5,1435,1466.1,862,399500
SRF-II,20160729,0,0,0,1336.5,0,0
SRF-III,20160729,0,0,0,1451,0,0
SRTRANSFIN-I,20160729,1247.15,1329.5,1240.55,1288.35,7776,2640600
SRTRANSFIN-II,20160729,1313,1326.45,1313,1313.85,3,1800
SRTRANSFIN-III,20160729,0,0,0,1254.4,0,0
STAR-I,20160729,1146,1174.75,1146,1167.55,1180,818500
STAR-II,20160729,1158.5,1171.45,1158.5,1171.45,3,500
STAR-III,20160729,0,0,0,1157.65,0,0
SUNPHARMA-I,20160729,830.1,842.45,826.25,833.65,9499,18547800
SUNPHARMA-II,20160729,832.7,846.25,832.7,838,98,97800
SUNPHARMA-III,20160729,0,0,0,839.9,0,0
SUNTV-I,20160729,448.65,455,444.55,451.65,2706,10962000
SUNTV-II,20160729,448.05,455.35,448.05,455.35,6,32000
SUNTV-III,20160729,0,0,0,455.05,0,0
SYNDIBANK-I,20160729,76.95,78.1,75.75,76.8,1411,13662000
SYNDIBANK-II,20160729,76.45,77.95,76.45,77.1,28,126000
SYNDIBANK-III,20160729,0,0,0,77.9,0,0
TATACHEM-I,20160729,461.6,472.35,458.95,467.85,1344,3676500
TATACHEM-II,20160729,464.5,472.7,462.75,472.7,11,10500
TATACHEM-III,20160729,0,0,0,474.9,0,0
TATACOMM-I,20160729,447.85,448.5,441.75,444,579,3402000
TATACOMM-II,20160729,446.45,446.5,446.45,446.5,4,8400
TATACOMM-III,20160729,0,0,0,452.9,0,0
TATAELXSI-I,20160729,1650.5,1684,1645,1661.4,917,1296900
TATAELXSI-II,20160729,1686,1686,1681,1681,12,12300
TATAELXSI-III,20160729,0,0,0,1668.35,0,0
TATAGLOBAL-I,20160729,139.9,143.6,137.6,140.9,2261,24039000
TATAGLOBAL-II,20160729,139.75,143.4,139.75,141.5,22,72000
TATAGLOBAL-III,20160729,0,0,0,142.6,0,0
TATAMOTORS-I,20160729,509.75,512.5,504.45,506.45,5887,23539500
TATAMOTORS-II,20160729,510.7,514.4,508.1,510,74,310500
TATAMOTORS-III,20160729,0,0,0,515.75,0,0
TATAMTRDVR-I,20160729,328.35,333.6,325.1,325.9,2023,16107000
TATAMTRDVR-II,20160729,332.75,333.3,327,327,4,21000
TATAMTRDVR-III,20160729,0,0,0,333.5,0,0
TATAPOWER-I,20160729,69.15,73,69.15,72.4,1231,38079000
TATAPOWER-II,20160729,70.75,71.95,70.75,71.7,38,1683000
TATAPOWER-III,20160729,0,0,0,71.95,0,0
TATASTEEL-I,20160729,354.35,361.5,353.5,357.15,11457,20862000
TATASTEEL-II,20160729,357,362.75,356.55,359.3,129,256000
TATASTEEL-III,20160729,0,0,0,356,0,0
TCS-I,20160729,2625.95,2643.65,2607.1,2635.25,4855,4028000
TCS-II,20160729,2637.75,2653,2626.9,2649.2,68,39500
TCS-III,20160729,2654,2654,2654,2654,3,750
TECHM-I,20160729,490.25,493,481,487.8,2291,6745200
TECHM-II,20160729,488.4,493.9,487.95,490.35,19,29700
TECHM-III,20160729,495.8,495.8,491,491,2,2200
TITAN-I,20160729,428.95,429.4,421.5,422.85,902,10753500
TITAN-II,20160729,424.75,424.75,424.75,424.75,1,7500
TITAN-III,20160729,0,0,0,434.1,0,0
TORNTPHARM-I,20160729,1431.15,1466.2,1428.05,1447.95,398,322400
TORNTPHARM-II,20160729,0,0,0,1397.55,0,0
TORNTPHARM-III,20160729,0,0,0,1462.15,0,0
TV18BRDCST-I,20160729,40,41.05,39.95,40.75,962,73236000
TV18BRDCST-II,20160729,40.65,41.05,40.65,41.05,5,68000
TV18BRDCST-III,20160729,0,0,0,40.3,0,0
TVSMOTOR-I,20160729,291.95,296.25,290.6,293.3,2155,7328000
TVSMOTOR-II,20160729,293,296.55,293,295.15,11,34000
TVSMOTOR-III,20160729,0,0,0,295.35,0,0
UBL-I,20160729,832.95,835.75,805.9,815.05,590,962500
UBL-II,20160729,0,0,0,764.25,0,0
UBL-III,20160729,0,0,0,836.65,0,0
ULTRACEMCO-I,20160729,3690.9,3754.9,3679.9,3743.35,1836,824800
ULTRACEMCO-II,20160729,3750,3765.65,3740.05,3758.4,14,8400
ULTRACEMCO-III,20160729,0,0,0,3743.05,0,0
UNIONBANK-I,20160729,130.5,131.1,126.6,128.05,3570,19600000
UNIONBANK-II,20160729,129.65,130.85,128,128,21,216000
UNIONBANK-III,20160729,0,0,0,131.25,0,0
UPL-I,20160729,615.5,633.5,607.05,626.25,15788,5686800
UPL-II,20160729,626.2,635.2,613.3,628.55,153,128400
UPL-III,20160729,0,0,0,620.8,0,0
VEDL-I,20160729,169.5,169.75,164.2,165.8,7393,37200000
VEDL-II,20160729,168.9,170.15,164.6,165.45,79,312000
VEDL-III,20160729,0,0,0,172.5,0,0
VOLTAS-I,20160729,346.85,354.4,344,349.85,2235,4562000
VOLTAS-II,20160729,346.8,354.5,345.8,351.15,32,22000
VOLTAS-III,20160729,0,0,0,352.9,0,0
WIPRO-I,20160729,552.65,554.05,546.4,549.25,1984,5826000
WIPRO-II,20160729,554.25,554.25,550.05,550.1,9,19000
WIPRO-III,20160729,0,0,0,563.5,0,0
WOCKPHARMA-I,20160729,998.9,1041,998,1015.8,5779,2748000
WOCKPHARMA-II,20160729,1003.85,1025.5,1003.85,1018.8,8,7200
WOCKPHARMA-III,20160729,0,0,0,1007.9,0,0
YESBANK-I,20160729,1227.5,1236.85,1216.05,1225.1,9201,7905800
YESBANK-II,20160729,1231.75,1238.05,1220.3,1228.05,86,132300
YESBANK-III,20160729,0,0,0,1244.9,0,0
ZEEL-I,20160729,485.7,502.7,480.65,500.1,2855,6760000
ZEEL-II,20160729,490.75,505,490,502.75,35,37700
ZEEL-III,20160729,0,0,0,493.35,0,0
