BANKNIFTY-I,20180521,25952.1,26070,25722.45,25801.95,74501,2980520
BANKNIFTY-II,20180521,25993.35,26076.3,25735,25826.15,2726,104880
BANKNIFTY-III,20180521,26000,26085.9,25767.05,25842.9,146,8960
FTSE100-I,20180521,0,0,0,7982,0,0
FTSE100-II,20180521,0,0,0,7445,0,0
FTSE100-III,20180521,0,0,0,7881,0,0
FTSE100-IIII,20180521,0,0,0,7867,0,0
FTSE100-IIIII,20180521,0,0,0,7947,0,0
FTSE100-IIIIII,20180521,0,0,0,7674,0,0
NIFTY-I,20180521,10630,10630,10521.3,10538.75,113639,23210325
NIFTY-II,20180521,10625.85,10639,10537.05,10552.35,8911,1404450
NIFTY-III,20180521,10626.8,10658,10558.8,10574.15,795,126150
NIFTYCPSE-I,20180521,0,0,0,2627.4,0,0
NIFTYCPSE-II,20180521,0,0,0,2463.55,0,0
NIFTYCPSE-III,20180521,0,0,0,2439.95,0,0
NIFTYINFRA-I,20180521,0,0,0,3441.1,0,0
NIFTYINFRA-II,20180521,0,0,0,3389.3,0,0
NIFTYINFRA-III,20180521,0,0,0,3500.75,0,0
NIFTYIT-I,20180521,13500,13565,13466,13498,366,57200
NIFTYIT-II,20180521,0,0,0,13634,0,350
NIFTYIT-III,20180521,0,0,0,14272,0,0
NIFTYMID50-I,20180521,0,0,0,5142,0,591800
NIFTYMID50-II,20180521,0,0,0,5065.85,0,0
NIFTYMID50-III,20180521,0,0,0,5465.7,0,0
NIFTYPSE-I,20180521,0,0,0,4077.45,0,0
NIFTYPSE-II,20180521,0,0,0,3915.3,0,0
NIFTYPSE-III,20180521,0,0,0,3893.55,0,0
ACC-I,20180521,1376.05,1382.4,1329,1348.55,3092,2589200
ACC-II,20180521,1385,1387.95,1336.9,1354,162,160000
ACC-III,20180521,0,0,0,1418,0,800
ADANIENT-I,20180521,120.05,121.05,116.2,118.7,2585,13188000
ADANIENT-II,20180521,121.55,121.55,116.75,119.35,77,460000
ADANIENT-III,20180521,120,120,119.15,119.15,2,32000
ADANIPORTS-I,20180521,390.3,392.5,382.1,385.3,2178,15850000
ADANIPORTS-II,20180521,391.45,393.4,384,387,117,350000
ADANIPORTS-III,20180521,386.5,386.5,386,386,4,7500
ADANIPOWER-I,20180521,21.2,21.6,20.25,20.8,1098,90780000
ADANIPOWER-II,20180521,21.3,21.75,20.4,20.95,50,3920000
ADANIPOWER-III,20180521,0,0,0,23,0,240000
AJANTPHARM-I,20180521,1015.35,1017.7,980,988.55,1431,1215500
AJANTPHARM-II,20180521,1008,1016,985.2,994.55,80,56500
AJANTPHARM-III,20180521,0,0,0,1382,0,0
ALBK-I,20180521,37.8,39.2,37.45,38.7,1451,16740000
ALBK-II,20180521,38.65,39.4,37.95,38.75,60,2150000
ALBK-III,20180521,0,0,0,40.85,0,11000
AMARAJABAT-I,20180521,817.45,817.45,753.2,799.95,6219,1658300
AMARAJABAT-II,20180521,836,836,761,801.1,242,77000
AMARAJABAT-III,20180521,0,0,0,854.45,0,0
AMBUJACEM-I,20180521,210.3,212.8,205.2,208.4,1279,14290000
AMBUJACEM-II,20180521,211.35,212.6,206.55,209.4,52,450000
AMBUJACEM-III,20180521,0,0,0,246.75,0,0
ANDHRABANK-I,20180521,34.7,35.5,34.1,35.1,1246,22640000
ANDHRABANK-II,20180521,34.7,35.6,34.35,35.35,52,1560000
ANDHRABANK-III,20180521,35.3,35.3,35.3,35.3,1,91000
APOLLOHOSP-I,20180521,1021.95,1022.05,980.5,985.25,652,955000
APOLLOHOSP-II,20180521,1000,1000.65,986.7,989.35,46,32500
APOLLOHOSP-III,20180521,0,0,0,1095.7,0,0
APOLLOTYRE-I,20180521,292.5,292.5,272.8,275.7,3880,8736000
APOLLOTYRE-II,20180521,287.55,287.55,274.55,277.05,99,468000
APOLLOTYRE-III,20180521,0,0,0,289.9,0,3000
ARVIND-I,20180521,402.9,404.4,389.7,392.3,3310,5922000
ARVIND-II,20180521,405,406,392.25,394.05,192,374000
ARVIND-III,20180521,0,0,0,404,0,10000
ASHOKLEY-I,20180521,147.1,147.7,133.85,134.5,20988,71449000
ASHOKLEY-II,20180521,148,148,134.6,135.15,1563,6685000
ASHOKLEY-III,20180521,141.1,141.25,133.4,133.8,120,660000
ASIANPAINT-I,20180521,1307.95,1318.7,1297,1307.1,2802,5658600
ASIANPAINT-II,20180521,1321.1,1321.1,1297,1307.55,107,150000
ASIANPAINT-III,20180521,1315,1318.85,1315,1318.85,2,5400
AUROPHARMA-I,20180521,579.25,583.65,565.2,567.8,4565,21642400
AUROPHARMA-II,20180521,581.75,585,567.05,569.55,472,822400
AUROPHARMA-III,20180521,0,0,0,583.75,0,9000
AXISBANK-I,20180521,535.4,535.4,523.3,528.8,8360,44728800
AXISBANK-II,20180521,535,535.25,526.4,531.3,716,4534800
AXISBANK-III,20180521,530.5,534.05,528,534.05,4,67200
BAJAJ-AUTO-I,20180521,2775.3,2781.7,2707.65,2723.35,4674,2178000
BAJAJ-AUTO-II,20180521,2753.05,2786.35,2722,2732.4,170,67000
BAJAJ-AUTO-III,20180521,2759.2,2759.2,2730,2737.15,5,2750
BAJAJFINSV-I,20180521,5759.75,5781.75,5642.2,5745.6,2692,697500
BAJAJFINSV-II,20180521,5807.75,5807.75,5675,5767.75,57,11625
BAJAJFINSV-III,20180521,0,0,0,5550,0,250
BAJFINANCE-I,20180521,2137.1,2154.9,2089.1,2115.7,14991,5408000
BAJFINANCE-II,20180521,2145.3,2161.5,2096.85,2123.55,396,236000
BAJFINANCE-III,20180521,0,0,0,2162,0,1500
BALKRISIND-I,20180521,1172.25,1172.25,1043.2,1118.2,2841,976800
BALKRISIND-II,20180521,1161,1167.35,1049.1,1122.2,166,63200
BALKRISIND-III,20180521,1123.65,1130.3,1120.55,1121.65,11,5600
BALRAMCHIN-I,20180521,63.5,68.7,63.5,66.25,1824,15830500
BALRAMCHIN-II,20180521,65.95,68.7,65.95,67.1,36,556500
BALRAMCHIN-III,20180521,0,0,0,60.25,0,21000
BANKBARODA-I,20180521,128.7,132.3,126.65,130.2,7676,54968000
BANKBARODA-II,20180521,129.3,132.8,127.45,130.65,445,2432000
BANKBARODA-III,20180521,130,130,129.95,130,9,12000
BANKINDIA-I,20180521,99.4,100.4,94.8,98.35,7919,24786000
BANKINDIA-II,20180521,98,100.7,95.5,98.9,182,1686000
BANKINDIA-III,20180521,98.7,98.7,98.7,98.7,1,60000
BATAINDIA-I,20180521,758.95,761.25,743.5,747.1,1536,2698300
BATAINDIA-II,20180521,760.1,762,748.3,751.75,36,52800
BATAINDIA-III,20180521,0,0,0,794.6,0,0
BEL-I,20180521,121.05,121.95,117.15,117.85,1156,30699900
BEL-II,20180521,121,121.9,117.75,118.45,155,2286900
BEL-III,20180521,120.5,120.95,118.5,119.1,9,74250
BEML-I,20180521,1021.55,1024.05,939,949.95,10200,2211900
BEML-II,20180521,1017.3,1019.8,943.65,954.5,444,115200
BEML-III,20180521,0,0,0,1129,0,1000
BERGEPAINT-I,20180521,281.75,284.75,278,283.15,665,1577400
BERGEPAINT-II,20180521,279,282.1,278.9,282.05,18,101200
BERGEPAINT-III,20180521,278.45,278.45,278.45,278.45,1,6600
BHARATFIN-I,20180521,1172.65,1183.55,1160.05,1164.2,2600,5424000
BHARATFIN-II,20180521,1179.95,1188.05,1165.55,1169.8,72,130000
BHARATFIN-III,20180521,0,0,0,1183.05,1,6000
BHARATFORG-I,20180521,725.05,725.05,693.3,697.2,2962,9146400
BHARATFORG-II,20180521,726,726,698.4,699.95,90,196800
BHARATFORG-III,20180521,706,706,706,706,1,7200
BHARTIARTL-I,20180521,362.8,369.6,356.85,361,5135,50122800
BHARTIARTL-II,20180521,365.4,371.35,358.65,362.4,232,2584000
BHARTIARTL-III,20180521,366.15,371.5,363,364.5,13,37400
BHEL-I,20180521,76.8,77.1,74.9,75.35,1280,43890000
BHEL-II,20180521,76.95,77.55,75.4,75.75,113,3997500
BHEL-III,20180521,76.6,77.75,76.6,76.6,8,292500
BIOCON-I,20180521,647.95,654.2,618,626.6,5038,7275600
BIOCON-II,20180521,652.45,652.85,620.1,628.35,633,663300
BIOCON-III,20180521,630,630,621,621.9,12,37800
BOSCHLTD-I,20180521,17736.55,17782.5,17581.55,17631.95,473,151300
BOSCHLTD-II,20180521,17620.05,17733.75,17620.05,17683.4,10,1600
BOSCHLTD-III,20180521,17700,17700,17700,17700,1,30
BPCL-I,20180521,389.55,395.3,386.9,394.2,3675,11541600
BPCL-II,20180521,388.5,395.1,388.5,394.05,149,783000
BPCL-III,20180521,0,0,0,406,0,1800
BRITANNIA-I,20180521,5615,5641.55,5490.5,5534.15,1152,822800
BRITANNIA-II,20180521,5650,5650,5515.6,5579.2,24,9000
BRITANNIA-III,20180521,0,0,0,5579.85,0,400
CADILAHC-I,20180521,370.7,372.75,350.5,354.2,1416,9164800
CADILAHC-II,20180521,370.9,374,353.1,355.65,83,260800
CADILAHC-III,20180521,377.45,377.45,377.45,377.45,1,4800
CANBK-I,20180521,238,251,235.6,246.75,11784,11804800
CANBK-II,20180521,242,251.8,237,247.5,644,664000
CANBK-III,20180521,239.6,239.6,239.6,239.6,1,12000
CANFINHOME-I,20180521,365,366.4,348,352.25,1986,5352500
CANFINHOME-II,20180521,364.35,368.15,350,353.65,158,362500
CANFINHOME-III,20180521,356.55,359.5,351,351,4,13750
CAPF-I,20180521,561.35,564.35,548,552.25,1992,8324800
CAPF-II,20180521,564,565.45,549.85,552.15,137,280000
CAPF-III,20180521,0,0,0,560,0,800
CASTROLIND-I,20180521,172.7,173,166.1,166.65,708,12042800
CASTROLIND-II,20180521,171.5,171.6,167,167.45,78,470400
CASTROLIND-III,20180521,0,0,0,195.8,0,0
CEATLTD-I,20180521,1387.15,1387.15,1341.2,1357.75,3437,1731450
CEATLTD-II,20180521,1382.1,1382.1,1350,1364.8,95,68600
CEATLTD-III,20180521,0,0,0,1400,0,700
CENTURYTEX-I,20180521,1024.4,1032.65,949,1007.65,24418,6034600
CENTURYTEX-II,20180521,1024.7,1024.7,954.55,1014.45,763,195250
CENTURYTEX-III,20180521,1000,1000,988.65,988.65,3,4400
CESC-I,20180521,1030.7,1030.85,996.95,1011.95,1958,5982350
CESC-II,20180521,1031,1031,1002.05,1016,118,767250
CESC-III,20180521,0,0,0,1083.5,0,0
CGPOWER-I,20180521,73.95,73.95,71.05,72.05,511,17244000
CGPOWER-II,20180521,73.75,73.75,71.95,72.45,38,708000
CGPOWER-III,20180521,0,0,0,75,0,36000
CHENNPETRO-I,20180521,293.3,293.3,280.15,282.25,573,3693000
CHENNPETRO-II,20180521,287,292.1,283,283,20,61500
CHENNPETRO-III,20180521,0,0,0,295.45,0,6000
CHOLAFIN-I,20180521,1560,1561.15,1509.95,1545.15,773,1091000
CHOLAFIN-II,20180521,1545,1546,1516.05,1546,17,12000
CHOLAFIN-III,20180521,0,0,0,1630.75,0,500
CIPLA-I,20180521,530.05,537.25,515.45,519.4,5553,14458000
CIPLA-II,20180521,533,538.3,519,522.1,229,214000
CIPLA-III,20180521,529.5,529.5,529.5,529.5,1,8000
COALINDIA-I,20180521,268.5,272.4,265.35,271.3,2036,17646200
COALINDIA-II,20180521,268.1,273,266.55,272.05,133,910800
COALINDIA-III,20180521,0,0,0,274.95,0,6600
COLPAL-I,20180521,1218.55,1270,1135.75,1188.45,16087,2252600
COLPAL-II,20180521,1224.05,1264,1139.35,1185.8,330,70700
COLPAL-III,20180521,0,0,0,1165,0,0
CONCOR-I,20180521,1407.7,1407.7,1385,1392.85,415,1654375
CONCOR-II,20180521,1396.65,1401,1391.05,1401,5,13750
CONCOR-III,20180521,0,0,0,1315.85,0,0
CUMMINSIND-I,20180521,732.05,745.45,722.3,739.25,1108,753000
CUMMINSIND-II,20180521,735.95,744.7,734.75,744.7,9,11400
CUMMINSIND-III,20180521,0,0,0,758.95,0,0
DABUR-I,20180521,376.35,377.8,370.1,373.35,958,14250000
DABUR-II,20180521,379.05,379.05,372.3,374.95,22,147500
DABUR-III,20180521,0,0,0,369.05,0,7500
DALMIABHA-I,20180521,2699.9,2758.8,2662.25,2743,785,582000
DALMIABHA-II,20180521,2763,2763,2669.25,2705.85,13,6000
DALMIABHA-III,20180521,0,0,0,3058.15,0,0
DCBBANK-I,20180521,181.55,184.85,178,180.5,1188,8725500
DCBBANK-II,20180521,180.95,183.9,179,181.55,41,216000
DCBBANK-III,20180521,182.1,182.1,182.1,182.1,1,27000
DHFL-I,20180521,618.75,627,593.15,613.25,3841,22065000
DHFL-II,20180521,610.05,619,603.7,612.1,2658,4068000
DHFL-III,20180521,0,0,0,631.05,0,1500
DISHTV-I,20180521,70.05,71,69.65,70.35,927,48552000
DISHTV-II,20180521,70.5,71.25,70,70.5,45,679000
DISHTV-III,20180521,0,0,0,70.8,0,8000
DIVISLAB-I,20180521,1158.4,1158.95,1128.6,1140.2,1318,2594400
DIVISLAB-II,20180521,1160,1160,1135.35,1146.4,159,147200
DIVISLAB-III,20180521,0,0,0,1191.7,0,0
DLF-I,20180521,197.95,199.5,190.6,193.6,9806,40747500
DLF-II,20180521,200.05,200.05,192.1,194.65,714,2272500
DLF-III,20180521,196.05,197,194.4,194.45,12,35000
DRREDDY-I,20180521,1983.45,1983.45,1890,1898.1,6205,4748000
DRREDDY-II,20180521,1977,1979.8,1900,1906.15,511,410000
DRREDDY-III,20180521,1956.5,1957.5,1888,1898.6,49,24500
EICHERMOT-I,20180521,29977.7,30284.9,29451,29569.3,1891,188000
EICHERMOT-II,20180521,30210.5,30415.75,29600,29678.8,141,5525
EICHERMOT-III,20180521,29800,29800,29800,29800,1,100
ENGINERSIN-I,20180521,143.25,143.8,137.85,139.6,910,9187500
ENGINERSIN-II,20180521,144.1,144.5,138.95,140.45,133,1186500
ENGINERSIN-III,20180521,0,0,0,157.85,0,0
EQUITAS-I,20180521,165.55,165.75,157.25,160.05,1738,19913600
EQUITAS-II,20180521,164.35,166,158.5,160.85,68,342400
EQUITAS-III,20180521,164.6,164.6,159.05,159.5,4,12000
ESCORTS-I,20180521,877.35,909.15,873.35,885.8,6050,5112800
ESCORTS-II,20180521,880,912.8,878.95,890,200,425700
ESCORTS-III,20180521,895,895,890,890,3,6600
EXIDEIND-I,20180521,254,255.6,245.65,247.15,1425,7088000
EXIDEIND-II,20180521,253.8,255.85,247,248.55,49,528000
EXIDEIND-III,20180521,0,0,0,265,0,4000
FEDERALBNK-I,20180521,82.9,83.25,80.4,81.2,3529,81048000
FEDERALBNK-II,20180521,82.85,83.65,80.7,81.4,413,4647500
FEDERALBNK-III,20180521,83,83,80.7,81,15,858000
GAIL-I,20180521,323.05,327.2,320.15,326.2,1428,14092428
GAIL-II,20180521,321.75,327.25,321.75,327,20,216027
GAIL-III,20180521,0,0,0,331.05,0,0
GLENMARK-I,20180521,502.1,508.5,493,500.6,2175,5383800
GLENMARK-II,20180521,504.5,509.9,496.8,502.9,140,355500
GLENMARK-III,20180521,0,0,0,517,0,4000
GMRINFRA-I,20180521,17.45,17.7,16.85,17.05,1186,274230000
GMRINFRA-II,20180521,17.4,17.8,17,17.2,75,13320000
GMRINFRA-III,20180521,17.6,17.6,17.6,17.6,1,990000
GODFRYPHLP-I,20180521,784,795,770.65,784,210,619500
GODFRYPHLP-II,20180521,789,795.85,776,788.65,17,12000
GODFRYPHLP-III,20180521,0,0,0,877.85,0,1400
GODREJCP-I,20180521,1090.85,1101.5,1081.2,1083.7,545,2414400
GODREJCP-II,20180521,1095.55,1095.55,1086.35,1086.35,3,25600
GODREJCP-III,20180521,0,0,0,1080,0,0
GODREJIND-I,20180521,572.55,572.8,558.3,562.35,538,2271000
GODREJIND-II,20180521,563,566.3,562.1,562.9,6,21000
GODREJIND-III,20180521,0,0,0,590.9,0,1500
GRANULES-I,20180521,95,95,88.2,89.2,1634,15030000
GRANULES-II,20180521,93.65,94.4,88.55,89.65,104,845000
GRANULES-III,20180521,0,0,0,97.5,0,5000
GRASIM-I,20180521,1071.7,1074.45,1033.75,1039.8,2182,5969250
GRASIM-II,20180521,1079,1079,1040.1,1045.4,99,87750
GRASIM-III,20180521,0,0,0,1092.05,0,0
GSFC-I,20180521,118.05,118.5,112.65,115.2,1501,17316000
GSFC-II,20180521,119.05,119.05,113.4,115.85,77,616500
GSFC-III,20180521,0,0,0,123,0,40500
HAVELLS-I,20180521,521.2,530.5,515.95,524.85,2137,5453000
HAVELLS-II,20180521,521.65,531.9,518.05,526.85,82,326000
HAVELLS-III,20180521,0,0,0,536,0,2000
HCC-I,20180521,16.75,16.85,15.15,15.9,1376,40470000
HCC-II,20180521,16.55,16.8,15.35,16.1,138,4200000
HCC-III,20180521,15.6,15.9,15.6,15.9,3,216000
HCLTECH-I,20180521,898.4,902.9,889.7,900.35,2918,11943400
HCLTECH-II,20180521,897,905.85,895.8,904.05,117,252700
HCLTECH-III,20180521,0,0,0,906,0,2100
HDFC-I,20180521,1863.95,1867.65,1824.7,1827.25,6659,16882500
HDFC-II,20180521,1874.05,1874.05,1833,1835.65,3120,4453000
HDFC-III,20180521,1856.05,1859.1,1830.3,1831.5,18,35500
HDFCBANK-I,20180521,2018.95,2020.35,1990.55,1997.55,10256,21986500
HDFCBANK-II,20180521,2013.95,2014.05,1987.05,1995.55,1456,755500
HDFCBANK-III,20180521,2000.3,2040.25,1989,1996,184,475000
HEROMOTOCO-I,20180521,3582.35,3582.35,3474.6,3494.55,2068,1453400
HEROMOTOCO-II,20180521,3575,3575,3499.75,3518.1,75,32400
HEROMOTOCO-III,20180521,0,0,0,3568.85,0,3400
HEXAWARE-I,20180521,423.15,429.45,420.15,427.05,1480,6174000
HEXAWARE-II,20180521,419.3,423.35,415.15,422,18,237000
HEXAWARE-III,20180521,0,0,0,402.45,0,9000
HINDALCO-I,20180521,233,234.75,224.7,228.8,8065,38692500
HINDALCO-II,20180521,236.2,236.25,225.8,229.9,352,1270500
HINDALCO-III,20180521,231.9,231.9,230.05,230.05,4,24500
HINDPETRO-I,20180521,314.85,316.9,310.45,314.3,3953,29211525
HINDPETRO-II,20180521,316.3,316.6,311,314.45,275,2390850
HINDPETRO-III,20180521,316.7,316.8,316.7,316.8,3,18900
HINDUNILVR-I,20180521,1608.8,1618.35,1580.7,1585.5,5250,9341400
HINDUNILVR-II,20180521,1603.65,1613.95,1576.15,1579.5,156,195600
HINDUNILVR-III,20180521,1595,1595,1595,1595,1,1200
HINDZINC-I,20180521,299.3,300,289.45,290.9,1244,15824000
HINDZINC-II,20180521,300.8,301.8,291,292.25,48,224000
HINDZINC-III,20180521,0,0,0,325.6,0,0
IBULHSGFIN-I,20180521,1142.55,1144.75,1099.15,1112.95,10456,13811600
IBULHSGFIN-II,20180521,1140,1140,1105,1116.25,2035,3124400
IBULHSGFIN-III,20180521,0,0,0,1187,0,2500
ICICIBANK-I,20180521,289.9,293.7,288.65,290.65,12783,88321750
ICICIBANK-II,20180521,292.65,294.8,290.3,291.85,896,7232500
ICICIBANK-III,20180521,294,294,291,291,9,239250
ICICIPRULI-I,20180521,425.05,430.65,416.5,417.25,2137,4383600
ICICIPRULI-II,20180521,430,430,416.45,417.1,65,145600
ICICIPRULI-III,20180521,0,0,0,425.45,0,29900
IDBI-I,20180521,60.65,62.75,59.95,62.3,2448,64020000
IDBI-II,20180521,61.3,62.8,60.65,62.55,59,2130000
IDBI-III,20180521,61.2,61.2,61.2,61.2,1,150000
IDEA-I,20180521,52.35,53.5,52,52.95,2244,160076000
IDEA-II,20180521,53.05,53.6,52.55,53.25,177,8820000
IDEA-III,20180521,53.1,53.3,53.1,53.3,4,413000
IDFC-I,20180521,51.8,51.8,49.75,49.9,1141,152816400
IDFC-II,20180521,51.7,51.7,50.1,50.2,217,7458000
IDFC-III,20180521,51.4,51.75,50,50,8,660000
IDFCBANK-I,20180521,41.1,41.45,39.95,40.4,3438,192294000
IDFCBANK-II,20180521,41.5,41.55,40.2,40.55,1465,16632000
IDFCBANK-III,20180521,41.15,41.15,40.3,40.4,26,2376000
IFCI-I,20180521,17.7,17.75,17,17.25,677,67012000
IFCI-II,20180521,17.8,17.85,17.3,17.35,336,6446000
IFCI-III,20180521,17.65,17.85,17.6,17.85,3,125000
IGL-I,20180521,265.4,266.5,259.2,260.25,1009,7202250
IGL-II,20180521,263.25,268.1,260.7,261.5,51,338250
IGL-III,20180521,0,0,0,256.7,0,13750
INDIACEM-I,20180521,130,132.3,126.95,130.1,1760,23877000
INDIACEM-II,20180521,132,133,127.8,130.65,107,1361500
INDIACEM-III,20180521,0,0,0,132.75,0,14000
INDIANB-I,20180521,303.5,312.45,301,308.45,2565,3136000
INDIANB-II,20180521,299.1,307.9,297.05,304.3,79,290000
INDIANB-III,20180521,0,0,0,302.4,0,8000
INDIGO-I,20180521,1136.05,1154.05,1087,1139,3612,3867600
INDIGO-II,20180521,1136.95,1151,1090.5,1138.15,173,92400
INDIGO-III,20180521,0,0,0,1524.8,0,0
INDUSINDBK-I,20180521,1923.55,1933.95,1906.8,1914.05,5540,7929000
INDUSINDBK-II,20180521,1908,1920.8,1894.4,1900.05,777,354900
INDUSINDBK-III,20180521,1894,1896.3,1885,1885,9,7500
INFIBEAM-I,20180521,165.5,166.3,163.6,164.55,600,24808000
INFIBEAM-II,20180521,166,166,164.15,164.4,47,7308000
INFIBEAM-III,20180521,0,0,0,168,0,12000
INFRATEL-I,20180521,313,321.8,313,320.4,1122,6616400
INFRATEL-II,20180521,316.25,320.5,316.25,319.8,35,673200
INFRATEL-III,20180521,0,0,0,303,0,35700
INFY-I,20180521,1180.1,1190.6,1172.35,1183.15,6941,37698600
INFY-II,20180521,1147.15,1162.55,1146,1155.5,268,2868600
INFY-III,20180521,1161.15,1165.3,1157,1160.65,16,28200
IOC-I,20180521,164.2,166.25,163.25,165.85,2763,37206000
IOC-II,20180521,165,166.85,163.95,166.5,81,4596000
IOC-III,20180521,164.7,166.95,164.7,166.95,2,42000
IRB-I,20180521,240.5,240.5,224.15,226.6,2811,19590000
IRB-II,20180521,240.3,241,225.65,227.3,371,1342500
IRB-III,20180521,0,0,0,266.75,0,0
ITC-I,20180521,277,279.65,274.55,278.2,5939,52339200
ITC-II,20180521,278.5,280.45,275.95,279.5,666,30177600
ITC-III,20180521,279.45,281.25,279.45,280.35,5,148800
JETAIRWAYS-I,20180521,416.55,416.55,394.55,401.1,1407,6571200
JETAIRWAYS-II,20180521,411,411,395.65,403.6,63,220800
JETAIRWAYS-III,20180521,0,0,0,533.3,0,1200
JINDALSTEL-I,20180521,246.55,249.4,238.2,240.9,8060,30609000
JINDALSTEL-II,20180521,247.45,250,239.35,242.2,287,1149750
JINDALSTEL-III,20180521,242.6,242.6,242.6,242.6,1,83250
JISLJALEQS-I,20180521,100.15,102.9,98.65,99.3,1424,38754000
JISLJALEQS-II,20180521,101.25,103.45,99.1,99.85,96,2583000
JISLJALEQS-III,20180521,0,0,0,106.05,0,9000
JPASSOCIAT-I,20180521,17.9,17.9,12.55,14.25,2748,186354000
JPASSOCIAT-II,20180521,17.15,17.15,13.2,14.35,149,6698000
JPASSOCIAT-III,20180521,0,0,0,18.45,0,374000
JSWSTEEL-I,20180521,318.8,323.7,309.2,310.45,7733,60273000
JSWSTEEL-II,20180521,322.5,325.1,310.8,311.95,2007,6168000
JSWSTEEL-III,20180521,320.3,320.3,312,312,17,69000
JUBLFOOD-I,20180521,2522.55,2556.95,2501.25,2533.6,9335,2591750
JUBLFOOD-II,20180521,2525,2562,2509,2540.8,1068,195750
JUBLFOOD-III,20180521,2539,2555,2539,2555,8,2750
JUSTDIAL-I,20180521,438,438,402,407.6,4888,4032000
JUSTDIAL-II,20180521,428,429.4,400.3,405.75,107,107800
JUSTDIAL-III,20180521,0,0,0,410.15,0,1400
KAJARIACER-I,20180521,534.2,542.05,526.4,539.35,726,1736000
KAJARIACER-II,20180521,538.5,543.65,530.3,541.4,23,38400
KAJARIACER-III,20180521,0,0,0,510.85,0,0
KOTAKBANK-I,20180521,1295.65,1298.35,1274,1277.25,6164,15498400
KOTAKBANK-II,20180521,1301.05,1301.05,1279.9,1282.55,261,846400
KOTAKBANK-III,20180521,1295,1295,1275,1275,2,2400
KPIT-I,20180521,262.45,263.45,252.1,252.9,1638,7447500
KPIT-II,20180521,262,262,253.5,253.45,29,153000
KPIT-III,20180521,0,0,0,263.1,0,22500
KSCL-I,20180521,493.2,496.5,482.05,487.25,687,2233500
KSCL-II,20180521,491.6,497.2,484.5,488.9,17,73500
KSCL-III,20180521,492.85,492.85,490,490,5,10500
KTKBANK-I,20180521,120.6,121.9,115.05,115.85,2399,25703200
KTKBANK-II,20180521,121.55,122.2,115.95,116.45,201,1280600
KTKBANK-III,20180521,119.2,119.2,114.1,114.25,15,216000
L&TFH-I,20180521,173.3,175.35,166.75,167.7,2557,32976000
L&TFH-II,20180521,174,175.9,168,168.5,184,1318500
L&TFH-III,20180521,0,0,0,176.35,0,36000
LICHSGFIN-I,20180521,475.35,485.95,474.15,476.85,2840,14411100
LICHSGFIN-II,20180521,483.9,487.65,476.55,479.2,145,1004300
LICHSGFIN-III,20180521,479.85,479.85,479.85,479.85,1,22000
LT-I,20180521,1331.7,1338.7,1315.65,1319.15,5077,12630750
LT-II,20180521,1327.65,1344.95,1322.65,1324.55,288,351000
LT-III,20180521,1334.6,1347,1334.6,1337,4,14250
LUPIN-I,20180521,745.15,747.2,735,737.3,4250,14020200
LUPIN-II,20180521,748.85,750.35,738.85,740.95,281,666000
LUPIN-III,20180521,746,746.5,741,743.6,19,67900
M&M-I,20180521,835.15,849,825.3,829.75,2995,13592000
M&M-II,20180521,836.15,852.75,829.05,832.95,441,614000
M&M-III,20180521,839.7,840.1,839.1,839.1,5,26000
M&MFIN-I,20180521,459.35,468.7,453.55,460.95,1134,10006250
M&MFIN-II,20180521,461,464.75,456,462.3,33,88750
M&MFIN-III,20180521,0,0,0,505,0,1250
MANAPPURAM-I,20180521,112,117.8,111.25,113.65,2784,17274000
MANAPPURAM-II,20180521,114.55,118,113.2,114.1,62,684000
MANAPPURAM-III,20180521,0,0,0,117.5,0,66000
MARICO-I,20180521,318.95,319.7,308.15,310.15,619,5538000
MARICO-II,20180521,314,315,309.85,311,17,54600
MARICO-III,20180521,0,0,0,326.3,0,0
MARUTI-I,20180521,8535,8539.7,8288.75,8458.05,16127,2738625
MARUTI-II,20180521,8552,8552,8327.1,8493.4,1536,207825
MARUTI-III,20180521,8547.9,8560,8390.05,8547.95,32,3975
MCDOWELL-N-I,20180521,3176.1,3192,3055,3134,3874,2650000
MCDOWELL-N-II,20180521,3161.6,3200,3070.7,3151.75,270,89750
MCDOWELL-N-III,20180521,0,0,0,3200,0,500
MCX-I,20180521,757,760.5,735.8,740.65,1273,3530000
MCX-II,20180521,758.85,764,740,744.1,106,91000
MCX-III,20180521,0,0,0,797.75,0,4200
MFSL-I,20180521,483,490.3,458.45,464.35,705,2787000
MFSL-II,20180521,480.25,480.25,460.9,464.95,67,77000
MFSL-III,20180521,0,0,0,515.7,0,0
MGL-I,20180521,859,859.65,831.2,843.55,1046,2815800
MGL-II,20180521,859,863.05,836.2,847.85,69,48000
MGL-III,20180521,0,0,0,878.6,0,1200
MINDTREE-I,20180521,1015,1038.4,1014,1031.8,5061,4167600
MINDTREE-II,20180521,1016,1038.4,1016,1032.85,104,108000
MINDTREE-III,20180521,0,0,0,1005.2,0,4800
MOTHERSUMI-I,20180521,326.5,328.65,321.65,324.9,1736,13513600
MOTHERSUMI-II,20180521,329.35,329.35,323.8,326.6,56,225600
MOTHERSUMI-III,20180521,317.55,327.75,317.55,324.1,5,9600
MRF-I,20180521,74406.55,74586.95,72851.1,73095.15,716,32760
MRF-II,20180521,76401.85,76401.85,73250,73418.4,43,975
MRF-III,20180521,0,0,0,77844.5,0,0
MRPL-I,20180521,103.15,103.75,99.55,100.2,466,5103000
MRPL-II,20180521,104.5,104.5,100.85,100.85,10,130500
MRPL-III,20180521,0,0,0,111,0,0
MUTHOOTFIN-I,20180521,412.85,413.7,398,400.65,892,1989000
MUTHOOTFIN-II,20180521,410.6,413,400.05,402.6,60,115500
MUTHOOTFIN-III,20180521,0,0,0,451.2,0,0
NATIONALUM-I,20180521,71.5,73.8,70.8,73.35,1668,51088000
NATIONALUM-II,20180521,71.15,73.95,71.15,73.4,39,1232000
NATIONALUM-III,20180521,72.8,72.8,72.8,72.8,1,32000
NBCC-I,20180521,95.3,95.45,92.4,93.2,683,18042000
NBCC-II,20180521,94.7,95.85,93,93.75,55,726000
NBCC-III,20180521,93.7,93.7,93.7,93.7,2,66000
NCC-I,20180521,104.45,105.75,97.1,98.1,3399,38912000
NCC-II,20180521,103.35,105.1,97.7,98.65,439,2872000
NCC-III,20180521,101.6,101.6,98.6,98.6,3,72000
NESTLEIND-I,20180521,9657.4,9766,9494,9523.55,679,292600
NESTLEIND-II,20180521,9789.85,9789.85,9541.35,9562.1,60,7300
NESTLEIND-III,20180521,0,0,0,9200.8,0,0
NHPC-I,20180521,26.25,26.55,25.9,26.1,231,27837000
NHPC-II,20180521,26.35,26.65,26.15,26.25,40,3591000
NHPC-III,20180521,0,0,0,26.7,0,81000
NIITTECH-I,20180521,1044,1068,1040.2,1051.65,3431,2244750
NIITTECH-II,20180521,1057.95,1069.65,1047.95,1054.65,74,75000
NIITTECH-III,20180521,0,0,0,992,0,750
NMDC-I,20180521,114.5,116.05,112.3,113.45,1073,25896000
NMDC-II,20180521,115.65,116.4,113,114.15,107,1626000
NMDC-III,20180521,115.2,115.2,113.4,114.35,10,144000
NTPC-I,20180521,166.85,167.75,163.45,165.2,1463,41636000
NTPC-II,20180521,167.9,168.05,164,165.85,66,688000
NTPC-III,20180521,0,0,0,175,0,0
OFSS-I,20180521,3893.15,3899.45,3728.45,3765.65,351,148950
OFSS-II,20180521,3821.95,3831.95,3750.05,3750.05,5,1350
OFSS-III,20180521,0,0,0,4261.95,0,0
OIL-I,20180521,243.2,245.7,237.9,239.25,370,2603634
OIL-II,20180521,243.9,244.05,243.9,244.05,6,125763
OIL-III,20180521,0,0,0,239.25,0,0
ONGC-I,20180521,186.4,188.9,186,186.6,1581,34428750
ONGC-II,20180521,188,189.5,187,187.35,54,1080000
ONGC-III,20180521,188.7,188.7,188.7,188.7,1,63750
ORIENTBANK-I,20180521,76.5,78.2,74.05,76.9,1740,15678000
ORIENTBANK-II,20180521,77.3,78.55,74.6,77.35,75,1392000
ORIENTBANK-III,20180521,0,0,0,80.7,0,36000
PAGEIND-I,20180521,23150,23424.95,22974.75,23072.5,591,48975
PAGEIND-II,20180521,0,0,0,23620,0,325
PAGEIND-III,20180521,0,0,0,24360.2,0,0
PCJEWELLER-I,20180521,165.55,171.8,159.05,167,1436,7680000
PCJEWELLER-II,20180521,169,170.45,159.5,167.25,36,885000
PCJEWELLER-III,20180521,0,0,0,165,0,178500
PEL-I,20180521,2354.95,2388,2330.65,2359.1,711,2058432
PEL-II,20180521,2359.55,2398.85,2359.55,2378.6,55,28992
PEL-III,20180521,0,0,0,2571.85,0,302
PETRONET-I,20180521,218.15,220.45,202.1,210.9,6221,25422000
PETRONET-II,20180521,219.95,220.45,204.05,211.85,162,672000
PETRONET-III,20180521,210.1,210.4,208.5,210.2,10,81000
PFC-I,20180521,73.65,75.1,72.65,73.25,2358,77574000
PFC-II,20180521,74,75.4,73.1,73.5,302,4560000
PFC-III,20180521,0,0,0,75.3,0,108000
PIDILITIND-I,20180521,1085.7,1109.25,1082.75,1095.45,1555,1577000
PIDILITIND-II,20180521,1083,1107.25,1083,1096.9,36,77000
PIDILITIND-III,20180521,0,0,0,1104.7,0,0
PNB-I,20180521,76.15,79,75.35,78.45,12150,72440000
PNB-II,20180521,76.4,79.25,75.65,78.85,792,6988000
PNB-III,20180521,77.3,79.45,76.7,79.35,20,561000
POWERGRID-I,20180521,212.1,213.45,211.4,211.9,1265,26724000
POWERGRID-II,20180521,213.2,213.8,212.15,212.35,57,752000
POWERGRID-III,20180521,0,0,0,215,0,16000
PTC-I,20180521,80,80.95,77.6,78.8,1113,29136000
PTC-II,20180521,79.6,80.95,78.25,79.1,22,1032000
PTC-III,20180521,0,0,0,85.5,0,80000
PVR-I,20180521,1392.85,1392.85,1332,1340.75,841,963200
PVR-II,20180521,1388.05,1392,1345,1350.05,48,104400
PVR-III,20180521,0,0,0,1443.2,0,400
RAMCOCEM-I,20180521,832.75,845.05,789.85,810.7,639,1304800
RAMCOCEM-II,20180521,826.75,826.75,791.05,802.05,12,9600
RAMCOCEM-III,20180521,0,0,0,824.3,0,0
RAYMOND-I,20180521,1047.8,1054.55,998.35,1010.25,1947,5180000
RAYMOND-II,20180521,1047,1056.9,1006.05,1014.15,93,92000
RAYMOND-III,20180521,1035,1035,1017,1017,4,4800
RBLBANK-I,20180521,505.05,510,495.7,500.55,1099,3933000
RBLBANK-II,20180521,508.1,511.4,498,502.4,130,280000
RBLBANK-III,20180521,0,0,0,510,0,2400
RCOM-I,20180521,14.95,16.3,13.05,13.5,2459,87108000
RCOM-II,20180521,14.85,16.1,13.05,13.5,77,7084000
RCOM-III,20180521,14.5,14.5,14,14.4,8,784000
RECLTD-I,20180521,112.25,112.7,109.45,110,1583,37410000
RECLTD-II,20180521,113,113.15,110.1,110.55,188,2604000
RECLTD-III,20180521,113,113.1,111.5,111.5,5,198000
RELCAPITAL-I,20180521,383.45,388.55,372.2,375.25,8511,11979750
RELCAPITAL-II,20180521,382,390.05,374.65,377.4,314,486000
RELCAPITAL-III,20180521,388.95,388.95,383.4,383.4,3,27000
RELIANCE-I,20180521,936.1,938.9,925.8,935.75,11915,47399000
RELIANCE-II,20180521,932.8,940.9,927.6,937,1499,2985000
RELIANCE-III,20180521,935.1,943.2,931,939,64,148000
RELINFRA-I,20180521,392.5,402.25,387.95,394.45,5459,8790600
RELINFRA-II,20180521,395,402.3,390.1,396.3,215,751400
RELINFRA-III,20180521,402.6,402.6,402.6,402.6,1,18200
REPCOHOME-I,20180521,578.8,582,566,576.35,620,684000
REPCOHOME-II,20180521,570,570,570,570,1,9000
REPCOHOME-III,20180521,0,0,0,605.7,0,0
RNAVAL-I,20180521,15.2,16.05,13.95,14.45,1828,34254000
RNAVAL-II,20180521,15.25,16,14,14.5,97,1539000
RPOWER-I,20180521,33.85,34.7,32.75,33.3,2193,52143000
RPOWER-II,20180521,34.2,34.9,33,33.5,126,5733000
RPOWER-III,20180521,34.5,34.5,33.35,33.35,3,286000
SAIL-I,20180521,73.85,74.6,71.6,71.95,3448,93084000
SAIL-II,20180521,74.35,74.75,72,72.4,201,6108000
SAIL-III,20180521,73.8,73.8,72.9,72.9,6,288000
SBIN-I,20180521,242.5,245.7,239.35,244.6,19429,73032000
SBIN-II,20180521,242.85,246.55,240.6,245.45,1052,5550000
SBIN-III,20180521,243,247,241.25,246.8,60,261000
SHREECEM-I,20180521,16204.95,16351,16025.3,16115.9,282,66050
SHREECEM-II,20180521,0,0,0,16371.9,0,200
SHREECEM-III,20180521,0,0,0,17528.05,0,0
SIEMENS-I,20180521,1029.8,1049.5,1026.35,1032.55,628,1358000
SIEMENS-II,20180521,1029.15,1046.1,1029.15,1041,10,74500
SIEMENS-III,20180521,0,0,0,1029.45,0,500
SOUTHBANK-I,20180521,25.65,25.65,24.55,24.7,975,146284374
SOUTHBANK-II,20180521,25.7,25.7,24.7,24.8,108,11201658
SOUTHBANK-III,20180521,25.3,25.3,24.75,24.75,8,2253588
SREINFRA-I,20180521,74.75,75.4,71.3,71.85,828,17525000
SREINFRA-II,20180521,74.8,74.8,71.6,72.2,55,455000
SREINFRA-III,20180521,72.45,72.95,72.45,72.9,32,294000
SRF-I,20180521,1925.05,1943.5,1827.5,1883.3,3928,684000
SRF-II,20180521,1919.65,1940.4,1832.45,1887.7,77,35000
SRF-III,20180521,0,0,0,1957,0,500
SRTRANSFIN-I,20180521,1417.25,1422,1390.85,1411.25,1187,4022400
SRTRANSFIN-II,20180521,1405.95,1424.95,1404.6,1419.25,32,93600
SRTRANSFIN-III,20180521,0,0,0,1587,0,600
STAR-I,20180521,383,387.9,336.6,342.75,20582,3546000
STAR-II,20180521,384.2,387.6,338.65,344.25,755,402600
STAR-III,20180521,349.85,349.85,343.55,343.55,5,4000
SUNPHARMA-I,20180521,464.05,466.4,443.95,445.7,10818,52137800
SUNPHARMA-II,20180521,465,465,446.2,448,958,7239100
SUNPHARMA-III,20180521,465,465,449.15,451.4,22,59400
SUNTV-I,20180521,955.2,958.25,933.6,943.35,4461,5951000
SUNTV-II,20180521,951.4,955.9,939,947.15,99,116000
SUNTV-III,20180521,0,0,0,972,0,1000
SUZLON-I,20180521,8.85,8.95,8.6,8.75,759,273630000
SUZLON-II,20180521,8.9,9,8.7,8.85,188,38780000
SUZLON-III,20180521,9,9.05,8.8,8.9,19,4320000
SYNDIBANK-I,20180521,43.75,45.25,42.85,44.75,1407,31770000
SYNDIBANK-II,20180521,44.4,45.35,43.2,44.95,81,1845000
SYNDIBANK-III,20180521,0,0,0,44.7,0,18000
TATACHEM-I,20180521,726.2,760,711.5,736.5,5967,4806750
TATACHEM-II,20180521,727.45,762,715,740.05,169,104250
TATACHEM-III,20180521,720,742,710.15,721.05,21,9000
TATACOMM-I,20180521,615.1,616.95,605.9,609.45,1266,6165600
TATACOMM-II,20180521,612.9,613,610.5,613,17,60800
TATACOMM-III,20180521,0,0,0,622,0,800
TATAELXSI-I,20180521,1157,1173,1141.55,1164.6,2592,2116000
TATAELXSI-II,20180521,1156.65,1175,1145.5,1170.3,58,53600
TATAELXSI-III,20180521,1153.6,1168.5,1146,1146,3,5600
TATAGLOBAL-I,20180521,244.85,248.4,240.3,243.75,3307,22916250
TATAGLOBAL-II,20180521,244.1,246.95,239.5,242.25,266,2445750
TATAGLOBAL-III,20180521,247,247,244.4,244.45,4,65250
TATAMOTORS-I,20180521,305.1,308,295.7,297.35,14633,78826500
TATAMOTORS-II,20180521,308.65,309.4,297.5,298.7,2516,7750500
TATAMOTORS-III,20180521,309,309.55,299,300.2,78,309000
TATAMTRDVR-I,20180521,180.4,181.15,173.55,175.05,2845,22975000
TATAMTRDVR-II,20180521,180.35,180.65,175,176.3,284,1402500
TATAMTRDVR-III,20180521,178,178,178,178,1,22400
TATAPOWER-I,20180521,80.5,80.8,78.35,78.9,603,47394000
TATAPOWER-II,20180521,80.95,81.05,78.8,79.15,30,747000
TATAPOWER-III,20180521,79.8,79.8,78.4,78.4,7,180000
TATASTEEL-I,20180521,593.1,602.35,575.75,578.7,16056,21259257
TATASTEEL-II,20180521,601.55,605.1,578.9,581.55,872,1451448
TATASTEEL-III,20180521,595.85,595.85,573.1,574.8,45,184614
TCS-I,20180521,3514.95,3575,3489.7,3543.5,12146,5456500
TCS-II,20180521,3507.75,3585.2,3495.2,3554.4,1810,788000
TCS-III,20180521,3560.85,3582.55,3554,3558,25,6500
TECHM-I,20180521,695.05,698,680.65,688.25,4685,16266000
TECHM-II,20180521,699.25,699.5,684.1,690.85,178,530400
TECHM-III,20180521,690.95,690.95,688.45,688.45,2,55200
TITAN-I,20180521,942.5,946.7,915.1,917.25,6793,12168000
TITAN-II,20180521,950,950.05,920,921.6,423,608250
TITAN-III,20180521,943.85,943.85,925.15,925.15,5,17250
TORNTPHARM-I,20180521,1346.7,1350.45,1310,1329,476,411000
TORNTPHARM-II,20180521,1326.85,1340.75,1311.95,1326,6,7000
TORNTPHARM-III,20180521,0,0,0,1420.1,0,0
TORNTPOWER-I,20180521,225.15,227.5,217.05,218.45,583,4215000
TORNTPOWER-II,20180521,222.9,222.9,218.2,220.55,13,168000
TORNTPOWER-III,20180521,0,0,0,241.8,0,0
TV18BRDCST-I,20180521,54.4,54.45,52.95,53.15,1085,82033500
TV18BRDCST-II,20180521,54.2,54.5,53.4,53.4,132,1734000
TV18BRDCST-III,20180521,0,0,0,55,0,85000
TVSMOTOR-I,20180521,570.75,574.35,554.05,562.95,3120,6041000
TVSMOTOR-II,20180521,564.1,572.15,554.15,561.95,116,301000
TVSMOTOR-III,20180521,0,0,0,569.9,0,9000
UBL-I,20180521,1142.45,1167.85,1130.7,1146.9,2721,1422400
UBL-II,20180521,1162,1170,1139.2,1158.55,35,28700
UBL-III,20180521,0,0,0,1093.25,0,0
UJJIVAN-I,20180521,395.15,397.45,377,380.6,2316,6305600
UJJIVAN-II,20180521,398,398,379.15,382.3,87,171200
UJJIVAN-III,20180521,385,385,381.05,381.05,2,11200
ULTRACEMCO-I,20180521,3909.85,4026.3,3823.7,3869,5049,1808200
ULTRACEMCO-II,20180521,3956.95,4034.55,3850,3887.05,267,30400
ULTRACEMCO-III,20180521,0,0,0,4000,0,200
UNIONBANK-I,20180521,85.3,89.35,83.5,87.3,4830,33172000
UNIONBANK-II,20180521,85.3,89.7,84.1,87.85,371,1988000
UNIONBANK-III,20180521,87,89.5,87,89.5,4,102000
UPL-I,20180521,712,712.4,678.05,685.9,4724,12820800
UPL-II,20180521,711,711,679.7,687.05,377,546000
UPL-III,20180521,703.5,703.5,686,687.2,13,18000
VEDL-I,20180521,271.3,274.2,262,265.15,11819,43751750
VEDL-II,20180521,273.1,275.5,263.45,265.95,1137,3202500
VEDL-III,20180521,275,275,265,267.15,23,59500
VGUARD-I,20180521,220,222.2,214.5,219.95,732,2982000
VGUARD-II,20180521,220.6,220.6,213.3,218,70,261000
VGUARD-III,20180521,0,0,0,241.95,0,0
VOLTAS-I,20180521,554.65,554.65,536.8,542.25,4800,4208000
VOLTAS-II,20180521,555,555,539.65,544.8,150,252000
VOLTAS-III,20180521,0,0,0,554.5,0,8000
WIPRO-I,20180521,270.3,270.55,265.3,266.2,2123,28627200
WIPRO-II,20180521,269.05,270,266.2,266.6,174,616800
WIPRO-III,20180521,0,0,0,281.75,0,4800
WOCKPHARMA-I,20180521,662.55,666.6,632.15,637.25,1000,3141900
WOCKPHARMA-II,20180521,674.55,674.55,647.7,647.7,2,75600
WOCKPHARMA-III,20180521,0,0,0,739,0,1800
YESBANK-I,20180521,343.15,349.75,334.4,335.45,12762,39943750
YESBANK-II,20180521,346.8,348.4,333.45,334.55,930,13090000
YESBANK-III,20180521,349.8,350,336.5,336.5,30,220500
ZEEL-I,20180521,569.85,569.85,553.1,555.55,1633,9447100
ZEEL-II,20180521,563.8,563.8,557,557,44,94900
ZEEL-III,20180521,560,560,560,560,1,1300
