BANKNIFTY-I,20171120,25825,25867,25745.15,25831.85,35014,2402200
BANKNIFTY-II,20171120,25859.3,25944.75,25830,25906.6,829,143360
BANKNIFTY-III,20171120,25920,25980,25893,25966.05,31,12720
FTSE100-I,20171120,0,0,0,7457,0,0
FTSE100-II,20171120,0,0,0,7652,0,0
FTSE100-III,20171120,0,0,0,7503,0,0
FTSE100-IIII,20171120,0,0,0,7912,0,0
FTSE100-IIIII,20171120,0,0,0,7982,0,0
FTSE100-IIIIII,20171120,0,0,0,7867,0,0
NIFTY-I,20171120,10297.65,10342,10276.8,10320.05,65964,23123250
NIFTY-II,20171120,10337,10379,10320,10355.2,7573,2670300
NIFTY-III,20171120,10374.55,10410,10352.5,10391.9,434,160800
NIFTYCPSE-I,20171120,0,0,0,2505.1,0,0
NIFTYCPSE-II,20171120,0,0,0,2531.5,0,0
NIFTYCPSE-III,20171120,0,0,0,2752.3,0,0
NIFTYINFRA-I,20171120,0,0,0,3376.25,0,0
NIFTYINFRA-II,20171120,0,0,0,3261.55,0,0
NIFTYINFRA-III,20171120,0,0,0,3636.75,0,0
NIFTYIT-I,20171120,11077,11178,11077,11126,48,29850
NIFTYIT-II,20171120,11177,11177,11177,11177,1,750
NIFTYIT-III,20171120,0,0,0,11057,0,0
NIFTYMID50-I,20171120,0,0,0,4782,0,0
NIFTYMID50-II,20171120,0,0,0,4732.3,0,0
NIFTYMID50-III,20171120,0,0,0,5134.25,0,0
NIFTYPSE-I,20171120,0,0,0,4196.35,0,0
NIFTYPSE-II,20171120,0,0,0,4060.8,0,0
NIFTYPSE-III,20171120,0,0,0,4478.55,0,0
ACC-I,20171120,1753.15,1757.3,1708.8,1712.5,2278,1491600
ACC-II,20171120,1773,1773,1719.1,1721.9,149,51200
ACC-III,20171120,0,0,0,1810.85,0,0
ADANIENT-I,20171120,156.95,162.5,156.7,160.95,7249,29760000
ADANIENT-II,20171120,158,162.9,157.85,161.7,272,840000
ADANIENT-III,20171120,160,163,158.7,163,8,24000
ADANIPORTS-I,20171120,401.65,406.8,399.1,400.45,2679,9937500
ADANIPORTS-II,20171120,404.4,408.95,400.7,402.3,161,485000
ADANIPORTS-III,20171120,0,0,0,420.9,0,0
ADANIPOWER-I,20171120,34.35,35.5,33.85,35.2,2072,111840000
ADANIPOWER-II,20171120,34.1,35.65,34.1,35.4,331,7300000
ADANIPOWER-III,20171120,0,0,0,33.35,0,20000
AJANTPHARM-I,20171120,1284,1348.5,1281.7,1341.85,4289,1140400
AJANTPHARM-II,20171120,1291.75,1355.8,1291.75,1349.1,92,22000
AJANTPHARM-III,20171120,1319.35,1335,1313.7,1335,4,1000
ALBK-I,20171120,79.2,80.1,78.2,79.6,868,13510000
ALBK-II,20171120,79.8,80.8,79.05,80.35,54,1180000
ALBK-III,20171120,0,0,0,85.95,0,0
AMARAJABAT-I,20171120,795.6,813.75,795.6,809.2,1659,2073600
AMARAJABAT-II,20171120,810.2,815.95,807.6,813.95,36,82200
AMARAJABAT-III,20171120,0,0,0,800.05,0,4200
AMBUJACEM-I,20171120,272.65,273,264,265.3,2063,9092500
AMBUJACEM-II,20171120,270.9,272.1,265.4,266.7,101,282500
AMBUJACEM-III,20171120,271.4,271.4,271.4,271.4,1,5000
ANDHRABANK-I,20171120,65.85,66.9,64.75,65.3,537,22860000
ANDHRABANK-II,20171120,67.1,67.1,65.35,65.6,28,1210000
ANDHRABANK-III,20171120,0,0,0,65.3,0,10000
APOLLOHOSP-I,20171120,1054.95,1059.15,1038.8,1054.8,1698,2596000
APOLLOHOSP-II,20171120,1055,1058.2,1045.2,1058,28,47500
APOLLOHOSP-III,20171120,1055,1055,1055,1055,1,1500
APOLLOTYRE-I,20171120,236.95,238.7,234.95,235.65,1981,14739000
APOLLOTYRE-II,20171120,238.9,239.8,236.3,236.9,97,513000
APOLLOTYRE-III,20171120,0,0,0,237.65,0,3000
ARVIND-I,20171120,425.25,427.8,418.45,426.2,2036,6414000
ARVIND-II,20171120,423.65,429.7,420.65,427.8,177,356000
ARVIND-III,20171120,0,0,0,435,0,12000
ASHOKLEY-I,20171120,116.75,117.4,114.8,115.45,2464,55993000
ASHOKLEY-II,20171120,117.7,117.9,115.75,116.05,340,5047000
ASHOKLEY-III,20171120,117,117,116.7,116.7,3,308000
ASIANPAINT-I,20171120,1173.1,1178.3,1161.55,1170.15,1007,2910000
ASIANPAINT-II,20171120,1189.6,1189.6,1169,1174.65,65,144000
ASIANPAINT-III,20171120,0,0,0,1210.15,0,0
AUROPHARMA-I,20171120,709.35,716,703.3,708.25,4768,20641600
AUROPHARMA-II,20171120,712,719.35,707.7,711.95,665,852000
AUROPHARMA-III,20171120,0,0,0,725,0,8800
AXISBANK-I,20171120,543.75,549.4,538.75,546.6,7567,44062800
AXISBANK-II,20171120,545,552,542,549.3,579,2595600
AXISBANK-III,20171120,550.35,551.5,544.5,550.8,9,160800
BAJAJ-AUTO-I,20171120,3213.2,3264.2,3207.35,3250.1,1178,1659000
BAJAJ-AUTO-II,20171120,3262.3,3277.9,3256.8,3265,60,41500
BAJAJ-AUTO-III,20171120,0,0,0,3335.75,0,0
BAJAJFINSV-I,20171120,5169.05,5224.9,5152.3,5189.75,1265,777250
BAJAJFINSV-II,20171120,5230,5255.4,5185,5221.95,85,25125
BAJAJFINSV-III,20171120,0,0,0,5061.4,0,0
BAJFINANCE-I,20171120,1789.75,1810.95,1777,1808.35,3356,5541500
BAJFINANCE-II,20171120,1791,1817.6,1787.5,1817.1,277,255000
BAJFINANCE-III,20171120,1831.35,1831.35,1820.85,1820.85,2,3500
BALKRISIND-I,20171120,2088,2154.9,2070.95,2080.9,1026,466800
BALKRISIND-II,20171120,2149.65,2150,2068.2,2068.2,25,23200
BALKRISIND-III,20171120,0,0,0,2109.85,0,400
BALRAMCHIN-I,20171120,160.9,164.8,160.4,163.5,1126,14868000
BALRAMCHIN-II,20171120,161.9,165.2,161.9,164.45,141,1218000
BALRAMCHIN-III,20171120,0,0,0,158,0,66500
BANKBARODA-I,20171120,183.85,188.55,182.9,185.35,8748,47593000
BANKBARODA-II,20171120,184.85,189.35,184.25,186,457,2026500
BANKBARODA-III,20171120,0,0,0,185.1,0,16000
BANKINDIA-I,20171120,207.85,207.85,204.2,206.1,2647,15474000
BANKINDIA-II,20171120,206.35,207.3,204,206.4,117,810000
BANKINDIA-III,20171120,205.85,205.85,205.85,205.85,2,24000
BATAINDIA-I,20171120,754.7,754.75,739,743.9,1056,2322100
BATAINDIA-II,20171120,753.7,754.95,743.25,746.05,95,146300
BATAINDIA-III,20171120,0,0,0,760,0,5500
BEL-I,20171120,178.7,180.55,178,179.95,958,20928600
BEL-II,20171120,180.4,181.35,179.05,181.1,32,871200
BEL-III,20171120,0,0,0,181,0,54450
BEML-I,20171120,1646.25,1654,1621,1630.95,1745,2333700
BEML-II,20171120,1656.3,1660.15,1631.3,1639.8,224,62700
BEML-III,20171120,0,0,0,1696,0,300
BERGEPAINT-I,20171120,254.95,255.05,252.25,253.05,180,1727000
BERGEPAINT-II,20171120,255.9,255.9,255,255,3,33000
BERGEPAINT-III,20171120,0,0,0,254.35,0,2200
BHARATFIN-I,20171120,972.95,988,969.8,979.9,2227,11983000
BHARATFIN-II,20171120,981,990.15,980.95,984.45,122,131000
BHARATFIN-III,20171120,0,0,0,999.2,0,2000
BHARATFORG-I,20171120,702.95,705.95,694.05,700.15,1571,6667200
BHARATFORG-II,20171120,705,708,699,703.9,250,385200
BHARATFORG-III,20171120,0,0,0,700,0,1200
BHARTIARTL-I,20171120,495.35,498.5,490.45,494.4,4752,43154500
BHARTIARTL-II,20171120,495.9,500.9,493.2,496.95,766,2133500
BHARTIARTL-III,20171120,497.55,503,497.55,502.45,4,115600
BHEL-I,20171120,87.8,88.25,86.95,87.65,1246,44280000
BHEL-II,20171120,88.25,88.75,87.5,88.1,209,3435000
BHEL-III,20171120,88.5,88.5,88.5,88.5,1,120000
BIOCON-I,20171120,408,424.6,407.95,422.95,10379,8155800
BIOCON-II,20171120,417,424.85,409.4,422.7,759,1479600
BIOCON-III,20171120,412.05,425,412,425,7,28800
BOSCHLTD-I,20171120,19085.05,19541,18915,19451.85,1622,112275
BOSCHLTD-II,20171120,19142.8,19609.3,19010.15,19530.6,66,3925
BOSCHLTD-III,20171120,0,0,0,21366.55,0,0
BPCL-I,20171120,504.4,507,496.55,503.5,2726,11008800
BPCL-II,20171120,503.3,506.5,497.5,503.5,104,338400
BPCL-III,20171120,504.4,506.7,504.4,506.7,3,43200
BRITANNIA-I,20171120,4747.6,4803.45,4743.1,4777.75,632,808000
BRITANNIA-II,20171120,4820.1,4820.1,4768.55,4804.4,16,14200
BRITANNIA-III,20171120,0,0,0,4678.05,0,0
CADILAHC-I,20171120,452,455.7,445.35,447.65,1431,4841600
CADILAHC-II,20171120,455.9,457,448,449.85,164,344000
CADILAHC-III,20171120,0,0,0,448.1,0,1600
CANBK-I,20171120,388.75,397.3,386.6,395,4117,10158696
CANBK-II,20171120,389.8,398.25,388.8,396.5,111,428676
CANBK-III,20171120,397.4,399.05,397.4,399.05,2,11200
CANFINHOME-I,20171120,478.65,480,463.85,473.55,1180,4390000
CANFINHOME-II,20171120,474.05,478.75,468,475.45,51,280000
CANFINHOME-III,20171120,0,0,0,506.5,0,0
CAPF-I,20171120,699,709.9,695,707.95,821,4021600
CAPF-II,20171120,701,712.8,701,711.95,61,123200
CAPF-III,20171120,0,0,0,699.95,0,800
CASTROLIND-I,20171120,397.3,398.05,393.8,394.4,680,12873000
CASTROLIND-II,20171120,397.95,398.25,394.7,395.4,103,365400
CASTROLIND-III,20171120,0,0,0,401.5,0,11200
CEATLTD-I,20171120,1781,1797.75,1765,1779.55,2237,1818950
CEATLTD-II,20171120,1799,1803.35,1775,1789.95,40,61250
CEATLTD-III,20171120,0,0,0,1800,0,1050
CENTURYTEX-I,20171120,1318,1332.05,1305.6,1326.2,2453,7324900
CENTURYTEX-II,20171120,1322.8,1337.4,1316,1332.85,155,79200
CENTURYTEX-III,20171120,0,0,0,1383.45,0,550
CESC-I,20171120,1010.85,1013.85,997.6,1011.6,1424,4754750
CESC-II,20171120,1011,1018.95,1005,1016.8,112,169400
CESC-III,20171120,0,0,0,1055.15,0,550
CGPOWER-I,20171120,84.25,85.35,83.1,84.4,699,26868000
CGPOWER-II,20171120,84.35,85.8,83.5,84.85,116,1812000
CGPOWER-III,20171120,0,0,0,83.5,0,0
CHENNPETRO-I,20171120,423.3,423.5,416.6,418.35,490,1947000
CHENNPETRO-II,20171120,423.15,424.45,418.55,420.15,22,66000
CHENNPETRO-III,20171120,0,0,0,450,0,6000
CHOLAFIN-I,20171120,1269,1296,1267.1,1289.1,377,503000
CHOLAFIN-II,20171120,1290.7,1301.65,1290.7,1297.7,3,5500
CHOLAFIN-III,20171120,0,0,0,1131.5,0,0
CIPLA-I,20171120,606.05,609,598.5,606.05,2372,8350000
CIPLA-II,20171120,607.6,611.8,601.65,609.1,207,234000
CIPLA-III,20171120,0,0,0,619.55,0,1000
COALINDIA-I,20171120,270.95,280.5,270.25,278.3,3949,20685600
COALINDIA-II,20171120,271.2,281.35,271.2,278.9,186,1218900
COALINDIA-III,20171120,272,279,269.65,276.8,14,363000
COLPAL-I,20171120,1046.95,1053.75,1035.7,1048.25,467,1401400
COLPAL-II,20171120,1049.45,1049.45,1044,1045.7,4,40600
COLPAL-III,20171120,0,0,0,1071.45,0,0
CONCOR-I,20171120,1357.95,1394,1348.55,1369.3,1580,1158125
CONCOR-II,20171120,1396.55,1396.55,1356.15,1375.55,29,21250
CONCOR-III,20171120,0,0,0,1390,0,0
CUMMINSIND-I,20171120,866.95,866.95,857.15,858.85,214,859800
CUMMINSIND-II,20171120,864,867.6,862.25,863.15,23,46200
CUMMINSIND-III,20171120,0,0,0,922.2,0,0
DABUR-I,20171120,337.75,340.5,336.1,338.9,582,11835000
DABUR-II,20171120,338.9,341.5,338,340.1,27,190000
DABUR-III,20171120,0,0,0,327.95,0,0
DALMIABHA-I,20171120,3074.95,3075.75,3002.55,3025.25,449,508200
DALMIABHA-II,20171120,3035.15,3035.2,3031.2,3031.2,3,8700
DALMIABHA-III,20171120,0,0,0,2873.65,0,0
DCBBANK-I,20171120,179.6,182.15,179.2,181.85,671,5593500
DCBBANK-II,20171120,181.4,183,180.1,182.9,37,387000
DCBBANK-III,20171120,0,0,0,180.65,0,13500
DHFL-I,20171120,638.05,646.5,635,642.25,1312,30334500
DHFL-II,20171120,649,655.15,640.7,646.35,35,670500
DHFL-III,20171120,0,0,0,650.6,0,241500
DISHTV-I,20171120,76.85,77.5,76.3,77.2,495,25144000
DISHTV-II,20171120,77.4,77.7,76.8,77.55,67,903000
DISHTV-III,20171120,0,0,0,78.1,0,0
DIVISLAB-I,20171120,1021.95,1052.85,1021.95,1046.7,2951,3693600
DIVISLAB-II,20171120,1036.05,1056.35,1033.4,1049.65,129,106400
DIVISLAB-III,20171120,0,0,0,1030,0,5600
DLF-I,20171120,223.9,230.2,223.1,228.15,6935,43570000
DLF-II,20171120,226.55,230.8,224.4,229.35,549,2785000
DLF-III,20171120,230,230,229.35,229.35,2,110000
DRREDDY-I,20171120,2339.1,2345.5,2266.65,2282.6,4846,4367400
DRREDDY-II,20171120,2343.3,2356,2280,2293.85,447,740600
DRREDDY-III,20171120,2327.6,2327.6,2304.85,2310.7,5,4250
EICHERMOT-I,20171120,30687.15,30819.85,30589.8,30729.7,647,173375
EICHERMOT-II,20171120,30968.55,30970.5,30753.65,30877.65,71,6150
EICHERMOT-III,20171120,0,0,0,31500,0,25
ENGINERSIN-I,20171120,184.65,189.85,182.1,188.2,2551,16828000
ENGINERSIN-II,20171120,184.1,190.25,183.1,188.9,117,626500
ENGINERSIN-III,20171120,185,185,184,184.65,7,17500
EQUITAS-I,20171120,141.5,147.75,141,147.25,2194,16230400
EQUITAS-II,20171120,142.2,148.5,142.2,148,188,896000
EQUITAS-III,20171120,149.4,149.4,149.4,149.4,1,35200
ESCORTS-I,20171120,695.25,703.6,693,695.2,1099,4312000
ESCORTS-II,20171120,700,707.15,696.15,698.55,142,216700
ESCORTS-III,20171120,0,0,0,737.9,0,1100
EXIDEIND-I,20171120,201.35,203.15,200.55,202.15,803,20496000
EXIDEIND-II,20171120,204,204.25,201.75,203.25,72,672000
EXIDEIND-III,20171120,0,0,0,203.5,0,4000
FEDERALBNK-I,20171120,112.6,114.15,112.6,113.65,1914,76307000
FEDERALBNK-II,20171120,113.65,114.7,113.35,114.3,113,3751000
FEDERALBNK-III,20171120,114.65,114.9,114.65,114.9,2,539000
FORTIS-I,20171120,130.5,134.35,129.7,131.6,3692,46134900
FORTIS-II,20171120,130.85,134.95,130.85,132.4,988,2862000
FORTIS-III,20171120,132.85,134.05,132.6,133.5,8,101500
GAIL-I,20171120,444.6,461.8,443.3,459.7,3510,15802000
GAIL-II,20171120,447,463,446.8,460.6,244,338000
GAIL-III,20171120,460,460,459.9,460,9,24000
GLENMARK-I,20171120,587.7,597.5,587.1,593.85,1907,7481600
GLENMARK-II,20171120,593.85,600,593.85,597,166,462700
GLENMARK-III,20171120,0,0,0,590.2,0,2700
GMRINFRA-I,20171120,17,17.4,16.85,17.3,719,297405000
GMRINFRA-II,20171120,17.1,17.5,17,17.4,113,27270000
GMRINFRA-III,20171120,17.6,17.6,17.6,17.6,1,945000
GODFRYPHLP-I,20171120,1049,1051.5,1028.3,1032.95,408,565000
GODFRYPHLP-II,20171120,1038.4,1038.4,1034.75,1035.65,5,12500
GODFRYPHLP-III,20171120,1045,1045,1045,1045,1,2500
GODREJCP-I,20171120,942.5,961.5,942.5,958.2,487,2591200
GODREJCP-II,20171120,951.15,963.7,951.15,960.9,70,44000
GODREJCP-III,20171120,0,0,0,937.8,0,0
GODREJIND-I,20171120,551.05,573.4,550,572.3,1562,4011000
GODREJIND-II,20171120,554,576,553.35,575.1,47,241500
GODREJIND-III,20171120,0,0,0,579.8,0,0
GRANULES-I,20171120,123.2,126.4,123.1,125.9,1146,19795000
GRANULES-II,20171120,125.7,127,124.7,126.8,95,1030000
GRANULES-III,20171120,0,0,0,140.65,0,25000
GRASIM-I,20171120,1174.35,1194,1164,1187.45,1211,3250500
GRASIM-II,20171120,1191,1198.05,1175.1,1193.55,19,93750
GRASIM-III,20171120,0,0,0,1202.45,0,3000
GSFC-I,20171120,136.75,139.5,135.75,138.95,1026,24853500
GSFC-II,20171120,136.65,140.2,136.65,139.65,56,571500
GSFC-III,20171120,0,0,0,138,0,18000
HAVELLS-I,20171120,510.5,517,508.85,513,1419,4896000
HAVELLS-II,20171120,515.5,518.85,512.6,515.1,77,146000
HAVELLS-III,20171120,514.5,514.5,514.5,514.5,2,6000
HCC-I,20171120,36.95,37.9,36.65,37.8,586,29376000
HCC-II,20171120,37.2,38.1,36.95,38,67,1560000
HCC-III,20171120,37.65,37.65,37.65,37.65,1,30000
HCLTECH-I,20171120,847.6,850.6,840.6,845.15,1967,9438100
HCLTECH-II,20171120,846.5,853.95,845.25,848.35,109,200900
HCLTECH-III,20171120,0,0,0,865.8,0,1400
HDFC-I,20171120,1704.4,1710.8,1693,1695.9,3923,10884500
HDFC-II,20171120,1720,1720,1700.55,1703.75,434,593000
HDFC-III,20171120,1718.05,1720.05,1708.1,1712.2,12,25500
HDFCBANK-I,20171120,1839.05,1843.5,1835,1840.3,5699,19793500
HDFCBANK-II,20171120,1841.95,1846.5,1839,1843.7,503,1455500
HDFCBANK-III,20171120,1848.05,1848.05,1843.35,1843.35,2,6000
HDIL-I,20171120,64.75,66.3,64.1,64.5,1864,33776000
HDIL-II,20171120,65.2,66.75,64.25,64.9,69,2480000
HDIL-III,20171120,0,0,0,66,0,117000
HEROMOTOCO-I,20171120,3624.55,3693.4,3624.55,3667.2,1641,1630200
HEROMOTOCO-II,20171120,3663.5,3704.7,3662.65,3681.4,91,43000
HEROMOTOCO-III,20171120,0,0,0,3810.65,0,0
HEXAWARE-I,20171120,329.5,332.5,327.6,331.3,678,2727000
HEXAWARE-II,20171120,331,332.8,328.9,331.7,7,135000
HEXAWARE-III,20171120,0,0,0,289.05,0,0
HINDALCO-I,20171120,259.4,263.65,254.25,262.85,6716,41965000
HINDALCO-II,20171120,260.55,264.6,255.95,264.1,283,1305500
HINDALCO-III,20171120,258,265.55,258,265.55,16,87500
HINDPETRO-I,20171120,416.3,419.4,411,417.1,3302,29810025
HINDPETRO-II,20171120,415,420.75,413,418.85,231,737100
HINDPETRO-III,20171120,415.6,419.8,412.8,419.7,11,50400
HINDUNILVR-I,20171120,1276.4,1283.8,1271.05,1279.2,1319,9140400
HINDUNILVR-II,20171120,1278,1288.8,1278,1283.95,160,268800
HINDUNILVR-III,20171120,0,0,0,1294,0,0
HINDZINC-I,20171120,309.45,317.45,307,316.4,1304,6832000
HINDZINC-II,20171120,312.75,318.3,309.05,317.95,44,268800
HINDZINC-III,20171120,0,0,0,306,0,19200
IBREALEST-I,20171120,216.35,235.4,212.25,234.05,8846,43275000
IBULHSGFIN-I,20171120,1184.7,1209.7,1183.4,1202.75,5702,12302000
IBULHSGFIN-II,20171120,1194.05,1215,1194,1208.65,237,227600
IBULHSGFIN-III,20171120,1212.95,1212.95,1212.95,1212.95,1,10800
ICICIBANK-I,20171120,324.9,324.9,318.5,320,9070,80157000
ICICIBANK-II,20171120,326,326,320,321.05,602,8505750
ICICIBANK-III,20171120,324.4,324.4,321.8,321.8,12,159500
ICICIPRULI-I,20171120,395.1,397.1,386.35,389.55,1174,6862700
ICICIPRULI-II,20171120,394.3,398,388.85,391.65,88,282100
ICICIPRULI-III,20171120,0,0,0,384.35,0,7800
ICIL-I,20171120,128.8,131.25,127.05,128.5,974,12033000
ICIL-II,20171120,129.85,130.85,128.55,129.6,11,192500
ICIL-III,20171120,0,0,0,122.7,0,0
IDBI-I,20171120,59.45,61.8,58.9,61.5,1585,20896000
IDBI-II,20171120,59.85,62,59.3,61.8,94,1904000
IDBI-III,20171120,0,0,0,61.2,0,110000
IDEA-I,20171120,95.25,102.3,94.85,101.65,7642,63182000
IDEA-II,20171120,95.75,102.9,95.75,102.15,275,1232000
IDEA-III,20171120,102,102,102,102,1,70000
IDFC-I,20171120,61.15,62.4,60.75,61.95,1329,140725200
IDFC-II,20171120,61.8,62.7,61.1,62.3,185,6930000
IDFC-III,20171120,0,0,0,62.1,0,92400
IDFCBANK-I,20171120,55.15,55.5,55.05,55.15,1077,118404000
IDFCBANK-II,20171120,55.65,55.75,55.3,55.4,607,9882000
IDFCBANK-III,20171120,56.1,56.1,55.7,55.9,5,207000
IFCI-I,20171120,23.8,24.15,23.6,24.05,296,79398000
IFCI-II,20171120,24.05,24.2,23.85,24.15,70,8140000
IFCI-III,20171120,24.15,24.3,24.1,24.3,6,132000
IGL-I,20171120,303.8,307,301.5,305.7,722,5489000
IGL-II,20171120,303.8,308,303.8,307.2,48,222750
IGL-III,20171120,0,0,0,303.5,0,24750
INDIACEM-I,20171120,176.3,176.3,170.5,172.05,2024,26169500
INDIACEM-II,20171120,175.3,175.3,171.6,173.05,148,700000
INDIACEM-III,20171120,0,0,0,177.4,0,24500
INDIANB-I,20171120,410.9,421,408.05,418.9,1782,4120000
INDIANB-II,20171120,413,421.6,411.5,420.1,87,226000
INDIANB-III,20171120,408.05,422.9,408.05,422.9,5,30000
INDIGO-I,20171120,1180,1182,1166.6,1176.5,723,2255400
INDIGO-II,20171120,1180.25,1187.1,1177,1184.65,38,46800
INDIGO-III,20171120,0,0,0,1262.65,0,600
INDUSINDBK-I,20171120,1638.3,1663.5,1629.6,1650.25,6184,5781600
INDUSINDBK-II,20171120,1645.15,1667,1642.85,1655.55,353,285900
INDUSINDBK-III,20171120,1660,1674,1660,1661,4,1500
INFIBEAM-I,20171120,180.75,183.4,176,179.75,1991,35552000
INFIBEAM-II,20171120,179.9,182.2,177.85,181.4,1757,10608000
INFIBEAM-III,20171120,0,0,0,181.35,0,12000
INFRATEL-I,20171120,386.7,393.4,382.15,384,2505,12182200
INFRATEL-II,20171120,389,395.55,384.5,386.5,96,215900
INFRATEL-III,20171120,0,0,0,402.45,0,20400
INFY-I,20171120,970.25,975.05,960.2,962.85,13978,32754500
INFY-II,20171120,965,974.95,963.2,967.25,8501,6176000
INFY-III,20171120,974.2,978.05,969.15,970,53,75600
IOC-I,20171120,393.1,394.85,389.35,393,2403,18591000
IOC-II,20171120,395,395.3,390.9,394.3,111,624000
IOC-III,20171120,395.05,395.05,395.05,395.05,2,69000
IRB-I,20171120,232.3,239.25,232.3,236.1,2062,15145000
IRB-II,20171120,236.75,240.45,234.1,237.35,108,625000
IRB-III,20171120,0,0,0,244.2,0,2500
ITC-I,20171120,259.7,260.9,257.5,259.4,5169,77786400
ITC-II,20171120,259.5,262,258.75,260.65,465,4668000
ITC-III,20171120,261.95,263,260.95,263,6,261600
JETAIRWAYS-I,20171120,695,727.7,690,721.45,1818,6786000
JETAIRWAYS-II,20171120,713,716,709.15,726.45,4,176400
JETAIRWAYS-III,20171120,0,0,0,605.25,0,0
JINDALSTEL-I,20171120,164.15,175.6,163.65,174.7,8044,33664500
JINDALSTEL-II,20171120,166.25,176.3,164.7,175.45,373,1062000
JINDALSTEL-III,20171120,174,174,174,174,1,54000
JISLJALEQS-I,20171120,104.25,110.8,104.2,110.15,2785,48276000
JISLJALEQS-II,20171120,105.3,111.15,105.3,110.7,124,1566000
JISLJALEQS-III,20171120,0,0,0,104,0,18000
JPASSOCIAT-I,20171120,18.7,19.2,18.3,18.8,360,184008000
JPASSOCIAT-II,20171120,0,0,0,18.9,53,9758000
JPASSOCIAT-III,20171120,0,0,0,18.8,0,272000
JSWENERGY-I,20171120,80.4,81.9,79.55,80.55,417,64022000
JSWENERGY-II,20171120,81.7,81.7,81.35,81.05,48,2805000
JSWENERGY-III,20171120,0,0,0,85.05,0,0
JSWSTEEL-I,20171120,266,268.55,263.1,267.15,2752,48858000
JSWSTEEL-II,20171120,267.45,269.85,265,268.5,296,2766000
JSWSTEEL-III,20171120,0,0,0,277.25,0,3000
JUBLFOOD-I,20171120,1763.9,1773.7,1740.3,1753.45,1509,1376500
JUBLFOOD-II,20171120,1770.9,1773,1746,1758.35,72,102000
JUBLFOOD-III,20171120,1738.9,1765.85,1738.9,1765.85,2,8500
JUSTDIAL-I,20171120,555.95,571.3,547.2,553.95,6546,3469200
JUSTDIAL-II,20171120,557.8,572,549.15,554.55,158,246000
JUSTDIAL-III,20171120,560,560,555,555,2,9800
KAJARIACER-I,20171120,709.6,717.75,707.5,715.55,211,1155200
KAJARIACER-II,20171120,721,721.05,721,721.05,2,25600
KAJARIACER-III,20171120,0,0,0,704.2,0,0
KOTAKBANK-I,20171120,1021.1,1042.95,1018.1,1041.65,3748,8834400
KOTAKBANK-II,20171120,1028,1047.1,1026,1045.85,227,575200
KOTAKBANK-III,20171120,1050.95,1050.95,1050.95,1050.95,1,4000
KPIT-I,20171120,165.85,169.45,165.5,168.25,1214,11360000
KPIT-II,20171120,169.5,169.55,168.25,168.5,20,212000
KPIT-III,20171120,0,0,0,139.6,0,0
KSCL-I,20171120,527.85,543.8,527.65,540.3,214,4042500
KSCL-II,20171120,542.5,547.65,542.5,547.65,4,79500
KSCL-III,20171120,0,0,0,585.9,0,0
KTKBANK-I,20171120,159.7,160.15,157.65,159.35,1289,23354800
KTKBANK-II,20171120,158.7,161.15,158.7,160.2,42,695400
KTKBANK-III,20171120,0,0,0,159.75,0,15200
L&TFH-I,20171120,190.8,190.95,187.55,188.45,1518,32868000
L&TFH-II,20171120,192,192,188.65,189.45,171,2259000
L&TFH-III,20171120,0,0,0,185,0,36000
LICHSGFIN-I,20171120,608.5,611.35,601.6,608.05,3265,14725700
LICHSGFIN-II,20171120,612.65,613.9,605.1,610.55,225,498300
LICHSGFIN-III,20171120,0,0,0,611.1,0,6600
LT-I,20171120,1241.3,1248,1225.35,1230.15,6776,12723750
LT-II,20171120,1248,1252.55,1232.8,1235.7,363,589500
LT-III,20171120,1251,1255,1240,1242,10,17250
LUPIN-I,20171120,834.1,835.5,826.95,829.75,4119,11180000
LUPIN-II,20171120,835.05,840,831.3,833.55,616,1226000
LUPIN-III,20171120,838.05,840,837.25,837.5,6,109800
M&M-I,20171120,1422,1422,1405.1,1412.85,2014,4504000
M&M-II,20171120,1415.6,1424.55,1410.45,1416.8,465,274000
M&M-III,20171120,1422,1422.05,1421,1421,3,2500
M&MFIN-I,20171120,440.2,444.5,433.35,437.75,1830,7490000
M&MFIN-II,20171120,440.5,445.3,437.75,437.95,24,88750
M&MFIN-III,20171120,0,0,0,445.5,0,1250
MANAPPURAM-I,20171120,102.4,104.25,102,102.85,1296,40080000
MANAPPURAM-II,20171120,103.25,104.5,102.6,103.45,72,1188000
MANAPPURAM-III,20171120,104.5,104.5,104.3,104.3,3,66000
MARICO-I,20171120,305.1,308.2,302.15,305.1,561,6578000
MARICO-II,20171120,307.15,308.05,304.45,307.05,10,91000
MARICO-III,20171120,0,0,0,318.45,0,0
MARUTI-I,20171120,8359.45,8462,8359.45,8428.2,8542,1694325
MARUTI-II,20171120,8460.85,8495.95,8394.05,8464.55,469,81825
MARUTI-III,20171120,8449.95,8502.85,8449.95,8496.55,19,10125
MCDOWELL-N-I,20171120,3195.05,3259.8,3176.75,3246.85,3703,2040250
MCDOWELL-N-II,20171120,3219.75,3274.85,3201,3266.05,105,43750
MCDOWELL-N-III,20171120,0,0,0,3194.7,0,3000
MCX-I,20171120,959.3,986.75,952,977.7,1947,2454000
MCX-II,20171120,960,993.65,959.2,982.7,162,157000
MCX-III,20171120,0,0,0,965.4,0,1500
MFSL-I,20171120,567.8,571.95,562.75,565,842,3957000
MFSL-II,20171120,571.1,572,567,568,15,48000
MFSL-III,20171120,0,0,0,566.1,0,1000
MGL-I,20171120,1098.4,1098.4,1063.95,1073.1,826,1454400
MGL-II,20171120,1091.5,1097.1,1072,1077.85,51,45600
MGL-III,20171120,1095.75,1095.75,1095.75,1095.75,1,1200
MINDTREE-I,20171120,516,516.85,506.1,509.4,538,2692800
MINDTREE-II,20171120,516,516,508.25,511.4,59,78000
MINDTREE-III,20171120,0,0,0,513.15,0,2400
MOTHERSUMI-I,20171120,360.7,362.4,357,359.1,731,11756250
MOTHERSUMI-II,20171120,362.7,362.7,359.15,361.05,32,266250
MOTHERSUMI-III,20171120,0,0,0,360,0,1600
MRF-I,20171120,69168.55,70088,68699.95,68949.05,613,70890
MRF-II,20171120,69710.05,69778.9,69150.45,69233.65,21,1425
MRF-III,20171120,0,0,0,69696,0,15
MRPL-I,20171120,121.65,127.75,121.65,127.1,1039,12654000
MRPL-II,20171120,123.3,128.6,122.65,127.9,46,216000
MRPL-III,20171120,0,0,0,136.55,0,0
MUTHOOTFIN-I,20171120,456,457.95,448.6,451.5,675,2277000
MUTHOOTFIN-II,20171120,457.75,457.75,451.7,455,6,40500
MUTHOOTFIN-III,20171120,0,0,0,494.2,0,0
NATIONALUM-I,20171120,80.85,85.75,80,85.45,2662,35968000
NATIONALUM-II,20171120,82.2,86.1,80.5,85.95,99,1408000
NATIONALUM-III,20171120,0,0,0,81.4,0,64000
NBCC-I,20171120,269,274,265.5,266.2,1165,5538000
NBCC-II,20171120,270.8,274.25,267.1,267.5,63,288000
NBCC-III,20171120,0,0,0,265,0,9000
NCC-I,20171120,102.9,106.8,102.5,105.7,1038,21024000
NCC-II,20171120,104.3,107.3,103.95,106.6,30,480000
NCC-III,20171120,0,0,0,109.7,0,8000
NESTLEIND-I,20171120,7712,7867.95,7709,7762.15,505,148700
NESTLEIND-II,20171120,7766.35,7844.75,7766.35,7816.65,7,3000
NESTLEIND-III,20171120,0,0,0,7740,0,200
NHPC-I,20171120,27.2,27.7,27,27.6,562,48060000
NHPC-II,20171120,27.4,27.75,27.2,27.7,48,3699000
NHPC-III,20171120,0,0,0,28,0,297000
NIITTECH-I,20171120,645.6,653,642.6,645.1,331,933000
NIITTECH-II,20171120,646.55,652.8,644,644,42,28500
NIITTECH-III,20171120,0,0,0,618.8,0,0
NMDC-I,20171120,123.45,126.7,123.45,126.35,888,28794000
NMDC-II,20171120,124.8,127,124.5,126.9,87,1440000
NMDC-III,20171120,127.65,127.65,127.65,127.65,1,36000
NTPC-I,20171120,178,181.1,177.25,180.35,2532,29780000
NTPC-II,20171120,178.4,181,177.85,180.45,152,1020000
NTPC-III,20171120,0,0,0,187.6,0,0
OFSS-I,20171120,3665.6,3690,3621,3681.95,263,74100
OFSS-II,20171120,0,0,0,3650.8,0,450
OFSS-III,20171120,0,0,0,3574.35,0,0
OIL-I,20171120,354.05,360,345.45,351.85,590,2764520
OIL-II,20171120,354.95,358.7,352.6,354.45,45,138226
OIL-III,20171120,0,0,0,360.55,0,2266
ONGC-I,20171120,179.2,180.95,178.2,180.4,3165,41846250
ONGC-II,20171120,180.7,181.9,179.25,181.3,349,3907500
ONGC-III,20171120,180.55,181,180.55,181,6,161250
ORIENTBANK-I,20171120,127.95,131.65,127.25,130.2,1601,15684000
ORIENTBANK-II,20171120,128.35,132.25,128.35,131.05,67,1386000
ORIENTBANK-III,20171120,0,0,0,132,0,30000
PAGEIND-I,20171120,23229.95,23528.75,22911,23052.05,353,37200
PAGEIND-II,20171120,23164.9,23170,23100,23100,4,2250
PAGEIND-III,20171120,0,0,0,20227.05,0,0
PCJEWELLER-I,20171120,365,366.45,352.6,358.2,3316,14329500
PCJEWELLER-II,20171120,365,365,355,359.6,254,406500
PCJEWELLER-III,20171120,0,0,0,343.7,0,9000
PEL-I,20171120,2615,2630,2587,2622.8,641,1635600
PEL-II,20171120,2605,2643,2601,2636.2,105,69000
PEL-III,20171120,2687.5,2687.5,2687.5,2687.5,1,300
PETRONET-I,20171120,255,257.8,253.05,254.15,1062,15456000
PETRONET-II,20171120,257.9,258,254.45,255.05,181,789000
PETRONET-III,20171120,0,0,0,270.75,0,21000
PFC-I,20171120,126.8,128.65,125.8,127.55,2135,52398000
PFC-II,20171120,127.3,129.2,127,128.15,78,2244000
PFC-III,20171120,128.65,128.65,128.65,128.65,1,144000
PIDILITIND-I,20171120,839.6,852,832.1,849.8,972,1396000
PIDILITIND-II,20171120,839.25,856,838.8,854.25,20,40000
PIDILITIND-III,20171120,0,0,0,800.8,0,0
PNB-I,20171120,190.85,191.2,187.35,188.1,6618,36844500
PNB-II,20171120,190.5,191.85,188.1,188.65,304,1764000
PNB-III,20171120,0,0,0,197.3,0,0
POWERGRID-I,20171120,209.55,210.05,206.45,208.8,2292,23884000
POWERGRID-II,20171120,210,210.8,207.4,209.5,78,696000
POWERGRID-III,20171120,0,0,0,207.25,0,32000
PTC-I,20171120,118.3,121.5,116.8,120.9,1310,21016000
PTC-II,20171120,117.6,122,117.6,121.4,45,672000
PTC-III,20171120,0,0,0,116,0,40000
PVR-I,20171120,1411.6,1413.45,1370,1384.95,765,568800
PVR-II,20171120,1397.85,1397.85,1384.95,1393.95,34,16000
PVR-III,20171120,0,0,0,1398,0,800
RAMCOCEM-I,20171120,726.05,726.7,695,701.75,476,642400
RAMCOCEM-II,20171120,722.65,728.95,700.05,706.55,11,11200
RAMCOCEM-III,20171120,0,0,0,734.65,0,0
RAYMOND-I,20171120,956.9,988.8,953.25,985.45,3448,4388000
RAYMOND-II,20171120,962,992.5,962,990.15,58,59200
RAYMOND-III,20171120,0,0,0,978.9,0,1600
RBLBANK-I,20171120,515.95,518.6,514.75,516.7,686,5765000
RBLBANK-II,20171120,518.8,521,518,519.25,90,384000
RBLBANK-III,20171120,520.7,520.7,520.7,520.7,1,10000
RCOM-I,20171120,12,12.3,11.5,12.2,633,97692000
RCOM-II,20171120,11.7,12.35,11.7,12.25,14,8988000
RCOM-III,20171120,12.05,12.05,12.05,12.05,1,728000
RECLTD-I,20171120,160.25,162.2,159.1,160.15,2439,37020000
RECLTD-II,20171120,161,162.7,159.85,160.65,184,3492000
RECLTD-III,20171120,162,162,160.5,160.5,3,186000
RELCAPITAL-I,20171120,430.3,448,425.6,446.25,3557,12157500
RELCAPITAL-II,20171120,430.65,450,429.5,449.05,67,640500
RELCAPITAL-III,20171120,0,0,0,435.7,0,4500
RELIANCE-I,20171120,910.65,926.25,907.3,922.6,11158,43037000
RELIANCE-II,20171120,917.25,930.45,912,926.65,1017,2138000
RELIANCE-III,20171120,917.25,934,917,931.7,36,155000
RELINFRA-I,20171120,436.95,446.3,429,444.55,6613,10186800
RELINFRA-II,20171120,440.35,448.5,431.55,446.9,258,712400
RELINFRA-III,20171120,435,446.25,435,446.25,3,9100
REPCOHOME-I,20171120,615.2,633.75,615.2,629.4,415,975800
REPCOHOME-II,20171120,630.4,635,625,632.55,11,39200
REPCOHOME-III,20171120,0,0,0,627.85,0,0
RNAVAL-I,20171120,41.7,42.75,40.45,42.55,404,12942000
RNAVAL-II,20171120,41.95,42.8,40.9,42.7,62,1026000
RNAVAL-III,20171120,0,0,0,42.55,0,54000
RPOWER-I,20171120,36.8,37.7,36.5,37.45,861,59496000
RPOWER-II,20171120,37,37.9,36.8,37.7,93,6252000
RPOWER-III,20171120,0,0,0,37.25,0,429000
SAIL-I,20171120,78.95,82.9,77.9,81.85,5207,67920000
SAIL-II,20171120,79.25,83.1,78.4,82.25,302,4956000
SAIL-III,20171120,83,83.3,83,83.3,4,156000
SBIN-I,20171120,337.85,338.55,332.55,334.25,12155,67503000
SBIN-II,20171120,339.4,339.55,334.45,335.6,685,4977000
SBIN-III,20171120,339.55,340.5,336.15,336.15,19,276000
SHREECEM-I,20171120,17888.95,17888.95,17301.1,17522.7,731,40950
SHREECEM-II,20171120,17558.95,17694.35,17400,17658.95,14,650
SHREECEM-III,20171120,0,0,0,19463.85,0,0
SIEMENS-I,20171120,1198.55,1202.9,1175.5,1187.75,1137,1023000
SIEMENS-II,20171120,1197,1209.9,1182.1,1194.25,72,57000
SIEMENS-III,20171120,0,0,0,1277.3,0,0
SOUTHBANK-I,20171120,30.6,31.7,30.4,31.6,2006,170841855
SOUTHBANK-II,20171120,30.75,31.9,30.65,31.75,220,7556148
SOUTHBANK-III,20171120,31.85,31.85,31.85,31.85,1,198846
SREINFRA-I,20171120,99.8,102.35,99.55,101.9,545,12745000
SREINFRA-II,20171120,100.65,102.55,100.65,102.35,25,495000
SREINFRA-III,20171120,0,0,0,100.1,0,5000
SRF-I,20171120,1782,1792,1736.6,1766.75,1099,976000
SRF-II,20171120,1771.85,1784.95,1750,1776.9,30,17000
SRF-III,20171120,0,0,0,1668.6,0,0
SRTRANSFIN-I,20171120,1304,1304,1268.25,1285.05,1593,2995800
SRTRANSFIN-II,20171120,1301.05,1306.05,1275.5,1289.85,56,82200
SRTRANSFIN-III,20171120,0,0,0,1298.85,0,1200
STAR-I,20171120,810.05,823,794.5,819.9,5538,5184500
STAR-II,20171120,802,826,800,823.05,373,216000
STAR-III,20171120,830.65,830.65,830.65,830.65,1,6000
SUNPHARMA-I,20171120,522.95,523.35,515.85,518.7,5225,42570400
SUNPHARMA-II,20171120,526.4,526.4,519.05,521.3,758,4224800
SUNPHARMA-III,20171120,524,524.3,523,524.3,4,71500
SUNTV-I,20171120,845.25,846,829.6,838.5,2383,5278000
SUNTV-II,20171120,847.65,849.45,835,843.3,92,130000
SUNTV-III,20171120,0,0,0,856.2,0,2000
SUZLON-I,20171120,13.85,13.85,13.5,13.6,1055,411180000
SUZLON-II,20171120,13.95,13.95,13.65,13.7,147,44790000
SUZLON-III,20171120,13.95,13.95,13.75,13.8,11,4235000
SYNDIBANK-I,20171120,90,90,86.75,88.25,1638,19062000
SYNDIBANK-II,20171120,89.75,89.95,87.3,88.35,114,954000
SYNDIBANK-III,20171120,88.65,88.65,88.65,88.65,1,36000
TATACHEM-I,20171120,722.4,744.9,717.75,742.7,3330,7078500
TATACHEM-II,20171120,722.05,747.8,722,746.15,169,198000
TATACHEM-III,20171120,0,0,0,739.9,0,1500
TATACOMM-I,20171120,706.35,708.4,702.8,706.15,1735,7758800
TATACOMM-II,20171120,708.5,711.8,707.4,710.2,810,660100
TATACOMM-III,20171120,0,0,0,705.65,0,3200
TATAELXSI-I,20171120,900.35,943,887.55,936.75,4530,2254400
TATAELXSI-II,20171120,900.15,947.95,894,941.15,137,144800
TATAELXSI-III,20171120,935,954,935,953,6,3200
TATAGLOBAL-I,20171120,261.65,276.3,259.7,275.2,13329,27391500
TATAGLOBAL-II,20171120,261.75,277.45,261.7,276.55,737,1935000
TATAGLOBAL-III,20171120,264.5,278.05,264.5,277.35,8,22500
TATAMOTORS-I,20171120,423.05,426.7,421.25,424.35,6904,64372500
TATAMOTORS-II,20171120,425.8,428.5,423.75,426.55,590,5643000
TATAMOTORS-III,20171120,427.3,429.9,427,428,8,202500
TATAMTRDVR-I,20171120,241.9,244.6,241,242.2,1458,25248300
TATAMTRDVR-II,20171120,245.95,245.95,242.45,243.45,98,1008000
TATAMTRDVR-III,20171120,246,246,246,246,1,12500
TATAPOWER-I,20171120,90.4,92.7,89.7,92.15,6194,44316000
TATAPOWER-II,20171120,90.4,93.2,90,92.75,269,1773000
TATAPOWER-III,20171120,0,0,0,87.55,0,54000
TATASTEEL-I,20171120,698.2,708.9,691.65,703.5,12927,26630000
TATASTEEL-II,20171120,704,712,695.35,706.9,597,944000
TATASTEEL-III,20171120,701,715.75,700.85,710,20,88000
TCS-I,20171120,2720.9,2735,2705.4,2710.4,2021,6821250
TCS-II,20171120,2723.35,2746.45,2716.15,2721.15,267,185750
TCS-III,20171120,0,0,0,2771.4,0,5500
TECHM-I,20171120,485.15,486,477.15,478.95,1706,11867900
TECHM-II,20171120,484,484.05,478,480.85,106,205700
TECHM-III,20171120,0,0,0,499,0,2400
TITAN-I,20171120,789.5,793.65,778.4,784.65,1782,6489000
TITAN-II,20171120,793,793,782.5,788,66,307500
TITAN-III,20171120,0,0,0,788.2,0,9000
TORNTPHARM-I,20171120,1271.7,1273.1,1246.05,1253.3,366,679600
TORNTPHARM-II,20171120,1257.45,1262,1255,1262.7,24,19200
TORNTPHARM-III,20171120,0,0,0,1268.05,0,0
TORNTPOWER-I,20171120,264.75,273.3,263.05,270.1,1403,6327000
TORNTPOWER-II,20171120,264.35,274.65,264.35,271.05,62,366000
TORNTPOWER-III,20171120,267.5,267.5,267.5,267.5,3,27000
TV18BRDCST-I,20171120,46.15,47.4,45.6,46.95,2866,103003000
TV18BRDCST-II,20171120,46.25,47.75,46.05,47.4,201,4794000
TV18BRDCST-III,20171120,47.3,47.3,47,47,2,34000
TVSMOTOR-I,20171120,709.75,715.5,708.05,711.7,1354,5273000
TVSMOTOR-II,20171120,712.9,714.55,708.1,711.15,107,320000
TVSMOTOR-III,20171120,0,0,0,718.65,0,13000
UBL-I,20171120,1108.35,1150,1071.9,1080.7,1383,2112600
UBL-II,20171120,1154.2,1154.2,1078,1085.85,47,32200
UBL-III,20171120,1101.45,1101.45,1101.45,1101.45,1,700
UJJIVAN-I,20171120,391.65,408.9,388,406.3,6952,8460000
UJJIVAN-II,20171120,397.25,410,394.7,408.3,207,174000
UJJIVAN-III,20171120,412.4,412.4,412.4,412.4,1,9600
ULTRACEMCO-I,20171120,4251,4254.35,4190.1,4200.6,2132,1286400
ULTRACEMCO-II,20171120,4254.9,4259.25,4209,4218.75,145,39800
ULTRACEMCO-III,20171120,0,0,0,4555.35,0,0
UNIONBANK-I,20171120,172.65,172.8,167.55,171.45,2795,14824000
UNIONBANK-II,20171120,171.35,173.7,169.5,172.2,174,748000
UNIONBANK-III,20171120,0,0,0,171.4,0,28000
UPL-I,20171120,728.35,735.6,724,732,1745,13060800
UPL-II,20171120,731.5,738.25,729.5,735.95,109,432000
UPL-III,20171120,744,744,720.9,720.9,2,2400
VEDL-I,20171120,308.45,315.75,303.65,314.55,12821,40397000
VEDL-II,20171120,308.75,317.25,305.55,316,620,1772750
VEDL-III,20171120,308.45,316.95,306,316.25,13,138250
VGUARD-I,20171120,227.3,228.85,222,227.45,1171,3147000
VGUARD-II,20171120,225,228.2,223.8,228.2,11,141000
VGUARD-III,20171120,0,0,0,235.05,0,6000
VOLTAS-I,20171120,612.35,630.5,612,628.4,5298,3406000
VOLTAS-II,20171120,616.05,630,616,628.5,201,226000
VOLTAS-III,20171120,622.05,633.1,622.05,633.1,4,8000
WIPRO-I,20171120,296,297.2,293.05,294.3,1479,34089600
WIPRO-II,20171120,294,297.4,293.75,294.8,187,2500800
WIPRO-III,20171120,0,0,0,297.35,0,4800
WOCKPHARMA-I,20171120,715.2,724.95,710,719.4,1406,3305600
WOCKPHARMA-II,20171120,723.95,727.1,713.9,722.45,69,136800
WOCKPHARMA-III,20171120,0,0,0,703,0,2700
YESBANK-I,20171120,309.95,314.85,309,314,10339,58628500
YESBANK-II,20171120,311.85,316.4,311,315.5,985,3881500
YESBANK-III,20171120,315,317.65,315,316.7,26,290500
ZEEL-I,20171120,536.55,536.7,530.2,534.95,1120,6191900
ZEEL-II,20171120,536.25,538.25,533.1,537.3,45,157300
ZEEL-III,20171120,0,0,0,540,0,0
