BANKNIFTY-I,20170526,23020,23320,23000,23256.95,72473,3167080
BANKNIFTY-II,20170526,22967,23315,22967,23274.6,1678,43400
BANKNIFTY-III,20170526,23094.9,23335,23050,23287.3,74,1880
DJIA-I,20170526,21015,21077.5,21015,21035,137,14700
DJIA-II,20170526,0,0,0,20910,0,0
DJIA-III,20170526,0,0,0,20997.5,0,0
DJIA-IIII,20170526,0,0,0,19507.5,0,0
DJIA-IIIII,20170526,0,0,0,21150,0,0
DJIA-IIIIII,20170526,0,0,0,22335,0,0
FTSE100-I,20170526,0,0,0,6411,0,0
FTSE100-II,20170526,0,0,0,7233,0,0
FTSE100-III,20170526,0,0,0,7629,0,0
FTSE100-IIII,20170526,0,0,0,7152,0,0
FTSE100-IIIII,20170526,0,0,0,7457,0,0
FTSE100-IIIIII,20170526,0,0,0,7912,0,0
NIFTY-I,20170526,9490.1,9586.5,9475,9575.8,122805,18961125
NIFTY-II,20170526,9483.35,9598,9483.35,9589.95,4501,953775
NIFTY-III,20170526,9550,9620,9515,9608.15,731,38250
NIFTYCPSE-I,20170526,0,0,0,2555.7,0,0
NIFTYCPSE-II,20170526,0,0,0,2719,0,0
NIFTYCPSE-III,20170526,0,0,0,2635.2,0,0
NIFTYINFRA-I,20170526,0,0,0,3134.3,0,0
NIFTYINFRA-II,20170526,0,0,0,3318.85,0,0
NIFTYINFRA-III,20170526,0,0,0,3264.05,0,0
NIFTYIT-I,20170526,10631,10738,10602,10670,341,25600
NIFTYIT-II,20170526,0,0,0,10036,0,100
NIFTYIT-III,20170526,0,0,0,10930,0,0
NIFTYMID50-I,20170526,0,0,0,4437.85,0,0
NIFTYMID50-II,20170526,0,0,0,4683.3,0,0
NIFTYMID50-III,20170526,0,0,0,4493.65,0,0
NIFTYPSE-I,20170526,0,0,0,4033.05,0,0
NIFTYPSE-II,20170526,0,0,0,4261.55,0,0
NIFTYPSE-III,20170526,0,0,0,4094.1,0,0
S&P500-I,20170526,2407.25,2411.5,2406.75,2407.75,78,639250
S&P500-II,20170526,0,0,0,2392,0,6750
S&P500-III,20170526,0,0,0,2404,0,0
S&P500-IIII,20170526,0,0,0,2300,0,0
S&P500-IIIII,20170526,0,0,0,2410,0,0
S&P500-IIIIII,20170526,0,0,0,2540.5,0,0
ABIRLANUVO-I,20170526,1616.65,1638.95,1611.25,1629.7,1226,2802400
ABIRLANUVO-II,20170526,0,0,0,1617,0,1600
ABIRLANUVO-III,20170526,0,0,0,1636.35,0,0
ACC-I,20170526,1619.6,1643.8,1612.05,1638.95,1980,1174400
ACC-II,20170526,1635.1,1643,1635.1,1643,5,8000
ACC-III,20170526,0,0,0,1648.5,0,0
ADANIENT-I,20170526,117.8,118.6,115.8,116.9,1631,22032000
ADANIENT-II,20170526,118.15,118.15,116.4,116.4,9,104000
ADANIENT-III,20170526,0,0,0,118.35,0,0
ADANIPORTS-I,20170526,344.8,351.9,341.5,349.35,3204,9857500
ADANIPORTS-II,20170526,344.5,352.45,344.5,352,21,75000
ADANIPORTS-III,20170526,0,0,0,346.8,0,0
ADANIPOWER-I,20170526,28.65,29.85,28.35,29.05,1426,115420000
ADANIPOWER-II,20170526,29.7,29.7,29.05,29.3,7,460000
ADANIPOWER-III,20170526,0,0,0,29.2,0,0
AJANTPHARM-I,20170526,1620,1636.5,1573.95,1603,718,424800
AJANTPHARM-II,20170526,0,0,0,1672.15,0,0
AJANTPHARM-III,20170526,0,0,0,1644.9,0,0
ALBK-I,20170526,74.65,75.7,72.85,73.9,1647,17060000
ALBK-II,20170526,75.45,75.45,73.5,73.5,4,250000
ALBK-III,20170526,0,0,0,75.65,0,0
AMARAJABAT-I,20170526,840.6,874,840.6,863.9,1746,1143600
AMARAJABAT-II,20170526,868.75,868.75,868.75,868.75,1,1200
AMARAJABAT-III,20170526,0,0,0,852.35,0,0
AMBUJACEM-I,20170526,241.2,244.4,239.7,242.05,2317,14397500
AMBUJACEM-II,20170526,243,243.1,242.05,242.8,5,100000
AMBUJACEM-III,20170526,0,0,0,244.35,0,0
ANDHRABANK-I,20170526,61.5,62,60.05,60.55,1265,22280000
ANDHRABANK-II,20170526,61.3,61.3,60.75,60.75,2,300000
ANDHRABANK-III,20170526,0,0,0,62.05,0,0
APOLLOHOSP-I,20170526,1205.7,1240,1200,1225.3,927,1883600
APOLLOHOSP-II,20170526,0,0,0,1226,0,500
APOLLOHOSP-III,20170526,0,0,0,1226.7,0,0
APOLLOTYRE-I,20170526,224.45,234.5,222.25,230.75,2968,10569000
APOLLOTYRE-II,20170526,231.8,232.5,230.1,230.8,12,69000
APOLLOTYRE-III,20170526,0,0,0,230.95,0,0
ARVIND-I,20170526,374.35,383,372.9,380.3,2410,5724000
ARVIND-II,20170526,375.95,382.3,375.45,379.4,12,52000
ARVIND-III,20170526,0,0,0,377.75,0,0
ASHOKLEY-I,20170526,88.35,93.8,88.05,92.15,13481,61565000
ASHOKLEY-II,20170526,87.75,92.4,84.4,91,487,2023000
ASHOKLEY-III,20170526,0,0,0,87.7,0,0
ASIANPAINT-I,20170526,1123.45,1149.95,1123.45,1131.8,2662,2850600
ASIANPAINT-II,20170526,1153.65,1153.65,1140.05,1140.05,6,13200
ASIANPAINT-III,20170526,0,0,0,1133,0,0
AUROPHARMA-I,20170526,531.55,546,526.9,535.8,8290,16119600
AUROPHARMA-II,20170526,539.65,547.4,530,539.3,96,304000
AUROPHARMA-III,20170526,0,0,0,534.9,0,0
AXISBANK-I,20170526,507.35,515.85,505.5,514.05,12299,40206000
AXISBANK-II,20170526,507,513,503.25,511.1,194,492000
AXISBANK-III,20170526,504.8,504.8,504.8,504.8,2,2400
BAJAJ-AUTO-I,20170526,2838.1,2854,2812.95,2829.1,1977,1448750
BAJAJ-AUTO-II,20170526,2785,2810,2785,2791.3,6,9250
BAJAJ-AUTO-III,20170526,0,0,0,2873,0,0
BAJAJFINSV-I,20170526,4001.65,4109.85,3989.25,4035.6,1197,368500
BAJAJFINSV-II,20170526,4017.95,4017.95,4017.95,4017.95,1,250
BAJAJFINSV-III,20170526,0,0,0,4068.15,0,0
BAJFINANCE-I,20170526,1267.5,1333.35,1267.5,1322,6322,3796000
BAJFINANCE-II,20170526,1305.3,1342.9,1305.3,1324.6,17,13000
BAJFINANCE-III,20170526,0,0,0,1281.25,0,0
BALKRISIND-I,20170526,1515,1542.95,1487,1498.4,163,225200
BALKRISIND-II,20170526,0,0,0,1548.25,0,0
BALKRISIND-III,20170526,0,0,0,1518.2,0,0
BALRAMCHIN-I,20170526,166.15,169.1,166,168.85,1207,9229500
BALRAMCHIN-II,20170526,168.5,168.85,168.5,168.85,2,196000
BALRAMCHIN-III,20170526,0,0,0,168.25,0,0
BANKBARODA-I,20170526,181.4,182.3,178.2,180.15,6681,38941000
BANKBARODA-II,20170526,181.2,182.15,179,180.4,40,262500
BANKBARODA-III,20170526,0,0,0,184.75,0,0
BANKINDIA-I,20170526,145.6,149.7,143.7,148.1,3389,20472000
BANKINDIA-II,20170526,146.25,146.25,142,146,42,606000
BANKINDIA-III,20170526,0,0,0,151.6,0,0
BATAINDIA-I,20170526,530,542.2,530,538.1,653,4512200
BATAINDIA-II,20170526,0,0,0,527.45,0,22000
BATAINDIA-III,20170526,0,0,0,536.7,0,0
BEL-I,20170526,173.1,176.35,171.75,176,1196,24327000
BEL-II,20170526,175.9,175.9,175.2,175.2,2,45000
BEL-III,20170526,0,0,0,175.1,0,0
BEML-I,20170526,1178.65,1236.75,1171.5,1223.9,1888,2530800
BEML-II,20170526,0,0,0,1431.05,0,0
BEML-III,20170526,0,0,0,1192.5,0,0
BERGEPAINT-I,20170526,245.1,262.5,245.1,259.85,578,752400
BERGEPAINT-II,20170526,0,0,0,267.35,0,2200
BERGEPAINT-III,20170526,0,0,0,247,0,0
BHARATFIN-I,20170526,738.75,757.4,732.1,742.85,5345,15636000
BHARATFIN-II,20170526,750,750,740.4,745.5,6,6000
BHARATFIN-III,20170526,0,0,0,747.8,0,0
BHARATFORG-I,20170526,1115.65,1140.7,1112.35,1137.1,3336,3010200
BHARATFORG-II,20170526,1130.45,1141.7,1125.05,1137.15,11,7200
BHARATFORG-III,20170526,0,0,0,1132.4,0,0
BHARTIARTL-I,20170526,369.15,380.5,368.05,373.75,2838,30526900
BHARTIARTL-II,20170526,370,380,370,373.6,91,176800
BHARTIARTL-III,20170526,0,0,0,377.3,0,0
BHEL-I,20170526,153.5,161.45,153.25,159.3,7198,36590000
BHEL-II,20170526,154.6,161.6,154.55,160.05,43,360000
BHEL-III,20170526,0,0,0,154.75,0,0
BIOCON-I,20170526,936.3,954.8,920.75,944.25,3502,5446200
BIOCON-II,20170526,940,947.9,940,944.7,12,42000
BIOCON-III,20170526,0,0,0,950.6,0,0
BOSCHLTD-I,20170526,23648.85,23848.9,23300,23698,1565,104350
BOSCHLTD-II,20170526,0,0,0,23800,0,25
BOSCHLTD-III,20170526,0,0,0,23981,0,0
BPCL-I,20170526,721.2,757,706.7,752.1,10038,9230400
BPCL-II,20170526,711.7,759,711,753.75,101,103200
BPCL-III,20170526,0,0,0,739.8,0,0
BRITANNIA-I,20170526,3539.95,3574.6,3428.6,3437.3,2030,383400
BRITANNIA-II,20170526,3434.8,3465.2,3434.8,3456.1,3,1000
BRITANNIA-III,20170526,0,0,0,3580.35,0,0
CADILAHC-I,20170526,425.2,448,425.15,445.15,1460,2588800
CADILAHC-II,20170526,442,442,442,442,1,3200
CADILAHC-III,20170526,0,0,0,434.3,0,0
CANBK-I,20170526,358.35,362.45,353.05,358.35,5008,12434688
CANBK-II,20170526,356.45,357.15,350.45,354.7,114,493440
CANBK-III,20170526,351,353.5,351,353.5,2,6168
CANFINHOME-I,20170526,2649.05,2681.5,2565,2632.15,707,364250
CANFINHOME-II,20170526,2584.5,2630.45,2584.5,2630.45,5,1000
CANFINHOME-III,20170526,0,0,0,2688.1,0,0
CAPF-I,20170526,707.7,724,705.1,718.9,1868,3906400
CAPF-II,20170526,711.85,724.85,711.85,724.85,4,5600
CAPF-III,20170526,0,0,0,712.45,0,0
CASTROLIND-I,20170526,417,427.65,417,424.35,1210,10984400
CASTROLIND-II,20170526,0,0,0,440.8,0,1400
CASTROLIND-III,20170526,0,0,0,421.85,0,0
CEATLTD-I,20170526,1611.05,1688,1606.35,1661.95,3150,1309000
CEATLTD-II,20170526,1629.9,1660,1629.9,1637,14,8400
CEATLTD-III,20170526,0,0,0,1709.55,0,0
CENTURYTEX-I,20170526,1067.35,1085.9,1060.35,1081.75,5469,7254500
CENTURYTEX-II,20170526,1064.5,1090,1060.15,1090,19,18700
CENTURYTEX-III,20170526,0,0,0,1077.5,0,0
CESC-I,20170526,872.4,911,872.4,902.1,1438,7133500
CESC-II,20170526,926.2,926.2,926.2,926.2,1,5500
CESC-III,20170526,0,0,0,903.8,0,0
CGPOWER-I,20170526,94.5,98,92,93.9,2052,19788000
CGPOWER-II,20170526,96.65,96.65,93.6,94.1,5,108000
CGPOWER-III,20170526,0,0,0,94.45,0,0
CHOLAFIN-I,20170526,1005.6,1024.7,1005,1018.4,136,159500
CHOLAFIN-II,20170526,0,0,0,1001,0,500
CHOLAFIN-III,20170526,0,0,0,1010.05,0,0
CIPLA-I,20170526,488.25,507.1,483.1,491.45,11458,7722000
CIPLA-II,20170526,496,502.15,486,494.55,38,26000
CIPLA-III,20170526,0,0,0,513,0,0
COALINDIA-I,20170526,267,270.35,266.35,269.1,2481,19092700
COALINDIA-II,20170526,269,271.7,269,270.4,24,372300
COALINDIA-III,20170526,0,0,0,270.2,0,0
COLPAL-I,20170526,984.6,1008.75,980.1,1005.4,375,527800
COLPAL-II,20170526,0,0,0,1003,0,0
COLPAL-III,20170526,0,0,0,997.5,0,0
CONCOR-I,20170526,1195.15,1227.05,1192.55,1213.6,1788,1168125
CONCOR-II,20170526,0,0,0,1163,0,1250
CONCOR-III,20170526,0,0,0,1175.4,0,0
CUMMINSIND-I,20170526,926.7,960.05,926.7,951,466,566400
CUMMINSIND-II,20170526,951.4,957.15,948.8,954.5,6,3600
CUMMINSIND-III,20170526,0,0,0,941.5,0,0
DABUR-I,20170526,271.1,273.1,268.75,271.65,891,13517500
DABUR-II,20170526,270.05,272.5,270,272.5,5,27500
DABUR-III,20170526,0,0,0,273.8,0,0
DALMIABHA-I,20170526,2389.45,2491,2380,2474.7,1045,860400
DALMIABHA-II,20170526,2446,2480,2446,2480,4,3300
DALMIABHA-III,20170526,0,0,0,2417.25,0,0
DCBBANK-I,20170526,187.65,196.75,187.3,195.05,1788,4815000
DCBBANK-II,20170526,191.05,196,190.9,196,9,36000
DCBBANK-III,20170526,0,0,0,190.1,0,0
DHFL-I,20170526,413.6,418.1,410.6,413.35,6478,21060000
DHFL-II,20170526,413.55,417.3,411,413.1,66,363000
DHFL-III,20170526,0,0,0,412.75,0,0
DISHTV-I,20170526,82.75,86.5,82.7,84.4,3125,21420000
DISHTV-II,20170526,85.05,86,83.4,83.8,39,294000
DISHTV-III,20170526,84.95,85.05,84.95,85.05,2,14000
DIVISLAB-I,20170526,551.05,562.8,544,548.55,3607,10183800
DIVISLAB-II,20170526,553.95,563.9,547,547,29,176000
DIVISLAB-III,20170526,560,560,555,555,4,3200
DLF-I,20170526,195.65,198.4,193.2,195.4,8391,32275000
DLF-II,20170526,194.45,198.65,194,196.25,74,350000
DLF-III,20170526,195,195.85,195,195.85,2,10000
DRREDDY-I,20170526,2503.1,2526,2411.35,2420.3,6728,2975800
DRREDDY-II,20170526,2516.3,2516.75,2416.1,2422.55,201,270600
DRREDDY-III,20170526,0,0,0,2470.85,0,0
EICHERMOT-I,20170526,28000.8,28825.7,28000.8,28481.65,1754,130050
EICHERMOT-II,20170526,28641.8,28641.8,28606.05,28606.05,5,150
EICHERMOT-III,20170526,0,0,0,28507.15,0,0
ENGINERSIN-I,20170526,155.65,159.75,155.1,159,1715,15025500
ENGINERSIN-II,20170526,158,160.45,157.9,159,8,52500
ENGINERSIN-III,20170526,0,0,0,157.25,0,0
EQUITAS-I,20170526,153.55,156,152.6,154.35,643,7651200
EQUITAS-II,20170526,154.05,154.05,154,154,5,153600
EQUITAS-III,20170526,0,0,0,154.85,0,0
ESCORTS-I,20170526,637.8,654.75,635,645.75,2471,1417900
ESCORTS-II,20170526,649,649,643.4,649,3,11000
ESCORTS-III,20170526,0,0,0,641.4,0,0
EXIDEIND-I,20170526,228.25,235.4,227.4,233.95,1345,12716000
EXIDEIND-II,20170526,232.7,232.7,232.7,232.7,1,16000
EXIDEIND-III,20170526,0,0,0,231.85,0,0
FEDERALBNK-I,20170526,112.1,114.35,112.1,113.35,3865,59939000
FEDERALBNK-II,20170526,112.4,114,112.4,113.3,45,495000
FEDERALBNK-III,20170526,0,0,0,112.85,0,0
FORTIS-I,20170526,206.45,207.5,203.15,203.75,1417,15214500
FORTIS-II,20170526,205.85,205.85,205.5,205.5,2,27000
FORTIS-III,20170526,0,0,0,206.15,0,0
GAIL-I,20170526,400.85,405.15,399.65,404.15,1623,9754000
GAIL-II,20170526,400.5,404.95,400.5,404.95,15,44000
GAIL-III,20170526,0,0,0,408.15,0,0
GLENMARK-I,20170526,614,632,614,622.95,3409,7058100
GLENMARK-II,20170526,625,633,620.05,623.9,19,115500
GLENMARK-III,20170526,0,0,0,622.8,0,0
GMRINFRA-I,20170526,15.35,16.15,15.3,16.05,1274,265995000
GMRINFRA-II,20170526,15.6,16.1,15.6,16.1,14,2385000
GMRINFRA-III,20170526,0,0,0,15.5,0,0
GODFRYPHLP-I,20170526,1225,1254.8,1222.25,1237.8,227,480500
GODFRYPHLP-II,20170526,0,0,0,1249.2,0,0
GODFRYPHLP-III,20170526,0,0,0,1233.8,0,0
GODREJCP-I,20170526,1792.85,1848,1792.85,1841.55,616,470000
GODREJCP-II,20170526,0,0,0,1777.4,0,0
GODREJCP-III,20170526,0,0,0,1819.55,0,0
GODREJIND-I,20170526,590.25,600.65,581.75,596.1,963,1765500
GODREJIND-II,20170526,0,0,0,590.4,0,4500
GODREJIND-III,20170526,0,0,0,594.3,0,0
GRANULES-I,20170526,138.25,140.5,135.15,136.95,772,14840000
GRANULES-II,20170526,0,0,0,140.1,0,65000
GRANULES-III,20170526,138,138,138,138,1,5000
GRASIM-I,20170526,1105.55,1122.95,1100.2,1114.25,2389,5218500
GRASIM-II,20170526,1111.65,1111.65,1111.65,1111.65,1,2250
GRASIM-III,20170526,0,0,0,1116.8,0,0
GSFC-I,20170526,124.15,127.55,123.9,125.5,632,6709500
GSFC-II,20170526,0,0,0,139.45,0,0
GSFC-III,20170526,0,0,0,125,0,0
HAVELLS-I,20170526,455.9,473.55,454,471.3,1490,4098000
HAVELLS-II,20170526,473.45,473.45,468.55,470,14,30000
HAVELLS-III,20170526,0,0,0,468.45,0,0
HCC-I,20170526,42.1,43.95,42,43,1084,5988000
HCC-II,20170526,43.6,43.6,43.2,43.2,2,0
HCC-III,20170526,0,0,0,42.2,0,0
HCLTECH-I,20170526,862.8,870.5,861.75,864.25,1905,6454000
HCLTECH-II,20170526,867,869.5,865,865,5,9800
HCLTECH-III,20170526,0,0,0,874.9,0,0
HDFC-I,20170526,1551,1569.75,1539.05,1555.2,5482,7846500
HDFC-II,20170526,1541.35,1556.05,1533,1549.35,60,43500
HDFC-III,20170526,0,0,0,1567.15,0,0
HDFCBANK-I,20170526,1587.45,1614,1584.5,1608.1,9409,25565000
HDFCBANK-II,20170526,1582.1,1606.75,1580.4,1600.85,246,661500
HDFCBANK-III,20170526,1589.55,1589.55,1589.55,1589.55,1,500
HDIL-I,20170526,87.5,89.4,86.15,88.3,3188,23936000
HDIL-II,20170526,88,89.35,87.05,88.6,14,184000
HDIL-III,20170526,89,89,89,89,1,8000
HEROMOTOCO-I,20170526,3643.3,3670,3618.6,3630.4,2007,1001600
HEROMOTOCO-II,20170526,3633,3650,3607.55,3625,16,6800
HEROMOTOCO-III,20170526,0,0,0,3690.3,0,0
HEXAWARE-I,20170526,252,258.2,252,253.9,510,2484000
HEXAWARE-II,20170526,256.3,256.3,256.3,256.3,1,6000
HEXAWARE-III,20170526,0,0,0,256.75,0,0
HINDALCO-I,20170526,191.8,203.95,190.5,199.7,14042,35406000
HINDALCO-II,20170526,194.8,204.6,194.8,200.65,84,301000
HINDALCO-III,20170526,201,201,201,201,5,17500
HINDPETRO-I,20170526,508.9,573.35,498.15,568.15,30859,18911550
HINDPETRO-II,20170526,505,573.1,503,568.75,343,204750
HINDPETRO-III,20170526,0,0,0,517.85,0,0
HINDUNILVR-I,20170526,1035.45,1042.5,1028.1,1037.6,2917,8892000
HINDUNILVR-II,20170526,1034.55,1043.15,1034.55,1042.35,17,28200
HINDUNILVR-III,20170526,0,0,0,1062,0,0
HINDZINC-I,20170526,235,245.75,234.65,242.5,2722,20764800
HINDZINC-II,20170526,240.3,245.2,238,243.8,14,80000
HINDZINC-III,20170526,0,0,0,238.4,0,0
IBREALEST-I,20170526,160.6,165.75,156.75,164.5,2546,24700000
IBREALEST-II,20170526,160.7,165.45,159.1,165.45,5,40000
IBREALEST-III,20170526,0,0,0,162.55,0,0
IBULHSGFIN-I,20170526,1057.35,1092.3,1051.3,1089,5237,10936800
IBULHSGFIN-II,20170526,1060,1092.9,1060,1092.9,19,21600
IBULHSGFIN-III,20170526,0,0,0,1064.2,0,0
ICICIBANK-I,20170526,313.1,319.4,310.75,318.5,15382,71735000
ICICIBANK-II,20170526,316.2,319.9,315.9,318.9,160,440000
ICICIBANK-III,20170526,317.2,318.2,317.2,318.2,4,0
ICIL-I,20170526,171.75,179,171.75,174.55,590,9793000
ICIL-II,20170526,0,0,0,173.75,0,3500
ICIL-III,20170526,0,0,0,174.6,0,0
IDBI-I,20170526,62.8,63.85,62.2,63,2120,38712000
IDBI-II,20170526,62.9,63.95,62.45,63.2,25,328000
IDBI-III,20170526,0,0,0,62.8,0,0
IDEA-I,20170526,79.8,81.6,79.8,80.2,1610,71015000
IDEA-II,20170526,80.6,81.65,80.25,80.3,19,336000
IDEA-III,20170526,0,0,0,80.55,0,0
IDFC-I,20170526,57.85,59.7,57.85,59.4,938,77550000
IDFC-II,20170526,57.95,59.7,57.95,59.5,18,435600
IDFC-III,20170526,0,0,0,58.65,0,0
IDFCBANK-I,20170526,57.9,59,57.7,58.75,2020,93728000
IDFCBANK-II,20170526,57.75,58.65,57.55,58.55,147,4743000
IDFCBANK-III,20170526,0,0,0,58.45,0,0
IFCI-I,20170526,26.3,26.6,26.1,26.35,872,77264000
IFCI-II,20170526,26.5,26.6,26.45,26.55,19,528000
IFCI-III,20170526,0,0,0,26.6,0,0
IGL-I,20170526,992.25,1029.9,992.25,1023.4,2667,1735250
IGL-II,20170526,995,995,995,995,4,6050
IGL-III,20170526,0,0,0,1001.95,0,0
INDIACEM-I,20170526,199,201.8,195.75,199.75,4694,24531500
INDIACEM-II,20170526,200,200.2,197.8,200.2,16,112000
INDIACEM-III,20170526,0,0,0,200.75,0,0
INDIANB-I,20170526,328.1,331.65,319.25,322.45,681,1934000
INDIANB-II,20170526,330.4,330.4,330.4,330.4,1,12000
INDIANB-III,20170526,0,0,0,337.15,0,0
INDIGO-I,20170526,1085,1113.15,1085,1098.7,1179,1374600
INDIGO-II,20170526,0,0,0,1138,0,0
INDIGO-III,20170526,0,0,0,1091.15,0,0
INDUSINDBK-I,20170526,1457.6,1485,1451.75,1480.9,3385,5778600
INDUSINDBK-II,20170526,1470,1484.95,1470,1481.15,7,14400
INDUSINDBK-III,20170526,0,0,0,1487.6,0,0
INFIBEAM-I,20170526,987.15,1049.9,940.05,944.75,1615,1374000
INFIBEAM-II,20170526,955,955,955,955,1,800
INFIBEAM-III,20170526,0,0,0,1060.6,0,0
INFRATEL-I,20170526,372,378.2,367.05,370.8,1487,6217600
INFRATEL-II,20170526,0,0,0,382.75,0,0
INFRATEL-III,20170526,0,0,0,380.15,0,0
INFY-I,20170526,977.5,990.85,972.05,984,9035,28703500
INFY-II,20170526,983.15,993.75,977.4,988.8,113,96500
INFY-III,20170526,0,0,0,1000.8,0,0
IOC-I,20170526,432.5,434.9,416.35,427,12504,15358500
IOC-II,20170526,432.6,432.6,417.55,428.45,37,40500
IOC-III,20170526,0,0,0,446.75,0,0
IRB-I,20170526,221.15,229,221.15,226.5,1735,16880000
IRB-II,20170526,227,227,225.3,225.3,2,35000
IRB-III,20170526,0,0,0,228.65,0,0
ITC-I,20170526,299.9,309.5,296.05,305.1,22480,35719200
ITC-II,20170526,300.05,310.05,297.5,307.75,205,232800
ITC-III,20170526,0,0,0,305.4,0,0
JETAIRWAYS-I,20170526,479.6,494.95,475.55,484.3,5324,4426000
JETAIRWAYS-II,20170526,488,493,480,488,25,44400
JETAIRWAYS-III,20170526,0,0,0,477.3,0,0
JINDALSTEL-I,20170526,119.3,126.2,119.3,125.55,6526,38943000
JINDALSTEL-II,20170526,121,126.65,121,126.4,37,76500
JINDALSTEL-III,20170526,124.1,125.2,124.1,125.2,2,0
JISLJALEQS-I,20170526,98.75,100.65,97.7,99.35,1778,40887000
JISLJALEQS-II,20170526,100.2,101.05,98.5,98.6,8,90000
JISLJALEQS-III,20170526,0,0,0,98.3,0,0
JPASSOCIAT-I,20170526,12.05,13.25,11.15,12.75,2182,177820000
JPASSOCIAT-II,20170526,11.85,13.15,11.3,12.85,10,1904000
JPASSOCIAT-III,20170526,0,0,0,11.7,0,0
JSWENERGY-I,20170526,64.35,66.25,64,65.05,1729,59120000
JSWENERGY-II,20170526,65.5,65.5,64.5,65.1,6,340000
JSWENERGY-III,20170526,0,0,0,64.8,0,0
JSWSTEEL-I,20170526,191.75,202,191.75,198.05,9981,60117000
JSWSTEEL-II,20170526,194.3,202.55,194.3,199.55,40,192000
JSWSTEEL-III,20170526,0,0,0,196.3,0,0
JUBLFOOD-I,20170526,1012.55,1035.95,979.55,989.3,1977,1750500
JUBLFOOD-II,20170526,990,990,990,990,1,4500
JUBLFOOD-III,20170526,0,0,0,1033,0,0
JUSTDIAL-I,20170526,436.8,448,427.25,437.65,1816,2872800
JUSTDIAL-II,20170526,422.7,425.5,415,424.25,20,76800
JUSTDIAL-III,20170526,0,0,0,478.75,0,0
KAJARIACER-I,20170526,708.55,719.8,675,682.25,544,260000
KAJARIACER-II,20170526,0,0,0,704,0,0
KAJARIACER-III,20170526,0,0,0,708.45,0,0
KOTAKBANK-I,20170526,958.15,971.35,954,967.5,3327,10580000
KOTAKBANK-II,20170526,957.45,972.15,956.35,972.1,30,36000
KOTAKBANK-III,20170526,0,0,0,973.5,0,0
KPIT-I,20170526,118.1,121.5,118,119.6,269,5816000
KPIT-II,20170526,0,0,0,130.65,0,0
KPIT-III,20170526,0,0,0,119.65,0,0
KSCL-I,20170526,529.7,584,528.4,573.85,2819,3355500
KSCL-II,20170526,582,582,571.8,573,3,7500
KSCL-III,20170526,0,0,0,534.55,0,0
KTKBANK-I,20170526,160.45,169.4,159,168.1,3354,25554375
KTKBANK-II,20170526,156.95,166.4,156.95,164.45,60,482600
KTKBANK-III,20170526,0,0,0,161.9,0,0
L&TFH-I,20170526,129.4,132.5,128.5,131.6,2036,17739000
L&TFH-II,20170526,130.6,132.5,129.9,131.8,25,184500
L&TFH-III,20170526,0,0,0,131,0,0
LICHSGFIN-I,20170526,691.7,710.6,688.5,706.85,3740,4974200
LICHSGFIN-II,20170526,698.9,710,693.05,709.4,19,23100
LICHSGFIN-III,20170526,0,0,0,699.5,0,0
LT-I,20170526,1769.55,1811,1759.1,1794.5,9836,7439500
LT-II,20170526,1787.65,1815,1767,1801.05,64,44500
LT-III,20170526,0,0,0,1800.3,0,0
LUPIN-I,20170526,1135.2,1159.9,1103.5,1118.25,10409,8688800
LUPIN-II,20170526,1133.45,1155,1101.9,1118.95,148,108400
LUPIN-III,20170526,0,0,0,1160.5,0,0
M&M-I,20170526,1338.95,1356.25,1334.4,1348,2303,2937000
M&M-II,20170526,1335.05,1344,1335.05,1344,7,25500
M&M-III,20170526,0,0,0,1351.1,0,0
M&MFIN-I,20170526,301.2,318.4,301.2,315.15,1735,9407500
M&MFIN-II,20170526,306.55,314.05,306.55,313,18,40000
M&MFIN-III,20170526,0,0,0,308.15,0,0
MARICO-I,20170526,312,322.7,312,316.75,737,5449600
MARICO-II,20170526,0,0,0,323.25,0,0
MARICO-III,20170526,0,0,0,321.6,0,0
MARUTI-I,20170526,7001.5,7108,6971,7090.75,7221,1408200
MARUTI-II,20170526,7085.6,7129.95,7070.95,7123.5,54,16650
MARUTI-III,20170526,6980.6,7085,6980.2,7085,17,1650
MCDOWELL-N-I,20170526,1998.95,2103.7,1998.95,2061.95,3120,2727500
MCDOWELL-N-II,20170526,2045,2082,2045,2070.2,16,6500
MCDOWELL-N-III,20170526,0,0,0,2034.6,0,0
MCX-I,20170526,1009.65,1014.1,994.15,999.85,695,1653000
MCX-II,20170526,0,0,0,1000,0,6000
MCX-III,20170526,0,0,0,1010.15,0,0
MFSL-I,20170526,569.5,579.85,563,565.95,1387,6460000
MFSL-II,20170526,0,0,0,662,0,2000
MFSL-III,20170526,0,0,0,573.25,0,0
MGL-I,20170526,966.85,991.9,954.3,963.8,227,366000
MGL-II,20170526,0,0,0,1032.95,0,0
MGL-III,20170526,0,0,0,973.15,0,0
MINDTREE-I,20170526,544,547.25,535.55,538.65,1044,2917200
MINDTREE-II,20170526,540,540,540,540,1,1200
MINDTREE-III,20170526,0,0,0,553.6,0,0
MOTHERSUMI-I,20170526,435.45,454.2,434.35,450.1,3372,8365000
MOTHERSUMI-II,20170526,445,449.5,445,449.5,2,7500
MOTHERSUMI-III,20170526,0,0,0,439.15,0,0
MRF-I,20170526,64399,66115.85,64249.95,65751.7,1850,49530
MRF-II,20170526,64800,66168.35,64800,66168.35,8,270
MRF-III,20170526,0,0,0,64954.05,0,0
MRPL-I,20170526,130.95,136.75,129.35,135.25,554,2938500
MRPL-II,20170526,130.55,130.55,130.55,130.55,1,49500
MRPL-III,20170526,0,0,0,132.5,0,0
MUTHOOTFIN-I,20170526,393,406.4,392.2,401.55,908,1807500
MUTHOOTFIN-II,20170526,400,406,400,406,3,7500
MUTHOOTFIN-III,20170526,0,0,0,396.35,0,0
NATIONALUM-I,20170526,67.8,69.3,67.65,68.75,576,2384000
NATIONALUM-II,20170526,0,0,0,67.45,0,0
NATIONALUM-III,20170526,0,0,0,67.85,0,0
NBCC-I,20170526,190.15,197,190.15,195.8,942,3288000
NBCC-II,20170526,0,0,0,203.7,0,3000
NBCC-III,20170526,0,0,0,190.3,0,0
NCC-I,20170526,85.8,88.35,85.45,87.95,1180,19448000
NCC-II,20170526,87.55,88.35,86.95,88.35,14,144000
NCC-III,20170526,0,0,0,87.4,0,0
NESTLEIND-I,20170526,6636.6,6774,6570.3,6682.8,302,64800
NESTLEIND-II,20170526,0,0,0,6812.5,0,0
NESTLEIND-III,20170526,0,0,0,6613.95,0,0
NHPC-I,20170526,29.4,31.8,29.4,30.7,510,21816000
NHPC-II,20170526,0,0,0,31.85,0,54000
NHPC-III,20170526,0,0,0,29.8,0,0
NIITTECH-I,20170526,498.95,504.55,494.1,502.85,331,654000
NIITTECH-II,20170526,0,0,0,470.75,0,0
NIITTECH-III,20170526,0,0,0,501.1,0,0
NMDC-I,20170526,116.15,120.45,112.75,117.35,3234,31620000
NMDC-II,20170526,115,119.05,113.1,117.5,20,150000
NMDC-III,20170526,0,0,0,119.1,0,0
NTPC-I,20170526,156.75,157.4,156.5,157,811,17960000
NTPC-II,20170526,157.5,157.6,157.5,157.6,3,76000
NTPC-III,20170526,0,0,0,159.15,0,0
OFSS-I,20170526,3520,3607.45,3520,3584.2,71,131700
OFSS-II,20170526,0,0,0,3628.35,0,0
OFSS-III,20170526,0,0,0,3618.4,0,0
OIL-I,20170526,309.05,313,307.15,312.45,182,1640584
OIL-II,20170526,0,0,0,308.9,0,27192
OIL-III,20170526,0,0,0,312.6,0,0
ONGC-I,20170526,175.6,178.6,175,177,4006,53655000
ONGC-II,20170526,176.15,179.3,176.15,177.95,184,1113750
ONGC-III,20170526,0,0,0,177.25,0,0
ORIENTBANK-I,20170526,147.8,150.35,145.05,149,3124,13248000
ORIENTBANK-II,20170526,143.15,147.4,141.75,145.5,70,582000
ORIENTBANK-III,20170526,0,0,0,155.85,0,0
PAGEIND-I,20170526,14300.05,14496.95,14180.5,14478.05,277,23700
PAGEIND-II,20170526,0,0,0,14482.3,0,0
PAGEIND-III,20170526,0,0,0,14530.6,0,0
PCJEWELLER-I,20170526,467.9,467.9,447.25,452.55,656,1108500
PCJEWELLER-II,20170526,458.4,458.4,458.4,458.4,1,1500
PCJEWELLER-III,20170526,0,0,0,460.65,0,0
PEL-I,20170526,2718.85,2753.45,2706.85,2738.55,1051,719400
PEL-II,20170526,0,0,0,2650,0,2400
PEL-III,20170526,0,0,0,2743,0,0
PETRONET-I,20170526,434.6,447.15,433.3,444,1808,6088500
PETRONET-II,20170526,439.3,440.5,438,440.5,9,10500
PETRONET-III,20170526,0,0,0,438,0,0
PFC-I,20170526,142.55,146.65,138.85,144.85,5453,37602000
PFC-II,20170526,141.3,146.65,139.15,145.75,54,294000
PFC-III,20170526,144.15,144.15,142.7,142.9,7,36000
PIDILITIND-I,20170526,742.2,773,742.2,767.6,1068,1414000
PIDILITIND-II,20170526,0,0,0,748.15,0,1000
PIDILITIND-III,20170526,0,0,0,753.45,0,0
PNB-I,20170526,149.85,151.75,147.8,148.7,9647,48594000
PNB-II,20170526,148.35,149.55,146.45,147.1,142,1001000
PNB-III,20170526,0,0,0,153.4,0,0
POWERGRID-I,20170526,199.75,205,199.45,203.55,1389,24516000
POWERGRID-II,20170526,205.35,205.35,205.35,205.35,1,32000
POWERGRID-III,20170526,0,0,0,202.5,0,0
PTC-I,20170526,93,94.8,92.4,94,830,15912000
PTC-II,20170526,94.65,94.65,93.6,93.6,4,120000
PTC-III,20170526,0,0,0,93.05,0,0
PVR-I,20170526,1484.6,1501.95,1456.55,1476.8,442,372400
PVR-II,20170526,0,0,0,1638.25,0,0
PVR-III,20170526,0,0,0,1487.15,0,0
RAMCOCEM-I,20170526,702.25,702.25,675,685.8,141,64000
RAMCOCEM-II,20170526,0,0,0,706.85,0,0
RAMCOCEM-III,20170526,0,0,0,711.3,0,0
RAYMOND-I,20170526,685.05,738,685.05,725.2,2968,1389600
RAYMOND-II,20170526,731.25,731.25,731.25,731.25,4,3200
RAYMOND-III,20170526,0,0,0,690.35,0,0
RBLBANK-I,20170526,533,556.9,497,502.65,13193,8016000
RBLBANK-II,20170526,540.1,544,495,497.1,202,115000
RBLBANK-III,20170526,505,505,505,505,1,1000
RCOM-I,20170526,26.25,26.45,25.4,25.95,3408,105864000
RCOM-II,20170526,26.4,26.4,25.5,25.85,79,3542000
RCOM-III,20170526,0,0,0,26.45,0,0
RDEL-I,20170526,57.5,59,57.5,58.35,264,13590000
RDEL-II,20170526,58,58,58,58,1,108000
RDEL-III,20170526,0,0,0,58.65,0,0
RECLTD-I,20170526,205.4,207.8,197.8,205.3,6400,27606000
RECLTD-II,20170526,201.25,207.1,196.8,204.8,34,174000
RECLTD-III,20170526,205.15,205.15,205.15,205.15,1,6000
RELCAPITAL-I,20170526,583.2,605.65,582.45,595.95,8903,11914500
RELCAPITAL-II,20170526,597.6,609.95,591.15,598.35,23,58500
RELCAPITAL-III,20170526,0,0,0,586.55,0,0
RELIANCE-I,20170526,1308.85,1348,1303.05,1338.65,22601,16883500
RELIANCE-II,20170526,1312.15,1349.85,1306.5,1342.1,129,192500
RELIANCE-III,20170526,0,0,0,1325.6,0,0
RELINFRA-I,20170526,501,516.3,501,510,7421,11919700
RELINFRA-II,20170526,515.7,516.5,512,514.85,5,41600
RELINFRA-III,20170526,0,0,0,506,0,0
RPOWER-I,20170526,42.55,43.9,42.5,43.75,844,60108000
RPOWER-II,20170526,43.45,44.1,43.3,43.75,11,888000
RPOWER-III,20170526,0,0,0,43.1,0,0
SAIL-I,20170526,57.35,60.1,57.3,59.55,4086,71208000
SAIL-II,20170526,58.35,60.3,58.15,59.6,45,1632000
SAIL-III,20170526,0,0,0,57.95,0,0
SBIN-I,20170526,290.1,290.8,286.1,289.65,12897,66000000
SBIN-II,20170526,289.15,291.55,287.4,290.9,197,1005000
SBIN-III,20170526,291.65,291.65,291.65,291.65,1,3000
SHREECEM-I,20170526,17649.2,18149,17610,17769,202,30600
SHREECEM-II,20170526,0,0,0,20300,0,50
SHREECEM-III,20170526,0,0,0,17927.15,0,0
SIEMENS-I,20170526,1365.05,1401.4,1359.3,1397.3,1152,693500
SIEMENS-II,20170526,1410.05,1410.05,1368.05,1368.05,3,1000
SIEMENS-III,20170526,0,0,0,1373.75,0,0
SINTEX-I,20170526,26.15,31.3,25.1,30.45,6702,11941500
SINTEX-II,20170526,30.05,31,29.15,30.55,46,171000
SINTEX-III,20170526,30.8,30.9,30.8,30.9,2,14250
SOUTHBANK-I,20170526,26.05,27.4,26,27.2,1585,108536775
SOUTHBANK-II,20170526,26,27.3,26,27.05,34,3976920
SOUTHBANK-III,20170526,0,0,0,26.2,0,0
SRF-I,20170526,1633.8,1676,1621.1,1666,848,503000
SRF-II,20170526,0,0,0,1823.5,0,0
SRF-III,20170526,0,0,0,1645.8,0,0
SRTRANSFIN-I,20170526,1005.55,1005.55,968.6,983.15,1001,2413200
SRTRANSFIN-II,20170526,974.4,995.15,974.4,995.15,2,7800
SRTRANSFIN-III,20170526,0,0,0,980.75,0,0
STAR-I,20170526,909,932.6,903,922,1288,2082000
STAR-II,20170526,914,932.15,914,923.6,11,16500
STAR-III,20170526,0,0,0,913.25,0,0
SUNPHARMA-I,20170526,592.2,600.45,568,571.5,18449,27526800
SUNPHARMA-II,20170526,590,599.9,571.05,573.45,253,272800
SUNPHARMA-III,20170526,585,586.5,575,577.65,13,9600
SUNTV-I,20170526,797.85,818.3,794.35,812.4,3350,7072000
SUNTV-II,20170526,812.1,815.6,807.8,815.25,5,33000
SUNTV-III,20170526,0,0,0,806.65,0,0
SUZLON-I,20170526,19.4,19.95,19.3,19.85,2981,347820000
SUZLON-II,20170526,19.3,19.9,19.3,19.8,108,14910000
SUZLON-III,20170526,19.75,19.9,19.75,19.85,9,240000
SYNDIBANK-I,20170526,79.55,80.9,78.25,79.35,1234,13680000
SYNDIBANK-II,20170526,80.4,81.2,79,79.35,10,117000
SYNDIBANK-III,20170526,0,0,0,80.8,0,0
TATACHEM-I,20170526,616.5,627.45,608.6,613.7,3570,3022500
TATACHEM-II,20170526,616,623.05,614.35,614.9,57,37500
TATACHEM-III,20170526,0,0,0,626.2,0,0
TATACOMM-I,20170526,656,666.8,654.1,657.8,1537,5880700
TATACOMM-II,20170526,0,0,0,657.45,0,16800
TATACOMM-III,20170526,0,0,0,667,0,0
TATAELXSI-I,20170526,1346.5,1380.15,1346.5,1370.45,1024,1154800
TATAELXSI-II,20170526,1359.25,1370,1352,1361,25,9600
TATAELXSI-III,20170526,0,0,0,1353.55,0,0
TATAGLOBAL-I,20170526,144.75,147.55,144.4,147.35,1170,30721500
TATAGLOBAL-II,20170526,147.35,148.5,147.35,148.5,6,108000
TATAGLOBAL-III,20170526,0,0,0,145.6,0,0
TATAMOTORS-I,20170526,475.4,489.9,474.5,480.55,13691,35659500
TATAMOTORS-II,20170526,478.55,491.15,478.35,481.95,110,262500
TATAMOTORS-III,20170526,485.1,492,484.9,484.9,5,4500
TATAMTRDVR-I,20170526,284.65,291.55,281.85,287.45,2493,22203300
TATAMTRDVR-II,20170526,291,291,291,291,1,94500
TATAMTRDVR-III,20170526,0,0,0,287.25,0,0
TATAPOWER-I,20170526,80.25,81.6,79.85,81.3,732,21420000
TATAPOWER-II,20170526,80.5,81.85,80.5,81.7,4,144000
TATAPOWER-III,20170526,80.2,80.2,80.2,80.2,1,9000
TATASTEEL-I,20170526,488.95,516.4,488,512.85,26531,30214000
TATASTEEL-II,20170526,483,509,483,505.15,364,612000
TATASTEEL-III,20170526,0,0,0,493.35,0,0
TCS-I,20170526,2592.35,2596,2536,2542.7,5873,5063750
TCS-II,20170526,2570.05,2570.05,2548,2548,59,20000
TCS-III,20170526,0,0,0,2671.25,0,0
TECHM-I,20170526,430.6,436.7,422,431.45,4366,11469700
TECHM-II,20170526,426.05,435,422,431,52,334400
TECHM-III,20170526,0,0,0,433.6,0,0
TITAN-I,20170526,467.8,481.8,464.05,477.05,1932,5092500
TITAN-II,20170526,0,0,0,465.4,2,3000
TITAN-III,20170526,0,0,0,472.15,0,0
TORNTPHARM-I,20170526,1207.55,1236.1,1201.25,1211.55,403,197600
TORNTPHARM-II,20170526,1210.4,1221.35,1210.4,1221.35,3,400
TORNTPHARM-III,20170526,0,0,0,1241.75,0,0
TORNTPOWER-I,20170526,196.45,197.3,192.75,193.65,358,3804000
TORNTPOWER-II,20170526,194,194,194,194,1,6000
TORNTPOWER-III,20170526,0,0,0,202.25,0,0
TV18BRDCST-I,20170526,36,37.1,35.75,36.75,677,92939000
TV18BRDCST-II,20170526,36.75,37,36.75,37,4,119000
TV18BRDCST-III,20170526,0,0,0,36.25,0,0
TVSMOTOR-I,20170526,535.8,540.9,530.55,532.75,1516,5918000
TVSMOTOR-II,20170526,536.5,537.8,527.6,529.1,20,34000
TVSMOTOR-III,20170526,0,0,0,552.7,0,0
UBL-I,20170526,785.5,802.4,774.95,792.4,428,844900
UBL-II,20170526,0,0,0,765.45,0,700
UBL-III,20170526,0,0,0,793.3,0,0
UJJIVAN-I,20170526,316.7,324.2,310.1,311.65,1959,6090000
UJJIVAN-II,20170526,318,318,314.5,315,5,8400
UJJIVAN-III,20170526,0,0,0,319.7,0,0
ULTRACEMCO-I,20170526,4186.2,4240,4161.05,4180.6,2351,1776600
ULTRACEMCO-II,20170526,0,0,0,4194.25,1,400
ULTRACEMCO-III,20170526,0,0,0,4236.4,0,0
UNIONBANK-I,20170526,163.75,165.3,160.3,161.5,3801,19508000
UNIONBANK-II,20170526,162.8,162.95,159.5,160.1,103,500000
UNIONBANK-III,20170526,160.85,160.85,160.85,160.85,1,4000
UPL-I,20170526,805.8,840,805.1,835.15,2229,7986000
UPL-II,20170526,0,0,0,811.45,0,18000
UPL-III,20170526,0,0,0,824.75,0,0
VEDL-I,20170526,233.4,246.45,232.35,243.3,14746,48811000
VEDL-II,20170526,235,247.15,235,244.2,107,213500
VEDL-III,20170526,0,0,0,236.75,0,0
VGUARD-I,20170526,187.1,188.2,183.75,184.9,417,2511000
VGUARD-II,20170526,0,0,0,180,0,6000
VGUARD-III,20170526,0,0,0,185.2,0,0
VOLTAS-I,20170526,473.65,498.6,470.45,496.3,11159,7870000
VOLTAS-II,20170526,474,496.55,474,494.2,87,76000
VOLTAS-III,20170526,0,0,0,483.2,0,0
WIPRO-I,20170526,534.95,540.35,528.6,535.05,1675,11487600
WIPRO-II,20170526,535.6,540.1,535,537.7,27,132000
WIPRO-III,20170526,0,0,0,546,0,0
WOCKPHARMA-I,20170526,588.8,598.4,577,588.85,1769,3273600
WOCKPHARMA-II,20170526,582,582,582,582,4,12800
WOCKPHARMA-III,20170526,0,0,0,584.95,0,0
YESBANK-I,20170526,1463,1495,1456.55,1484.8,14072,8891050
YESBANK-II,20170526,1464.5,1501.75,1464.5,1490.95,183,141400
YESBANK-III,20170526,0,0,0,1490.3,0,0
ZEEL-I,20170526,515.4,524.6,511.5,521.75,2410,9105200
ZEEL-II,20170526,518,522.35,518,519.85,8,26000
ZEEL-III,20170526,0,0,0,521.1,0,0
