BANKNIFTY-I,20181128,26467.8,26548,26381,26420.4,133493,1180220
BANKNIFTY-II,20181128,26560.3,26629,26460,26495.65,41495,752480
BANKNIFTY-III,20181128,26645,26700,26536,26571.65,269,14300
NIFTY-I,20181128,10699.95,10747.2,10699.95,10717.9,165880,13195650
NIFTY-II,20181128,10740,10784.9,10739.95,10755.7,97131,12263100
NIFTY-III,20181128,10780,10827.4,10780,10795.45,1870,222900
NIFTYIT-I,20181128,14349,14628,14170,14607,358,9900
NIFTYIT-II,20181128,14355,14675,14325,14661,260,7950
NIFTYIT-III,20181128,0,0,0,14357,0,0
NIFTYMID50-I,20181128,0,0,0,4659,3628,220
NIFTYMID50-II,20181128,0,0,0,4819.75,3628,694870
ACC-I,20181128,1447.55,1456.55,1434,1437.2,2897,754000
ACC-II,20181128,1453.5,1462.5,1440,1443.5,1703,914800
ACC-III,20181128,1459.95,1465,1459.95,1450.5,11,4400
ADANIENT-I,20181128,159.4,160.05,156.5,158.7,1553,8620000
ADANIENT-II,20181128,155.6,159.3,155.2,157.5,1034,15976000
ADANIENT-III,20181128,0,0,0,157.9,18,17448000
ADANIPORTS-I,20181128,367.1,367.9,362.35,365.25,4468,4637500
ADANIPORTS-II,20181128,368.4,369.25,364.25,366.65,2970,13232500
ADANIPORTS-III,20181128,368.15,369.3,368.15,369.25,6,27500
ADANIPOWER-I,20181128,51,55.05,49.25,54.5,2327,21200000
ADANIPOWER-II,20181128,51.1,55.4,49.9,54.85,1625,130080000
ADANIPOWER-III,20181128,51.05,51.1,51.05,51.1,250,5000000
AJANTPHARM-I,20181128,1119.95,1127,1102.3,1105.45,852,252000
AJANTPHARM-II,20181128,1129,1130.55,1108.5,1111.05,779,504500
AJANTPHARM-III,20181128,1124.4,1124.45,1115.75,1115.75,8,6500
ALBK-I,20181128,47.75,48.25,46.8,47.2,1433,5819000
ALBK-II,20181128,47.75,48.35,46.75,47.25,1280,14267000
ALBK-III,20181128,48.15,48.2,46.85,47.2,4,91000
AMARAJABAT-I,20181128,742,749,728,733.15,2627,545300
AMARAJABAT-II,20181128,739.45,743.7,724.35,727.45,1668,1021300
AMARAJABAT-III,20181128,725.25,725.25,720.3,720.35,3,3500
AMBUJACEM-I,20181128,216.1,217.7,213.7,214.25,4191,4882500
AMBUJACEM-II,20181128,216.9,218.5,214.75,215.05,3670,10412500
AMBUJACEM-III,20181128,218.65,218.65,217,217,12,35000
APOLLOHOSP-I,20181128,1234,1249.7,1224.15,1231.7,2012,537500
APOLLOHOSP-II,20181128,1239,1254.6,1230,1236,1322,999000
APOLLOHOSP-III,20181128,1235,1235,1235,1235,1,1000
APOLLOTYRE-I,20181128,230.05,237.3,229.85,235.25,5359,4170000
APOLLOTYRE-II,20181128,231.4,238.5,231,235.8,2737,6864000
APOLLOTYRE-III,20181128,233.2,237.3,233.2,236,7,45000
ARVIND-I,20181128,109.5,119.85,90.1,108.75,21306,1164000
ARVIND-II,20181128,105.8,120.25,90,108.75,9614,3052000
ARVIND-III,20181128,97.15,119.5,94.6,110.5,89,46000
ASHOKLEY-I,20181128,110.3,111.2,107.65,108.2,11047,23032000
ASHOKLEY-II,20181128,110.75,111.65,108.15,108.6,8016,41436000
ASHOKLEY-III,20181128,111.25,111.85,108.8,109,71,872000
ASIANPAINT-I,20181128,1348,1352.85,1318.8,1323.4,4832,2395800
ASIANPAINT-II,20181128,1352.9,1358.45,1324.7,1329.55,3569,3080400
ASIANPAINT-III,20181128,1358,1358,1338.7,1338.7,6,5400
AUROPHARMA-I,20181128,784.75,791.2,777,788.05,10624,5745000
AUROPHARMA-II,20181128,786.05,795,780.25,791.15,8149,13048000
AUROPHARMA-III,20181128,791.5,795.2,788.75,792.7,14,36000
AXISBANK-I,20181128,629,631.9,622.75,627.35,19299,11328000
AXISBANK-II,20181128,630.6,634.25,625.65,629.85,13124,26067600
AXISBANK-III,20181128,630.65,636.4,630,630.9,28,97200
BAJAJ-AUTO-I,20181128,2617.8,2629.15,2584.2,2604.4,4738,498000
BAJAJ-AUTO-II,20181128,2622.8,2637.9,2595,2614.85,4191,1936000
BAJAJ-AUTO-III,20181128,2637,2647.5,2605.7,2625.7,32,9250
BAJAJFINSV-I,20181128,5890.15,5913.95,5786,5817.6,2172,375250
BAJAJFINSV-II,20181128,5927.55,5937.3,5810,5842.6,1230,242250
BAJAJFINSV-III,20181128,0,0,0,5785,0,500
BAJFINANCE-I,20181128,2443.9,2448,2396.7,2413.15,16086,2550250
BAJFINANCE-II,20181128,2448,2459.8,2410,2422.95,9406,3988250
BAJFINANCE-III,20181128,2465.4,2465.4,2426.6,2438,34,26000
BALKRISIND-I,20181128,994.95,1008.15,955.5,959.6,3597,924000
BALKRISIND-II,20181128,999.65,1012,959.15,962.75,2093,1688800
BALKRISIND-III,20181128,987.35,987.35,975.75,975.75,4,7200
BANKBARODA-I,20181128,109.55,110.2,103.35,104.55,12479,26692000
BANKBARODA-II,20181128,109.9,110.75,103.7,104.95,9647,54644000
BANKBARODA-III,20181128,110,111,104.6,105.25,65,316000
BANKINDIA-I,20181128,86.8,87.05,82.6,83.05,3745,8568000
BANKINDIA-II,20181128,87.35,87.5,83,83.35,2431,16116000
BANKINDIA-III,20181128,87.4,87.4,84.25,84.25,4,246000
BATAINDIA-I,20181128,1005.75,1025.15,991.85,996.35,5545,715000
BATAINDIA-II,20181128,1011.8,1026,994.65,997.65,2800,1005950
BATAINDIA-III,20181128,1000,1000,1000,1000,1,2200
BEL-I,20181128,93.95,93.95,88.2,88.55,3406,11934450
BEL-II,20181128,93.25,93.4,88,88.5,2417,17443800
BEL-III,20181128,92.5,92.5,88.6,88.6,6,354000
BEML-I,20181128,760,780.5,752.6,771.75,2463,482000
BEML-II,20181128,754.65,785,754.65,775.9,2304,880000
BEML-III,20181128,777,777,777,777,1,1400
BERGEPAINT-I,20181128,316.05,318.5,313.05,313.7,662,657800
BERGEPAINT-II,20181128,313,316,309.1,309.7,580,1672000
BERGEPAINT-III,20181128,0,0,0,296.9,0,0
BHARATFIN-I,20181128,989.3,1003.45,987.75,1000.3,7369,2201000
BHARATFIN-II,20181128,992.7,1007.85,992.65,1005.05,6104,4699500
BHARATFIN-III,20181128,1003,1003,1003,1003,1,1500
BHARATFORG-I,20181128,575.8,582,564.8,566.45,3190,2248800
BHARATFORG-II,20181128,580.25,583.95,567,568.75,2333,6229200
BHARATFORG-III,20181128,579.6,579.6,579.6,579.6,2,2400
BHARTIARTL-I,20181128,330.4,332.25,311.25,314.25,14091,12693900
BHARTIARTL-II,20181128,332.45,333.3,312.5,315.5,10985,33212900
BHARTIARTL-III,20181128,332.2,332.2,314.25,316.2,34,125800
BHEL-I,20181128,66.75,67.1,65.8,66.45,3840,20625000
BHEL-II,20181128,65.7,66.8,65.05,66.05,4120,47977500
BHEL-III,20181128,66.6,66.6,65.15,66.1,30,1170000
BIOCON-I,20181128,608.2,608.2,589.65,597.2,4758,1976400
BIOCON-II,20181128,609.1,610.75,592.2,598.7,3538,5243400
BIOCON-III,20181128,605,607.95,595.05,598.65,16,42300
BOSCHLTD-I,20181128,18532.95,18724.35,18437.95,18683.1,1963,71580
BOSCHLTD-II,20181128,18550,18789,18477.05,18734.4,1798,109350
BOSCHLTD-III,20181128,0,0,0,19000,0,60
BPCL-I,20181128,333.25,335.15,318.95,320.75,4961,4752000
BPCL-II,20181128,334.8,334.8,320,321.6,2900,7806600
BPCL-III,20181128,333.15,333.15,321.8,322.1,19,225000
BRITANNIA-I,20181128,6035.15,6063,5954.2,5961.15,6341,541300
BRITANNIA-II,20181128,6074.1,6088,5978.5,5986.05,5817,1024900
BRITANNIA-III,20181128,6070.05,6070.05,6070,6070,8,1700
CADILAHC-I,20181128,345.85,348.95,341.85,343.35,2702,3336000
CADILAHC-II,20181128,347.65,350.45,343.75,344.9,1976,5737600
CADILAHC-III,20181128,351.5,351.5,346.1,346.1,4,9600
CANBK-I,20181128,268.6,272.15,260.2,262.35,8747,3578000
CANBK-II,20181128,270.05,273.35,261.25,263.3,3582,9806000
CANBK-III,20181128,270.5,272.2,262,264.55,25,80000
CANFINHOME-I,20181128,257.75,266.3,253.8,257,1866,925000
CANFINHOME-II,20181128,263,267.95,255,258.5,1674,2997500
CANFINHOME-III,20181128,264.25,264.5,263,264.5,3,23400
CAPF-I,20181128,542.7,545.1,528.2,529.65,3852,1866400
CAPF-II,20181128,546.65,547.35,530.55,531.95,2949,4577600
CAPF-III,20181128,544,544,529.55,529.55,2,3600
CASTROLIND-I,20181128,154.4,156.4,153.2,155.4,1415,3676400
CASTROLIND-II,20181128,154.65,155.75,153.25,155,1282,5233200
CASTROLIND-III,20181128,154.65,155.5,154.65,155.25,6,57800
CEATLTD-I,20181128,1244.35,1258.9,1205.25,1211.35,3909,359800
CEATLTD-II,20181128,1247.6,1260,1209.15,1215.6,2129,726250
CEATLTD-III,20181128,1256.25,1256.25,1239.75,1239.75,5,2400
CENTURYTEX-I,20181128,912.3,914.6,890.55,895.65,4518,1021350
CENTURYTEX-II,20181128,914,918,894.2,899.3,3470,3776850
CENTURYTEX-III,20181128,914.1,914.1,908,908,2,2400
CESC-I,20181128,690.9,701,688.5,693.85,1535,592350
CESC-II,20181128,695.2,703.3,691.6,696.75,995,885500
CESC-III,20181128,691.5,699.5,691.5,699.5,2,1100
CGPOWER-I,20181128,39.75,39.75,36.9,37.7,1282,17004000
CGPOWER-II,20181128,39.85,39.85,37.1,37.85,1337,38616000
CGPOWER-III,20181128,39.75,39.75,38.1,38.25,20,276000
CHENNPETRO-I,20181128,268.35,271.1,263.8,267.8,477,184500
CHENNPETRO-II,20181128,269.05,272.9,265.3,268.85,448,798000
CHENNPETRO-III,20181128,0,0,0,268,0,1800
CHOLAFIN-I,20181128,1310,1327.55,1288.6,1296.35,1294,281000
CHOLAFIN-II,20181128,1319,1332,1294.85,1300.35,567,331500
CHOLAFIN-III,20181128,0,0,0,1309.9,0,0
CIPLA-I,20181128,520.1,524.5,513.5,515.4,5761,4105000
CIPLA-II,20181128,522.05,526.45,515.45,517.3,4067,6430000
CIPLA-III,20181128,528,528,525,525,2,28000
COALINDIA-I,20181128,253.1,254.5,247.4,248,6687,15032600
COALINDIA-II,20181128,251.95,252.15,247.35,248.05,6034,17518600
COALINDIA-III,20181128,248,250.15,247.4,247.8,34,365200
COLPAL-I,20181128,1235.65,1256.85,1214.6,1223.15,1948,785400
COLPAL-II,20181128,1238.8,1255.3,1214,1220.85,1253,807800
COLPAL-III,20181128,1249.95,1250,1249.95,1250,7,4900
CONCOR-I,20181128,671.95,672,657.35,664.75,1497,840000
CONCOR-II,20181128,676,679.55,660.5,667.35,1142,2245000
CONCOR-III,20181128,0,0,0,561.35,1,0
CUMMINSIND-I,20181128,804.45,805.05,786.65,790.75,1583,389200
CUMMINSIND-II,20181128,808.3,808.3,791.05,794.25,1092,1067500
CUMMINSIND-III,20181128,0,0,0,791.8,0,700
DABUR-I,20181128,420.4,425.5,413.35,414.9,6371,3676250
DABUR-II,20181128,421.5,427,415,416.4,5091,10292500
DABUR-III,20181128,426.55,426.55,426.55,426.55,1,2500
DALMIABHA-I,20181128,2372.05,2397.6,2280,2367.35,2763,398700
DALMIABHA-II,20181128,2434.95,2434.95,2283.15,2370.95,1184,300900
DALMIABHA-III,20181128,2378.7,2378.7,2373.45,2376.25,55,16500
DCBBANK-I,20181128,155.4,156.95,152.45,154.3,623,2119500
DCBBANK-II,20181128,155.9,157.4,153.15,154.85,571,3573000
DCBBANK-III,20181128,156.1,156.1,153.8,154,6,63000
DHFL-I,20181128,216.8,217,199.65,209.7,19712,8316000
DHFL-II,20181128,210,210,191.1,202.35,13593,18813000
DHFL-III,20181128,208.25,208.25,188.75,199.75,152,297000
DISHTV-I,20181128,37.45,38.15,37.2,37.8,2010,16288000
DISHTV-II,20181128,37.7,38.2,37.25,37.85,1463,29312000
DISHTV-III,20181128,0,0,0,37.6,0,48000
DIVISLAB-I,20181128,1518.65,1522.25,1468.15,1481.3,5653,1284000
DIVISLAB-II,20181128,1518,1518,1469,1482.05,3868,1301600
DIVISLAB-III,20181128,1476,1476,1476,1476,1,4800
DLF-I,20181128,179,179.4,172.25,175.45,8521,9482500
DLF-II,20181128,180,180,173.1,176.1,4102,18090000
DLF-III,20181128,177.9,177.9,174,175.55,9,65000
DRREDDY-I,20181128,2590,2598.4,2543.7,2572.65,10646,1193500
DRREDDY-II,20181128,2605,2608.5,2555.4,2582.4,7342,2487750
DRREDDY-III,20181128,2604.4,2604.4,2580,2582,11,4750
EICHERMOT-I,20181128,23917.5,24084.15,23059.85,23152.6,6523,63900
EICHERMOT-II,20181128,23800,24165,23153.85,23235.85,5292,198275
EICHERMOT-III,20181128,24211.1,24211.1,23433.55,23433.55,3,225
ENGINERSIN-I,20181128,117.8,118.6,116.05,116.95,853,2919000
ENGINERSIN-II,20181128,118.25,119.05,116.6,117.5,643,3836000
ENGINERSIN-III,20181128,118.1,118.1,118.1,118.1,1,24600
EQUITAS-I,20181128,109.85,109.85,106.85,107.4,2227,6212000
EQUITAS-II,20181128,109.7,110.25,107.5,107.95,1393,7808000
EQUITAS-III,20181128,109.85,109.85,108.4,108.4,2,96000
ESCORTS-I,20181128,693.5,697.75,673.65,682.6,6815,1490500
ESCORTS-II,20181128,697.5,701.1,677.3,685.3,3899,3627800
ESCORTS-III,20181128,699,703.4,681,689.4,19,26400
EXIDEIND-I,20181128,259.05,260.5,256.6,258.45,2271,1866000
EXIDEIND-II,20181128,259.3,261.8,258,259.35,1432,5320000
EXIDEIND-III,20181128,260.7,260.7,259.9,259.9,4,38000
FEDERALBNK-I,20181128,81.3,82.4,80.2,81.5,4721,20768000
FEDERALBNK-II,20181128,81.6,82.8,80.55,81.85,4037,33368500
FEDERALBNK-III,20181128,81.65,82.85,81.15,82.35,27,343000
GAIL-I,20181128,346.9,352.85,336.45,339.9,5697,12300204
GAIL-II,20181128,346.45,353.9,337.65,341,4129,11740134
GAIL-III,20181128,349.05,350.05,336.9,337.9,11,104013
GLENMARK-I,20181128,647.2,652,643.85,647.95,1909,1251000
GLENMARK-II,20181128,648.55,654,646.45,650.1,1059,2906000
GLENMARK-III,20181128,653,653,649,649,4,4000
GMRINFRA-I,20181128,16.4,16.45,15.9,16,1662,80145000
GMRINFRA-II,20181128,16.4,16.5,15.95,16.05,1215,113805000
GMRINFRA-III,20181128,16.2,16.2,16.2,16.2,1,225000
GODFRYPHLP-I,20181128,895,942.85,887.45,936.25,906,131600
GODFRYPHLP-II,20181128,895.4,948.95,892.05,940.85,867,520100
GODFRYPHLP-III,20181128,920.15,950.45,920.15,948.35,4,6300
GODREJCP-I,20181128,749.95,764,741.5,744.75,4737,1995600
GODREJCP-II,20181128,754.1,766.75,744.5,748.15,3988,4177800
GODREJCP-III,20181128,0,0,0,756.05,0,1800
GODREJIND-I,20181128,525.05,527.15,517.8,518.95,885,513000
GODREJIND-II,20181128,527.1,529.9,520.8,521.7,582,1675500
GODREJIND-III,20181128,0,0,0,458.15,0,0
GRANULES-I,20181128,87.75,87.75,83.3,84.7,1307,2960000
GRASIM-I,20181128,862.3,863.7,836.65,839.85,5832,2033250
GRASIM-II,20181128,865,866.6,840.25,842.85,5467,6143250
GRASIM-III,20181128,0,0,0,846,0,8250
GSFC-I,20181128,104.65,104.9,101.9,102.5,1233,3987000
GSFC-II,20181128,105.05,105.45,102.55,103,1143,12789000
GSFC-III,20181128,106.05,106.1,104.15,104.15,5,89300
HAVELLS-I,20181128,661.7,673.75,657.6,668.9,2713,1719000
HAVELLS-II,20181128,661.9,675.9,660.2,671.65,1596,3291000
HAVELLS-III,20181128,668,678,665,675.4,17,14000
HCC-I,20181128,12.55,12.95,12.2,12.3,360,6560601
HCLTECH-I,20181128,1020.7,1046.8,1014.05,1042.4,5942,2497600
HCLTECH-II,20181128,1010.85,1051,1010.85,1046.8,4529,6013000
HCLTECH-III,20181128,1027.6,1037,1027.6,1037,3,18900
HDFC-I,20181128,1906.8,1929.5,1906.8,1926.55,21647,6286000
HDFC-II,20181128,1919.95,1937.6,1913.7,1934.65,18186,19363500
HDFC-III,20181128,1933.2,1939,1931.1,1937.5,14,18500
HDFCBANK-I,20181128,2060.9,2092.7,2059.25,2083,25571,6000250
HDFCBANK-II,20181128,2069,2098,2069,2088.9,18255,8602750
HDFCBANK-III,20181128,2085.15,2103,2081.5,2092.95,59,26500
HEROMOTOCO-I,20181128,2975,3009.35,2969.6,2991.2,5193,472200
HEROMOTOCO-II,20181128,2983.95,3018.9,2955.7,3001.6,3053,874000
HEROMOTOCO-III,20181128,0,0,0,2920,0,800
HEXAWARE-I,20181128,310.9,314.6,305.45,311.2,2526,973500
HEXAWARE-II,20181128,309.55,316.45,307.25,312.7,2439,4302000
HEXAWARE-III,20181128,0,0,0,309,0,12000
HINDALCO-I,20181128,220.1,222.3,214.55,215.85,8922,11424000
HINDALCO-II,20181128,220.65,223,215.4,216.55,6250,24923500
HINDALCO-III,20181128,220,221.25,216.95,217.8,31,112000
HINDPETRO-I,20181128,246.15,247.2,235.55,238.75,8015,6980400
HINDPETRO-II,20181128,247.2,248.2,236.5,239.6,6906,13135500
HINDPETRO-III,20181128,245.9,247.1,237.9,240.2,97,270900
HINDUNILVR-I,20181128,1729.15,1747.35,1718.25,1733.9,6009,2445000
HINDUNILVR-II,20181128,1732.4,1753.85,1724.25,1740.15,5026,6049800
HINDUNILVR-III,20181128,1760,1760,1743.05,1743.95,5,13800
HINDZINC-I,20181128,263.05,264.45,260.45,261.55,1021,1795200
HINDZINC-II,20181128,262,262,256.65,257.8,780,5529600
HINDZINC-III,20181128,0,0,0,258.35,0,12800
IBULHSGFIN-I,20181128,687.95,702.05,677.6,690.05,20730,3941500
IBULHSGFIN-II,20181128,696,705.15,680.75,692.9,12605,19056500
IBULHSGFIN-III,20181128,691.45,701,691.35,697.65,25,30000
ICICIBANK-I,20181128,355.15,361,352.85,358.15,22886,39292000
ICICIBANK-II,20181128,356.6,362.25,354.5,359.45,17002,68571250
ICICIBANK-III,20181128,359.1,362.6,356.3,360.65,56,272250
ICICIPRULI-I,20181128,328.85,329.85,319.9,321.2,1233,1478100
ICICIPRULI-II,20181128,330.55,330.8,321.6,322.5,1044,2297100
ICICIPRULI-III,20181128,0,0,0,324.2,0,0
IDBI-I,20181128,60.2,60.4,59.65,59.9,1564,23950000
IDBI-II,20181128,60.7,60.7,60,60.25,1418,21460000
IDBI-III,20181128,60.7,60.8,60.7,60.8,5,150000
IDEA-I,20181128,38.85,39.15,37.55,37.7,6708,61054000
IDEA-II,20181128,39,39.35,37.65,37.85,5172,96551000
IDEA-III,20181128,38.85,39,38,38.05,16,852000
IDFC-I,20181128,41.25,42.25,40.65,41.25,3525,33264000
IDFC-II,20181128,41.5,42.5,40.9,41.45,2782,85364400
IDFC-III,20181128,41.75,42.55,41.25,41.6,27,528000
IDFCBANK-I,20181128,39.9,40.1,38.6,38.75,4266,42020000
IDFCBANK-II,20181128,40,40,38.8,38.95,3328,102410000
IDFCBANK-III,20181128,39.85,39.95,39,39.05,36,1728000
IFCI-I,20181128,14,14,13.5,13.6,623,25700000
IFCI-II,20181128,14.1,14.1,13.6,13.7,631,38000000
IFCI-III,20181128,14,14,13.8,13.8,3,350000
IGL-I,20181128,267.7,268.3,263.3,267.15,1085,2483250
IGL-II,20181128,267.1,269.4,264.55,268.25,805,2288000
IGL-III,20181128,0,0,0,269,0,19250
INDIACEM-I,20181128,91.5,91.85,88.25,88.75,2838,8361500
INDIACEM-II,20181128,91.75,92.1,88.8,89.15,2090,11508000
INDIACEM-III,20181128,91.95,92,89.55,89.75,8,67500
INDIANB-I,20181128,226.95,228.65,219.5,220.75,2923,1972000
INDIANB-II,20181128,228,230.05,220.8,221.7,2281,3780000
INDIANB-III,20181128,0,0,0,232.35,0,2000
INDIGO-I,20181128,1031.8,1048,1027.5,1038.35,3644,2683800
INDIGO-II,20181128,1034.7,1051.55,1032.1,1042.45,2684,1962600
INDIGO-III,20181128,1040.05,1045,1038,1038.7,40,16800
INDUSINDBK-I,20181128,1592.55,1617.5,1590.2,1610.3,13761,2319000
INDUSINDBK-II,20181128,1602.3,1624.5,1597.8,1614.75,9867,3407700
INDUSINDBK-III,20181128,1610,1621,1597.8,1616.65,31,68100
INFIBEAM-I,20181128,44.3,44.8,39.5,40.25,3470,4412000
INFIBEAM-II,20181128,43.2,44.05,38.6,39.45,2355,12104000
INFIBEAM-III,20181128,43.15,43.15,43.15,43.15,1,40000
INFRATEL-I,20181128,265,265.35,257.55,259.3,3473,4331600
INFRATEL-II,20181128,266.65,266.65,258.7,260.4,2813,5072800
INFRATEL-III,20181128,0,0,0,270.4,0,0
INFY-I,20181128,640,666.7,640,664.55,24369,12868800
INFY-II,20181128,642.65,669.3,642.65,667.25,17187,31618800
INFY-III,20181128,652.5,671.15,652.5,668.75,62,94800
IOC-I,20181128,138,138.6,133.65,134.25,10424,18435000
IOC-II,20181128,135.75,136.95,133.4,133.85,9592,39624000
IOC-III,20181128,135,135.3,134,134,8,423500
IRB-I,20181128,153.45,153.7,147.65,151.9,3278,4032500
IRB-II,20181128,153.55,154,148.45,152.4,2233,8175000
IRB-III,20181128,0,0,0,153.8,0,6400
ITC-I,20181128,285.3,288,280.7,281.85,14104,24787200
ITC-II,20181128,286.5,289.25,282,283.2,11836,50056800
ITC-III,20181128,290.3,290.55,283.5,285.05,16,67200
JETAIRWAYS-I,20181128,290.1,319.25,287.1,307.3,5704,1203600
JETAIRWAYS-II,20181128,278.45,308.2,271.9,300.15,2673,3277200
JETAIRWAYS-III,20181128,0,0,0,283.55,0,28600
JINDALSTEL-I,20181128,156.1,156.9,151.2,151.85,10295,9229500
JINDALSTEL-II,20181128,156.7,157.7,152,152.5,6856,20477250
JINDALSTEL-III,20181128,157.1,158,153.9,153.9,22,141750
JISLJALEQS-I,20181128,68.55,68.85,65.7,65.95,1502,12600000
JISLJALEQS-II,20181128,69.15,69.2,66,66.2,1268,24156000
JISLJALEQS-III,20181128,68.25,68.25,66.9,66.9,3,72000
JPASSOCIAT-I,20181128,6.75,6.75,6.4,6.55,1153,48246000
JPASSOCIAT-II,20181128,6.75,6.8,6.45,6.6,1230,83878000
JPASSOCIAT-III,20181128,6.8,6.8,6.6,6.65,18,3245000
JSWSTEEL-I,20181128,312.85,315,306.8,308.75,19399,11844000
JSWSTEEL-II,20181128,314.85,316.2,308,310.1,15432,38710500
JSWSTEEL-III,20181128,312.95,315,310.5,310.5,12,36000
JUBLFOOD-I,20181128,1244.1,1251.45,1231.3,1240.85,6414,1058000
JUBLFOOD-II,20181128,1245.95,1254.85,1236,1246.5,3199,1697500
JUBLFOOD-III,20181128,1245.1,1245.1,1245.1,1245.1,1,5500
JUSTDIAL-I,20181128,497.25,500.15,489.55,493.8,1480,729400
JUSTDIAL-II,20181128,495,500,490.2,495.2,1045,1262800
JUSTDIAL-III,20181128,491,496.7,491,496.7,2,7000
KAJARIACER-I,20181128,457.25,465.25,455.3,458.1,1113,822000
KAJARIACER-II,20181128,462.65,467.1,456.5,459.45,821,1274000
KAJARIACER-III,20181128,462.8,465,459,459,21,26000
KOTAKBANK-I,20181128,1176.25,1186.2,1160.3,1163.2,8279,4587200
KOTAKBANK-II,20181128,1181,1189.65,1163,1165.45,6416,7456800
KOTAKBANK-III,20181128,1190.45,1190.45,1168.7,1169.15,10,25600
KPIT-I,20181128,205.5,208.9,203.5,207.15,1886,1172250
KPIT-II,20181128,206.95,209.95,204.7,208.2,1693,5433750
KPIT-III,20181128,0,0,0,205.5,0,20250
KSCL-I,20181128,514.35,537.4,511,522.55,955,498000
KSCL-II,20181128,503.9,528,500,513.55,1068,765000
KSCL-III,20181128,506.45,508.15,506.45,505.05,11,24000
KTKBANK-I,20181128,102,104.35,101,101.7,1694,5400000
KTKBANK-II,20181128,104.5,104.8,101.4,102.25,1307,9922500
KTKBANK-III,20181128,104.2,104.2,104.2,104.2,2,32900
L&TFH-I,20181128,132.2,139.6,129.15,138.55,8418,9243000
L&TFH-II,20181128,132.55,139.95,129.6,138.95,4814,15759000
L&TFH-III,20181128,131.55,140.25,130.65,139.65,30,229500
LICHSGFIN-I,20181128,461.85,466.9,457.25,464.2,4682,3432000
LICHSGFIN-II,20181128,463.6,468.6,459.25,466.05,3183,6556000
LICHSGFIN-III,20181128,464.7,469.45,464.7,465.95,9,26400
LT-I,20181128,1428.15,1434.15,1399.85,1402.85,14756,4519875
LT-II,20181128,1432,1440,1405.65,1408.9,13591,5431125
LT-III,20181128,1445,1445,1412.45,1416.45,71,24750
LUPIN-I,20181128,829.65,868.65,827.8,864.55,11403,2092300
LUPIN-II,20181128,837,871,833.05,866.9,6332,6732600
LUPIN-III,20181128,844.8,873.6,844.8,869.1,54,56000
M&M-I,20181128,755.7,759.8,745.55,747.9,8430,5312000
M&M-II,20181128,754.8,762.85,749,751.3,7036,9559000
M&M-III,20181128,761,761,753.65,754.75,6,18000
M&MFIN-I,20181128,422.65,430.95,418.25,420.25,3544,3285000
M&MFIN-II,20181128,420.15,432.3,420.1,422.25,2953,5741250
M&MFIN-III,20181128,425,425,425,425,8,12500
MANAPPURAM-I,20181128,85.45,85.45,82,82.8,1441,5664000
MANAPPURAM-II,20181128,85.45,85.75,82.35,83.15,1008,7146000
MANAPPURAM-III,20181128,85.7,85.8,83.35,83.35,5,42000
MARICO-I,20181128,363.5,369.55,358.3,359.5,1933,2854800
MARICO-II,20181128,364,371.25,359.7,360.9,1745,6045000
MARICO-III,20181128,0,0,0,303.6,0,0
MARUTI-I,20181128,7670,7670,7549.95,7570.25,18472,911925
MARUTI-II,20181128,7665.95,7693.95,7584.1,7598.4,11154,1265175
MARUTI-III,20181128,7710,7710,7620.5,7637.85,88,11550
MCDOWELL-N-I,20181128,649.4,649.4,629.15,634.55,3587,2807500
MCDOWELL-N-II,20181128,648.05,653.8,632,637.35,2692,6787500
MCDOWELL-N-III,20181128,645,645,638,633.9,6,31250
MCX-I,20181128,710,721.95,701.45,704.05,1817,1513400
MCX-II,20181128,722,725.35,705,706.7,1257,1820700
MCX-III,20181128,724,724,716,716,2,2800
MFSL-I,20181128,428.8,443.45,425.5,428.55,1006,1068000
MFSL-II,20181128,433.2,445.35,427.6,430.65,633,1414800
MFSL-III,20181128,0,0,0,421.75,0,2400
MGL-I,20181128,827,837.8,815.8,819.7,1343,309000
MGL-II,20181128,834.25,842.05,820.5,823.75,1066,995400
MGL-III,20181128,831.15,831.15,829.1,830.1,5,4200
MINDTREE-I,20181128,824.95,872,821.25,869.45,8920,1232400
MINDTREE-II,20181128,830.95,876,825.55,872.35,4379,1704600
MINDTREE-III,20181128,0,0,0,826.15,0,1200
MOTHERSUMI-I,20181128,162.15,164.6,157.5,159.25,5972,8942400
MOTHERSUMI-II,20181128,161.25,164.85,158.2,159.95,4322,21415200
MOTHERSUMI-III,20181128,164.5,165.2,160,160,16,105450
MRF-I,20181128,68724.95,69429.6,68457.6,68668.75,1196,10420
MRF-II,20181128,68882.1,69700,68810,68948.55,1112,19740
MRF-III,20181128,0,0,0,68311.7,0,130
MRPL-I,20181128,76,76.1,72.6,73.2,480,1399500
MRPL-II,20181128,76.25,76.45,73,73.55,501,2718000
MRPL-III,20181128,75.9,76.15,75,75,4,21000
MUTHOOTFIN-I,20181128,458.65,466.45,451.25,453.5,1481,787500
MUTHOOTFIN-II,20181128,458.4,460.75,449.5,452.25,1025,1135500
MUTHOOTFIN-III,20181128,449.8,452.15,449.8,452.15,2,4500
NATIONALUM-I,20181128,65.1,65.7,64.6,64.75,1312,14784000
NATIONALUM-II,20181128,65.3,65.85,64.8,65,936,14528000
NATIONALUM-III,20181128,65.35,65.45,65.1,65.15,9,264000
NBCC-I,20181128,56.95,57,55.3,55.55,2655,10410000
NBCC-II,20181128,55.75,55.9,54.3,54.6,2277,20028000
NBCC-III,20181128,55.85,55.85,54.65,54.65,18,336000
NCC-I,20181128,87.9,89.3,85.5,86.35,3790,19104000
NCC-II,20181128,88.4,89.7,85.9,86.75,3026,31200000
NCC-III,20181128,88.65,89.85,87.45,87.45,27,160000
NESTLEIND-I,20181128,10458.2,10718.6,10458.2,10671.3,1972,190900
NESTLEIND-II,20181128,10448.3,10730,10448.3,10694,1458,109550
NESTLEIND-III,20181128,0,0,0,9732.3,0,0
NHPC-I,20181128,25.8,25.95,25.65,25.8,479,9963000
NHPC-II,20181128,25.9,26.05,25.6,25.8,449,14499000
NHPC-III,20181128,25.75,25.9,25.75,25.75,8,405000
NIITTECH-I,20181128,1100,1130,1090.8,1095.95,2335,438000
NIITTECH-II,20181128,1106.7,1135.7,1095.8,1101.35,2465,1433250
NIITTECH-III,20181128,1119,1119,1105,1105,3,3000
NMDC-I,20181128,95.2,95.2,92.8,93.5,2061,11112000
NMDC-II,20181128,95.5,95.5,93.3,94,1695,13590000
NMDC-III,20181128,94.95,95.1,93.7,94.1,15,294000
NTPC-I,20181128,146.45,147.6,142.3,143.6,6606,19536000
NTPC-II,20181128,143.15,146,141.6,143.15,5400,29968000
NTPC-III,20181128,145.55,145.55,142.6,142.95,19,228000
OFSS-I,20181128,3371.65,3530,3362.35,3471.75,664,40050
OFSS-II,20181128,3393.9,3543.8,3393.65,3489.65,620,144000
OFSS-III,20181128,0,0,0,3635.3,0,150
OIL-I,20181128,198.75,198.75,194.8,195.95,760,3358212
OIL-II,20181128,191.55,192.2,186.1,188.25,876,2447280
OIL-III,20181128,188.8,188.8,188.75,188.75,14,84975
ONGC-I,20181128,147.2,149.15,142.15,142.75,8207,20373750
ONGC-II,20181128,145.25,147.45,141.1,141.75,7962,41760000
ONGC-III,20181128,147.2,147.2,141.55,142.25,38,697500
ORIENTBANK-I,20181128,90.8,90.95,85.9,86.65,1619,2118000
ORIENTBANK-II,20181128,91.15,91.15,85.95,86.8,1647,8256000
ORIENTBANK-III,20181128,90,90,87.65,87.65,3,154000
PAGEIND-I,20181128,26697.15,26950,26031.8,26114.8,2976,57200
PAGEIND-II,20181128,26550,26899.9,26000,26085.25,1874,83400
PAGEIND-III,20181128,26766.65,26766.65,26766.65,26766.65,1,25
PCJEWELLER-I,20181128,72.05,72.35,66.75,68.2,9185,4504500
PCJEWELLER-II,20181128,72,72,65.1,67.15,4606,5341500
PCJEWELLER-III,20181128,69.4,69.4,67.2,67.25,6,195000
PEL-I,20181128,2031.7,2115.25,2022.05,2099.55,10056,578330
PEL-II,20181128,2037,2121.35,2030.1,2106.2,6675,2655788
PEL-III,20181128,2097.95,2121,2082.4,2116,22,5738
PETRONET-I,20181128,217.6,218.65,214.35,215.2,1365,4341000
PETRONET-II,20181128,218.1,219.4,215.4,216.15,1103,8433000
PETRONET-III,20181128,217.4,217.7,217.4,217.7,2,66000
PFC-I,20181128,102,102.2,90.8,92.6,6620,13800000
PFC-II,20181128,101.55,101.95,90.65,92.35,4478,22020000
PFC-III,20181128,100.3,100.3,91.95,92.25,17,254200
PIDILITIND-I,20181128,1166,1185,1153.6,1158.15,4162,982500
PIDILITIND-II,20181128,1157.55,1179,1150.35,1155.2,2332,3221000
PIDILITIND-III,20181128,0,0,0,1173.75,0,1000
PNB-I,20181128,73.2,73.2,69.25,69.55,12167,30299500
PNB-II,20181128,73.2,73.4,69.55,69.85,10188,81262500
PNB-III,20181128,73.3,73.55,70,70.3,76,1344000
POWERGRID-I,20181128,182.8,184.75,181.2,183.75,3100,11352000
POWERGRID-II,20181128,179.05,185.25,179.05,184.2,2567,25032000
POWERGRID-III,20181128,185.2,185.25,185.05,185.15,18,100000
PTC-I,20181128,81.9,82.5,79.2,80,846,2968000
PTC-II,20181128,83.5,83.5,79.8,80.4,847,6624000
PTC-III,20181128,0,0,0,81.6,0,24000
PVR-I,20181128,1461.6,1468.9,1442.45,1458.35,1577,167200
PVR-II,20181128,1460.95,1475.95,1450,1465.2,1754,1097200
PVR-III,20181128,1479.55,1479.55,1479.55,1479.55,1,400
RAMCOCEM-I,20181128,605,605.05,597.65,600.05,257,288800
RAMCOCEM-II,20181128,612.9,612.9,598.9,602.3,273,518400
RAMCOCEM-III,20181128,0,0,0,603.05,0,800
RAYMOND-I,20181128,820.7,824.95,809.5,812.8,3135,762400
RAYMOND-II,20181128,821.4,830,814,816.7,1878,3148000
RAYMOND-III,20181128,830.55,830.55,830.55,830.55,1,2400
RBLBANK-I,20181128,572,572.1,540.7,543.8,5396,1780800
RBLBANK-II,20181128,567.5,567.75,536.05,539.4,3227,5698800
RBLBANK-III,20181128,562.05,562.8,540,540,23,32400
RCOM-I,20181128,13.45,13.45,13,13.1,1273,40012000
RCOM-II,20181128,13.5,13.5,13.1,13.2,1031,56308000
RCOM-III,20181128,0,0,0,13.65,0,170000
RECLTD-I,20181128,122,122.7,109.15,111.1,6849,16584000
RECLTD-II,20181128,121.55,121.9,109.45,111.2,4576,21492000
RECLTD-III,20181128,121.85,121.85,110,111,35,312000
RELCAPITAL-I,20181128,244,247.2,236.45,238.05,13429,4020000
RELCAPITAL-II,20181128,244,248.15,237.55,239.1,6535,8890500
RELCAPITAL-III,20181128,243.65,249.25,239.5,240.2,36,162000
RELIANCE-I,20181128,1131.95,1154.95,1125.8,1149.3,51711,14337000
RELIANCE-II,20181128,1136.1,1159.35,1131,1154.05,34530,29490000
RELIANCE-III,20181128,1144,1164.8,1136.1,1158.7,158,136000
RELINFRA-I,20181128,358.45,366.5,356.75,360.55,5877,1857700
RELINFRA-II,20181128,360,368.1,358.8,362.4,2868,5096000
RELINFRA-III,20181128,367.3,367.3,364.4,364.4,12,52000
REPCOHOME-I,20181128,386.95,387.75,354,357.6,516,275400
REPCOHOME-II,20181128,386,386,354.55,358.1,803,513000
REPCOHOME-III,20181128,370.05,370.05,363.35,366,10,11000
RPOWER-I,20181128,30.35,30.35,29.55,29.85,1248,14664000
RPOWER-II,20181128,30.5,30.5,29.75,30.05,1567,35542000
RPOWER-III,20181128,30.75,30.75,30.1,30.3,10,1152000
SAIL-I,20181128,56.85,57.05,54.95,55.25,4385,45576000
SAIL-II,20181128,57.2,57.3,55.25,55.5,3071,47100000
SAIL-III,20181128,56.8,57.5,55.65,55.8,33,828000
SBIN-I,20181128,289.35,292.2,283.2,284.35,22931,35511000
SBIN-II,20181128,290.35,293.4,284.5,285.55,15586,55950000
SBIN-III,20181128,291.55,294.55,286,286.65,135,372000
SHREECEM-I,20181128,15999.95,16092,15921.65,16007.65,757,43400
SHREECEM-II,20181128,16111.3,16149.95,15999.45,16074.3,720,61900
SHREECEM-III,20181128,0,0,0,13805.4,0,0
SIEMENS-I,20181128,908.5,919.9,899.7,910.25,3755,491500
SIEMENS-II,20181128,902,907.8,890.6,903.4,4219,2599000
SIEMENS-III,20181128,895,903,895,899.4,24,12650
SOUTHBANK-I,20181128,15.55,15.95,15.2,15.3,2356,73771866
SOUTHBANK-II,20181128,15.75,16.05,15.3,15.4,1653,67110525
SOUTHBANK-III,20181128,15.9,16.05,15.5,15.5,17,1657050
SREINFRA-I,20181128,33.5,33.5,31.1,31.85,883,5040000
SREINFRA-II,20181128,33.35,33.75,31.15,31.85,865,8239000
SREINFRA-III,20181128,32,32,32,32,1,24000
SRF-I,20181128,2111.6,2124.95,2075,2106.85,1407,177500
SRF-II,20181128,2120.2,2136.5,2086.1,2119.15,1073,415000
SRF-III,20181128,2116.15,2116.15,2116.15,2116.15,1,1000
SRTRANSFIN-I,20181128,1104.2,1133.7,1090.65,1128.6,5367,1279200
SRTRANSFIN-II,20181128,1105.95,1138.25,1095.4,1133.3,3383,2892000
SRTRANSFIN-III,20181128,1120,1127,1120,1127,4,3600
STAR-I,20181128,450,452.35,436.05,443.4,3041,600000
STAR-II,20181128,450,454.5,438.55,445.55,2509,2696000
STAR-III,20181128,440,440,440,440,1,1100
SUNPHARMA-I,20181128,492.55,501.8,481.5,486.1,21867,10257500
SUNPHARMA-II,20181128,495.1,503.7,482.9,487.95,15440,27034700
SUNPHARMA-III,20181128,496,505.25,486,490.7,132,325600
SUNTV-I,20181128,612.9,617.25,605.4,609.85,3498,1812000
SUNTV-II,20181128,614.15,619.8,607.55,611.8,1911,6062000
SUNTV-III,20181128,617.3,620.9,616.1,616.1,9,16000
SUZLON-I,20181128,5.6,5.65,5.4,5.45,3221,161730000
SUZLON-II,20181128,5.65,5.65,5.45,5.5,3139,214065000
SUZLON-III,20181128,5.65,5.65,5.55,5.6,17,7296000
SYNDIBANK-I,20181128,35.7,35.7,34.6,34.8,914,7497000
SYNDIBANK-II,20181128,35.8,35.8,34.8,34.95,984,17793000
SYNDIBANK-III,20181128,36,36,35.45,35.45,2,75000
TATACHEM-I,20181128,706.85,716.3,690,693,3648,727500
TATACHEM-II,20181128,710.1,719.35,692,694.55,2658,2601750
TATACHEM-III,20181128,0,0,0,680.1,0,0
TATACOMM-I,20181128,533.85,534.9,520.5,522.75,1249,578400
TATACOMM-II,20181128,536,537.3,523,525.05,909,2075200
TATACOMM-III,20181128,535,535,533,533,3,3000
TATAELXSI-I,20181128,1009.6,1029.45,1005.75,1016.65,4277,559200
TATAELXSI-II,20181128,1013.95,1033.8,1011.3,1020.85,2244,983200
TATAELXSI-III,20181128,1031.5,1031.5,1031.5,1031.5,1,3200
TATAGLOBAL-I,20181128,217.25,221.3,214.25,215.6,3005,3550500
TATAGLOBAL-II,20181128,218.4,222.45,215.65,216.75,2370,7116750
TATAGLOBAL-III,20181128,218.75,219,218.75,219,4,15750
TATAMOTORS-I,20181128,180.3,181.2,173.9,174.5,20451,20682000
TATAMOTORS-II,20181128,181,181.8,174.55,175.25,18371,41349000
TATAMOTORS-III,20181128,181.65,182.4,175.5,176.3,148,690000
TATAMTRDVR-I,20181128,98,98.55,95,95.35,2611,10813600
TATAMTRDVR-II,20181128,98.4,99,95.5,95.75,2039,16889600
TATAMTRDVR-III,20181128,99,99,96.15,96.15,24,178600
TATAPOWER-I,20181128,75.75,76,73.75,74.25,2228,25506000
TATAPOWER-II,20181128,76.05,76.2,74.05,74.65,1647,27432000
TATAPOWER-III,20181128,0,0,0,75.75,0,36000
TATASTEEL-I,20181128,523.9,528.35,518.55,522.4,21888,11435458
TATASTEEL-II,20181128,526.45,530.35,521.1,524.3,12459,27266639
TATASTEEL-III,20181128,528.55,532,524,527.1,77,124137
TCS-I,20181128,1886.3,1982.95,1884.2,1978.9,34605,3000500
TCS-II,20181128,1888.6,1989,1888.1,1985.55,24001,8168250
TCS-III,20181128,1900.05,1992.7,1900,1990.5,66,22750
TECHM-I,20181128,701.65,706.65,691.2,698.05,7976,2697600
TECHM-II,20181128,707,709.7,694.8,700.85,6044,9433200
TECHM-III,20181128,702.8,711.35,702.8,704,5,14400
TITAN-I,20181128,918.05,932.25,918.05,920.85,12572,3458250
TITAN-II,20181128,935.55,936,921.3,924.55,8337,10017750
TITAN-III,20181128,933.75,939.95,926.75,929.1,57,32250
TORNTPHARM-I,20181128,1643.95,1699.8,1632.5,1691.8,1238,131000
TORNTPHARM-II,20181128,1658,1707.7,1641.2,1699.85,784,290000
TORNTPHARM-III,20181128,1695,1702.7,1694,1702,9,4000
TORNTPOWER-I,20181128,256.5,257.8,250.65,252.7,1112,1239000
TORNTPOWER-II,20181128,257.75,258.2,252,253.95,730,2367000
TORNTPOWER-III,20181128,254.5,254.5,254.5,254.5,1,15000
TV18BRDCST-I,20181128,34.65,35.6,34.55,34.8,2137,10650500
TV18BRDCST-II,20181128,34.85,35.75,34.75,35,2200,37901500
TV18BRDCST-III,20181128,35.35,35.85,35.35,35.7,7,221000
TVSMOTOR-I,20181128,543.9,546.4,531.8,535.7,4958,2779000
TVSMOTOR-II,20181128,538.6,543.6,530,533.55,4188,5348000
TVSMOTOR-III,20181128,530.8,530.8,530.8,530.8,2,4000
UBL-I,20181128,1269.55,1273.2,1231.4,1240.55,1890,294000
UBL-II,20181128,1277.55,1279,1238.75,1247.5,1941,1662500
UBL-III,20181128,0,0,0,1290,0,1400
UJJIVAN-I,20181128,220.45,222.1,215.9,218.2,1438,1774400
UJJIVAN-II,20181128,221,222.95,216.7,218.95,925,2275200
UJJIVAN-III,20181128,220,220,219,218.65,5,12800
ULTRACEMCO-I,20181128,4011,4045.45,3987.35,4008.75,6051,410200
ULTRACEMCO-II,20181128,4007.3,4047.95,3993.15,4011.35,4308,1892400
ULTRACEMCO-III,20181128,0,0,0,3975,0,21600
UNIONBANK-I,20181128,81.95,82.4,79.1,79.4,3704,12390000
UNIONBANK-II,20181128,81.95,82.75,79.4,79.7,2199,27018000
UNIONBANK-III,20181128,80.6,80.95,80.6,80.95,2,203000
UPL-I,20181128,764.75,778.7,764.75,772.7,5438,4006800
UPL-II,20181128,767.75,781.85,767.75,776.05,3717,12745200
UPL-III,20181128,780,780,776.55,776.55,9,15600
VEDL-I,20181128,196.65,197.45,192.25,193,14492,14505750
VEDL-II,20181128,196.7,198.05,193,193.75,9152,27772500
VEDL-III,20181128,196.9,198.7,195.2,195.4,20,193200
VGUARD-I,20181128,204.7,210.05,204,209.1,971,1011000
VGUARD-II,20181128,199.75,203.15,198.05,202.2,925,3078000
VGUARD-III,20181128,198,198,196.5,196.5,5,24000
VOLTAS-I,20181128,545.1,550.6,535.1,537.15,5772,1721000
VOLTAS-II,20181128,539.05,541.9,525.85,528.65,4555,5443000
VOLTAS-III,20181128,537,537,524,524,3,15000
WIPRO-I,20181128,313.55,315.55,309.6,310.5,6047,8971200
WIPRO-II,20181128,313.3,317,311,311.8,5290,19382400
WIPRO-III,20181128,0,0,0,313,0,4800
WOCKPHARMA-I,20181128,524.35,526.25,507.55,515.2,2491,620100
WOCKPHARMA-II,20181128,527.95,529.25,510.3,517.85,2289,2731500
WOCKPHARMA-III,20181128,525,525,515.25,520,4,6300
YESBANK-I,20181128,183.5,184.85,160.2,162.05,78438,34655250
YESBANK-II,20181128,180,184,160.9,162.8,52384,120429750
YESBANK-III,20181128,184,184,161.9,163.35,1090,1963500
ZEEL-I,20181128,462,481.3,461.05,476.5,9643,3298100
ZEEL-II,20181128,462.35,483.25,462.35,478.3,6305,9773400
ZEEL-III,20181128,471.3,475,471.05,475,3,5200
