BANKNIFTY-I,20180131,27222,27582.5,27210.35,27465.6,71032,2084680
BANKNIFTY-II,20180131,27247.45,27625.9,27247.45,27529.35,1553,54720
BANKNIFTY-III,20180131,27481.6,27630.9,27342.45,27592,48,1880
FTSE100-I,20180131,0,0,0,7503,0,0
FTSE100-II,20180131,0,0,0,7912,0,0
FTSE100-III,20180131,0,0,0,7832,0,0
FTSE100-IIII,20180131,0,0,0,7982,0,0
FTSE100-IIIII,20180131,0,0,0,7867,0,0
FTSE100-IIIIII,20180131,0,0,0,7947,0,0
NIFTY-I,20180131,11039,11077.7,11007.35,11055.4,124270,24663000
NIFTY-II,20180131,11072.3,11103,11032,11076.2,4547,816525
NIFTY-III,20180131,11100.1,11121,11065,11105.05,288,30525
NIFTYCPSE-I,20180131,0,0,0,2661.05,0,0
NIFTYCPSE-II,20180131,0,0,0,2729.2,0,0
NIFTYCPSE-III,20180131,0,0,0,2827.05,0,0
NIFTYINFRA-I,20180131,0,0,0,3569.3,0,0
NIFTYINFRA-II,20180131,0,0,0,3662.6,0,0
NIFTYINFRA-III,20180131,0,0,0,3716.6,0,0
NIFTYIT-I,20180131,13102,13170,13001,13043,297,39050
NIFTYIT-II,20180131,0,0,0,11682,0,0
NIFTYIT-III,20180131,0,0,0,13343,0,0
NIFTYMID50-I,20180131,5516.65,5516.65,5516.65,5516.65,1,523800
NIFTYMID50-II,20180131,0,0,0,5588,0,0
NIFTYMID50-III,20180131,0,0,0,5562.4,0,0
NIFTYPSE-I,20180131,0,0,0,4297,0,0
NIFTYPSE-II,20180131,0,0,0,4378.2,0,0
NIFTYPSE-III,20180131,0,0,0,4380.6,0,0
ACC-I,20180131,1731.1,1742.5,1705,1717.85,1629,1337200
ACC-II,20180131,1724.4,1725.05,1710.6,1719,9,6400
ACC-III,20180131,0,0,0,1756,0,0
ADANIENT-I,20180131,210.65,219.55,210.55,213.7,8621,16216000
ADANIENT-II,20180131,214,219.2,212,214.7,61,324000
ADANIENT-III,20180131,0,0,0,218.1,0,0
ADANIPORTS-I,20180131,429,437,427.35,431.1,2887,11065000
ADANIPORTS-II,20180131,435.45,439.05,429.45,433.1,33,152500
ADANIPORTS-III,20180131,0,0,0,434.75,0,2500
ADANIPOWER-I,20180131,37.15,38.45,36.15,36.85,2107,111180000
ADANIPOWER-II,20180131,37.8,38.35,36.85,37,17,1020000
ADANIPOWER-III,20180131,0,0,0,38.85,0,0
AJANTPHARM-I,20180131,1459,1463.95,1432.2,1454.25,991,987000
AJANTPHARM-II,20180131,1450,1463.95,1443.75,1460,6,4500
AJANTPHARM-III,20180131,0,0,0,1518.9,0,0
ALBK-I,20180131,67.65,68.75,66.45,67,1261,18950000
ALBK-II,20180131,68,68.85,66.2,67.15,27,340000
ALBK-III,20180131,0,0,0,71.3,0,0
AMARAJABAT-I,20180131,810.6,819.25,803.5,812.3,916,2022300
AMARAJABAT-II,20180131,816.65,816.65,816.65,816.65,1,13300
AMARAJABAT-III,20180131,0,0,0,856.25,0,0
AMBUJACEM-I,20180131,262.35,263.3,258,261.1,1351,13012500
AMBUJACEM-II,20180131,258.75,261.5,258.75,261.5,6,70000
AMBUJACEM-III,20180131,0,0,0,267.55,0,0
ANDHRABANK-I,20180131,53.1,53.85,52.1,52.9,933,24760000
ANDHRABANK-II,20180131,53.55,54.05,52.5,52.8,18,640000
ANDHRABANK-III,20180131,53.2,53.45,52.95,53.45,3,30000
APOLLOHOSP-I,20180131,1140.45,1172.5,1139.95,1167.1,1521,691500
APOLLOHOSP-II,20180131,1159,1167.15,1147.45,1167.15,28,5500
APOLLOHOSP-III,20180131,0,0,0,1153.15,0,0
APOLLOTYRE-I,20180131,258.7,264.5,254.05,255.9,2879,10518000
APOLLOTYRE-II,20180131,264.5,264.7,255.65,257.7,19,96000
APOLLOTYRE-III,20180131,263.7,263.7,263.7,263.7,1,3000
ARVIND-I,20180131,425,431.6,407,413.7,7321,6568000
ARVIND-II,20180131,432.05,432.05,410.05,415.15,65,88000
ARVIND-III,20180131,0,0,0,435,0,4000
ASHOKLEY-I,20180131,125.5,126.65,124.8,126.3,4083,57589000
ASHOKLEY-II,20180131,125.65,127.1,125.45,127,45,973000
ASHOKLEY-III,20180131,127.95,127.95,127.95,127.95,2,35000
ASIANPAINT-I,20180131,1134.75,1144.95,1130.45,1134.85,1640,4091400
ASIANPAINT-II,20180131,1138.85,1147,1138.85,1140.75,11,20400
ASIANPAINT-III,20180131,0,0,0,1170.2,0,0
AUROPHARMA-I,20180131,631.25,636.85,625.15,629.05,6188,24284800
AUROPHARMA-II,20180131,629.05,639,623.9,631.95,120,208800
AUROPHARMA-III,20180131,0,0,0,650.7,0,0
AXISBANK-I,20180131,594.6,599.2,590.3,596.75,8056,46803600
AXISBANK-II,20180131,595.95,601.55,593.95,599.3,138,396000
AXISBANK-III,20180131,600.6,600.6,600.6,600.6,1,2400
BAJAJ-AUTO-I,20180131,3340.75,3394.5,3300,3347.1,3067,2060500
BAJAJ-AUTO-II,20180131,0,0,0,3380.9,0,4750
BAJAJ-AUTO-III,20180131,0,0,0,3368.5,0,0
BAJAJFINSV-I,20180131,4888.8,4888.8,4753,4828.5,1960,837750
BAJAJFINSV-II,20180131,4860.1,4870.85,4795,4849.75,14,5000
BAJAJFINSV-III,20180131,0,0,0,5017.65,0,0
BAJFINANCE-I,20180131,1671.1,1696.65,1651.7,1684.05,5022,5947500
BAJFINANCE-II,20180131,1671.4,1702,1664.25,1689.1,72,36000
BAJFINANCE-III,20180131,1680,1704.35,1671,1684,4,2000
BALKRISIND-I,20180131,1159.3,1182.9,1117.25,1144.75,2554,1260000
BALKRISIND-II,20180131,1171.8,1182.5,1122.05,1122.05,9,9600
BALKRISIND-III,20180131,0,0,0,1150,0,0
BALRAMCHIN-I,20180131,120,125.85,120,122.6,2145,19071500
BALRAMCHIN-II,20180131,123.1,126.1,122,123.1,41,388500
BALRAMCHIN-III,20180131,0,0,0,120,0,14000
BANKBARODA-I,20180131,159.8,162.5,156.2,157.65,5877,54528000
BANKBARODA-II,20180131,161.8,163.1,157.1,158.45,96,544000
BANKBARODA-III,20180131,158,160.15,158,160.15,4,8000
BANKINDIA-I,20180131,162.55,163.3,156.1,157.95,3321,18504000
BANKINDIA-II,20180131,162.45,163.75,157.8,158.6,32,198000
BANKINDIA-III,20180131,0,0,0,172.3,0,0
BATAINDIA-I,20180131,715,721.05,703.15,707.9,1124,2384800
BATAINDIA-II,20180131,716.6,716.6,716.6,716.6,1,15400
BATAINDIA-III,20180131,0,0,0,718.45,0,0
BEL-I,20180131,172.9,172.9,167,168.25,3512,27566550
BEL-II,20180131,171.2,171.2,167.5,168.8,55,252450
BEL-III,20180131,170,170,170,170,2,9900
BEML-I,20180131,1481.1,1494,1454.25,1460.4,1660,2374500
BEML-II,20180131,1481.75,1481.75,1460.85,1461.05,12,7800
BEML-III,20180131,1480.3,1480.3,1470,1470,2,600
BERGEPAINT-I,20180131,249.35,253.5,246.35,251.3,425,1425600
BERGEPAINT-II,20180131,0,0,0,264.75,0,0
BERGEPAINT-III,20180131,0,0,0,257.5,0,0
BHARATFIN-I,20180131,1015.15,1057.75,1010.1,1051.25,3812,7408000
BHARATFIN-II,20180131,1034,1060,1033.65,1059.75,36,50000
BHARATFIN-III,20180131,0,0,0,1040.55,0,0
BHARATFORG-I,20180131,725.7,725.7,714.5,720.1,1508,6260400
BHARATFORG-II,20180131,720,722.3,718,719.25,9,24000
BHARATFORG-III,20180131,0,0,0,733.55,0,0
BHARTIARTL-I,20180131,443.35,446.9,437.45,441.45,6124,53764200
BHARTIARTL-II,20180131,448,448,440,443.5,83,251600
BHARTIARTL-III,20180131,446.6,446.6,446.6,446.6,1,511700
BHEL-I,20180131,101.35,103.7,98.65,100.05,3623,45780000
BHEL-II,20180131,102.5,104,99.1,100.15,55,720000
BHEL-III,20180131,99.85,99.85,99.85,99.85,1,15000
BIOCON-I,20180131,627.45,631.25,611,617.65,4175,7686000
BIOCON-II,20180131,627,630.65,612,617.05,133,149400
BIOCON-III,20180131,620,620,620,620,1,5400
BOSCHLTD-I,20180131,19543.95,19650,19369.4,19440.65,858,136050
BOSCHLTD-II,20180131,0,0,0,19526.25,0,75
BOSCHLTD-III,20180131,0,0,0,19979.25,0,0
BPCL-I,20180131,477.3,483.6,473.7,477.6,3760,8452800
BPCL-II,20180131,469,473.95,466,472.35,173,459000
BPCL-III,20180131,0,0,0,467.65,0,1800
BRITANNIA-I,20180131,4698.85,4730,4652,4690.95,595,861200
BRITANNIA-II,20180131,4697.3,4701.6,4677.7,4700.2,10,2400
BRITANNIA-III,20180131,0,0,0,4704.9,0,0
CADILAHC-I,20180131,426,431.4,421.9,426.5,1309,6436800
CADILAHC-II,20180131,426.5,427.9,423.9,426.95,10,51200
CADILAHC-III,20180131,0,0,0,425.35,0,0
CANBK-I,20180131,348,353.1,340.1,343.3,4751,11800000
CANBK-II,20180131,349.25,353,342.5,343.55,60,120000
CANBK-III,20180131,351.85,351.85,351.85,351.85,1,1600
CANFINHOME-I,20180131,450,454.35,446.4,451.3,927,6228750
CANFINHOME-II,20180131,451,456.6,450,454.85,10,80000
CANFINHOME-III,20180131,0,0,0,449.95,0,0
CAPF-I,20180131,745.05,751.4,736.8,741.7,1377,6703200
CAPF-II,20180131,748.4,748.4,741.05,745.25,11,76000
CAPF-III,20180131,0,0,0,771.6,0,0
CASTROLIND-I,20180131,185.3,187.45,180.8,184.4,2205,19824000
CASTROLIND-II,20180131,186.7,187.45,183.2,185.6,36,131600
CASTROLIND-III,20180131,184,184,184,184,1,2800
CEATLTD-I,20180131,1855,1870.55,1816.25,1829.55,2952,980700
CEATLTD-II,20180131,1846.05,1846.05,1826.05,1830.4,16,7350
CEATLTD-III,20180131,1840.05,1840.05,1840.05,1840.05,3,1050
CENTURYTEX-I,20180131,1397,1409,1378,1392.55,2898,7077400
CENTURYTEX-II,20180131,1400,1406.35,1386.35,1395.6,16,22000
CENTURYTEX-III,20180131,0,0,0,1422.85,0,0
CESC-I,20180131,1066.55,1078.8,1053.5,1060.25,1615,6509250
CESC-II,20180131,1074,1077.5,1060.25,1065.5,44,336600
CESC-III,20180131,0,0,0,1087.85,0,0
CGPOWER-I,20180131,91.55,92.4,90.7,91.4,738,25116000
CGPOWER-II,20180131,91.9,92.05,91.9,92,3,144000
CGPOWER-III,20180131,0,0,0,93.7,0,0
CHENNPETRO-I,20180131,421,424,414,416.05,435,3039000
CHENNPETRO-II,20180131,424.9,426.15,419.7,422.45,6,6000
CHENNPETRO-III,20180131,0,0,0,426.85,0,0
CHOLAFIN-I,20180131,1304.8,1324.45,1275.05,1284.9,1494,997000
CHOLAFIN-II,20180131,0,0,0,1308.2,0,0
CHOLAFIN-III,20180131,0,0,0,1329.95,0,0
CIPLA-I,20180131,609.85,611.45,589.9,593.6,2225,8696000
CIPLA-II,20180131,607.45,607.45,593.2,594.7,22,51000
CIPLA-III,20180131,0,0,0,632.05,0,0
COALINDIA-I,20180131,297.9,298.45,293.1,296.35,1773,15087600
COALINDIA-II,20180131,283.15,284.5,280.9,283.9,132,1361800
COALINDIA-III,20180131,283.15,283.15,283.15,283.15,1,6600
COLPAL-I,20180131,1141,1142.1,1120,1125.9,302,1038800
COLPAL-II,20180131,1141.7,1141.7,1141.7,1141.7,1,1400
COLPAL-III,20180131,0,0,0,1170.75,0,0
CONCOR-I,20180131,1374.4,1391.3,1363,1387.3,480,1036875
CONCOR-II,20180131,1380,1380,1380,1380,2,4375
CONCOR-III,20180131,0,0,0,1465.1,0,0
CUMMINSIND-I,20180131,910.2,920,898.25,901.35,266,549600
CUMMINSIND-II,20180131,0,0,0,906.05,0,600
CUMMINSIND-III,20180131,0,0,0,926.75,0,0
DABUR-I,20180131,359.8,361.7,347.5,356.1,3370,10895000
DABUR-II,20180131,355.65,358.65,355.65,358.65,2,12500
DABUR-III,20180131,0,0,0,359.85,0,0
DALMIABHA-I,20180131,2945,2970,2921,2950.55,322,556500
DALMIABHA-II,20180131,0,0,0,2994.55,0,0
DALMIABHA-III,20180131,0,0,0,3054.9,0,0
DCBBANK-I,20180131,177.4,179.8,173.3,174,771,7173000
DCBBANK-II,20180131,178,178,175,175.05,19,144000
DCBBANK-III,20180131,0,0,0,185.7,0,0
DHFL-I,20180131,589.25,597,581,585.15,3485,26673000
DHFL-II,20180131,592.2,598.9,586,588.95,53,175500
DHFL-III,20180131,0,0,0,606.05,0,0
DISHTV-I,20180131,75.5,76.3,75.15,75.35,1228,46158000
DISHTV-II,20180131,76,76.3,75.5,75.65,15,273000
DISHTV-III,20180131,0,0,0,74.85,0,0
DIVISLAB-I,20180131,1079.4,1079.4,1011.55,1040.6,3643,2248800
DIVISLAB-II,20180131,1079.75,1080,1018.9,1044.25,81,32800
DIVISLAB-III,20180131,0,0,0,1139.5,0,0
DLF-I,20180131,255.25,258.85,248.3,251.45,7511,45755000
DLF-II,20180131,256.05,259.6,249.65,252.95,98,535000
DLF-III,20180131,0,0,0,257.95,0,0
DRREDDY-I,20180131,2304.75,2313.5,2208.5,2236.9,8695,5475250
DRREDDY-II,20180131,2310,2320.8,2225,2249.05,142,35000
DRREDDY-III,20180131,2292,2292,2232.6,2265,9,4500
EICHERMOT-I,20180131,26820.3,27485,26607.9,27037.3,3780,275400
EICHERMOT-II,20180131,26613.2,27554.6,26400,27209.5,41,1825
EICHERMOT-III,20180131,0,0,0,26974.05,0,0
ENGINERSIN-I,20180131,176.2,177.95,172.5,177.1,1933,11336500
ENGINERSIN-II,20180131,176.15,176.9,172,176.65,46,262500
ENGINERSIN-III,20180131,0,0,0,176.7,0,0
EQUITAS-I,20180131,150.1,151.65,147,148.9,1449,24726400
EQUITAS-II,20180131,150.25,152.3,148.2,149.2,38,73600
EQUITAS-III,20180131,0,0,0,148.4,0,0
ESCORTS-I,20180131,836.15,846.3,802.05,816.6,7898,2924900
ESCORTS-II,20180131,845,848.3,809.05,820,71,47300
ESCORTS-III,20180131,0,0,0,851.25,0,0
EXIDEIND-I,20180131,225.1,229.05,221.6,224.2,2422,15192000
EXIDEIND-II,20180131,227.65,227.95,223.05,225.65,15,72000
EXIDEIND-III,20180131,0,0,0,231,0,0
FEDERALBNK-I,20180131,101.45,102.35,99.4,100.8,3829,74354500
FEDERALBNK-II,20180131,102.35,102.85,100,101.35,121,1683000
FEDERALBNK-III,20180131,103,103,101.55,101.85,7,55000
FORTIS-I,20180131,147.45,148.15,135.5,139.65,10125,60294500
FORTIS-II,20180131,148.5,148.5,136.8,140.4,172,637000
FORTIS-III,20180131,0,0,0,149,0,7000
GAIL-I,20180131,473.85,479.6,469.4,477.15,1859,10920000
GAIL-II,20180131,473.5,479,471.75,477.45,25,110000
GAIL-III,20180131,0,0,0,480,0,4000
GLENMARK-I,20180131,613.35,614.95,602.65,607.15,1426,5582700
GLENMARK-II,20180131,611.55,613.95,606,610,40,59400
GLENMARK-III,20180131,610,610,610,610,1,900
GMRINFRA-I,20180131,21.95,22.5,21.6,21.8,1648,298215000
GMRINFRA-II,20180131,22.2,22.55,21.75,21.9,20,3195000
GMRINFRA-III,20180131,0,0,0,22.3,0,8595000
GODFRYPHLP-I,20180131,947.25,954.5,919,926.15,434,841000
GODFRYPHLP-II,20180131,948.75,951.7,930,930,10,2500
GODFRYPHLP-III,20180131,0,0,0,979.25,0,0
GODREJCP-I,20180131,1068.2,1073,1048,1058.15,1137,1649600
GODREJCP-II,20180131,1062.6,1062.6,1062.6,1062.6,1,2400
GODREJCP-III,20180131,0,0,0,1093.45,0,0
GODREJIND-I,20180131,606.75,616,599.1,609.5,748,1668000
GODREJIND-II,20180131,604.95,616,604.95,616,5,7500
GODREJIND-III,20180131,0,0,0,630.7,0,0
GRANULES-I,20180131,133,134.1,131.2,132.65,652,15295000
GRANULES-II,20180131,133.8,134.4,132.8,132.8,6,100000
GRANULES-III,20180131,0,0,0,139.2,0,0
GRASIM-I,20180131,1161.45,1172,1147.5,1164.15,1066,3166500
GRASIM-II,20180131,1153,1168,1153,1168,17,23250
GRASIM-III,20180131,0,0,0,1213.45,0,0
GSFC-I,20180131,147.9,147.9,142.7,145.5,1033,22450500
GSFC-II,20180131,146.8,147.55,144,146.45,6,153000
GSFC-III,20180131,0,0,0,151.65,0,0
HAVELLS-I,20180131,535,539.2,518,524.4,7501,5948000
HAVELLS-II,20180131,525.4,536.8,522.3,526.75,88,102000
HAVELLS-III,20180131,523.4,523.4,523.4,523.4,1,2000
HCC-I,20180131,39.05,40.15,38.8,39.4,761,55800000
HCC-II,20180131,39.9,40.15,39.2,39.65,14,1680000
HCC-III,20180131,40,40,40,40,1,30000
HCLTECH-I,20180131,1004.85,1019,987.3,991.25,4581,11127900
HCLTECH-II,20180131,1020.1,1020.1,995,995.05,16,9800
HCLTECH-III,20180131,0,0,0,1026.9,0,0
HDFC-I,20180131,1941.65,1969.8,1928.05,1965.6,8649,18409000
HDFC-II,20180131,1945.9,1973.7,1936,1968.45,70,106000
HDFC-III,20180131,0,0,0,1941.05,0,0
HDFCBANK-I,20180131,1997.8,2022.45,1996,2013.15,11126,20460500
HDFCBANK-II,20180131,2008,2025,2007.35,2017.65,177,171000
HDFCBANK-III,20180131,0,0,0,2008.85,0,0
HDIL-I,20180131,58.4,59.8,57.5,58.15,1867,38511000
HDIL-II,20180131,59.5,59.5,58.1,58.1,17,576000
HDIL-III,20180131,0,0,0,60,0,9000
HEROMOTOCO-I,20180131,3694.9,3720,3655,3659.6,4491,1599800
HEROMOTOCO-II,20180131,3671.55,3722.65,3658.75,3665.85,403,76800
HEROMOTOCO-III,20180131,3672.3,3690,3672.3,3690,7,1600
HEXAWARE-I,20180131,383.15,386.45,375.65,381.1,1847,4314000
HEXAWARE-II,20180131,376,379,376,379,6,30000
HEXAWARE-III,20180131,0,0,0,387.9,0,0
HINDALCO-I,20180131,254.45,263.65,253.2,257.1,11775,38304000
HINDALCO-II,20180131,254.6,264.55,254.5,258.1,127,339500
HINDALCO-III,20180131,263.5,263.5,263.5,263.5,1,3500
HINDPETRO-I,20180131,390.25,397.2,382.55,388,6316,24714900
HINDPETRO-II,20180131,389.45,392.5,379,385.85,230,403200
HINDPETRO-III,20180131,0,0,0,390.75,0,0
HINDUNILVR-I,20180131,1402.3,1402.35,1370,1374.1,3184,9079200
HINDUNILVR-II,20180131,1396.95,1396.95,1380,1381.1,19,22200
HINDUNILVR-III,20180131,0,0,0,1396.3,0,0
HINDZINC-I,20180131,307.35,315,304,309.35,2465,11500800
HINDZINC-II,20180131,309.15,312.8,305.3,307.8,29,118400
HINDZINC-III,20180131,0,0,0,303.7,0,0
IBULHSGFIN-I,20180131,1401.1,1406,1364,1384.95,7105,14985600
IBULHSGFIN-II,20180131,1391.9,1410.7,1375.6,1393.45,64,47600
IBULHSGFIN-III,20180131,1413.6,1413.6,1413.6,1413.6,1,400
ICICIBANK-I,20180131,350.75,355.45,345.05,354.35,18650,88264000
ICICIBANK-II,20180131,352.75,356,346,355.15,185,607750
ICICIBANK-III,20180131,0,0,0,357.35,0,5500
ICICIPRULI-I,20180131,416.65,417.15,405.75,408.4,1250,4637100
ICICIPRULI-II,20180131,418.05,418.05,408.05,411.65,19,44200
ICICIPRULI-III,20180131,0,0,0,437.3,0,0
IDBI-I,20180131,61.45,62.2,60.05,60.6,1600,29850000
IDBI-II,20180131,61.5,62.35,60.7,60.85,20,500000
IDBI-III,20180131,60.8,60.9,60.8,60.9,3,60000
IDEA-I,20180131,94.05,96.6,92.5,93.4,5266,60879000
IDEA-II,20180131,94.35,96.8,93,93.8,101,665000
IDEA-III,20180131,95.45,96.7,93.5,93.5,6,56000
IDFC-I,20180131,57,57.45,55.8,56.55,1429,194766000
IDFC-II,20180131,57.35,57.65,56.3,56.8,9,831600
IDFC-III,20180131,56.9,56.9,56.6,56.6,5,4290000
IDFCBANK-I,20180131,57.05,57.75,56.5,56.95,1791,178452000
IDFCBANK-II,20180131,57.4,58,56.95,57.25,41,1332000
IDFCBANK-III,20180131,0,0,0,59.2,0,0
IFCI-I,20180131,28.65,29.15,28,28.65,1046,76582000
IFCI-II,20180131,28.8,29.15,28.5,28.85,9,2046000
IFCI-III,20180131,29.2,29.2,29.2,29.2,1,22000
IGL-I,20180131,309,310.8,302.6,305.35,1220,8112500
IGL-II,20180131,309,309,305.3,307,20,46750
IGL-III,20180131,0,0,0,312.6,0,0
INDIACEM-I,20180131,170.15,171.85,166.3,168.6,2638,29491000
INDIACEM-II,20180131,171.4,172.5,167.3,169.45,45,304500
INDIACEM-III,20180131,170,170,170,170,1,10500
INDIANB-I,20180131,368.7,374,358,363.6,1517,4190000
INDIANB-II,20180131,375,375,364.85,365.4,24,64000
INDIANB-III,20180131,0,0,0,371,0,2000
INDIGO-I,20180131,1223.95,1231.75,1208.4,1219.15,1141,2626200
INDIGO-II,20180131,1217.85,1218,1217.85,1218,3,4200
INDIGO-III,20180131,0,0,0,1217,0,600
INDUSINDBK-I,20180131,1704.2,1758.8,1704.2,1749.9,7800,6630600
INDUSINDBK-II,20180131,1718.2,1750.5,1718.2,1741.2,187,110400
INDUSINDBK-III,20180131,1730,1736.95,1716.4,1736.95,39,10500
INFIBEAM-I,20180131,157.5,157.85,153.25,154.6,562,32544000
INFIBEAM-II,20180131,155.55,155.55,153.6,153.7,16,2336000
INFIBEAM-III,20180131,0,0,0,156.7,0,12000
INFRATEL-I,20180131,343,354.3,343,352.6,1709,10407400
INFRATEL-II,20180131,344.7,352,344.7,351,32,136000
INFRATEL-III,20180131,0,0,0,357.95,0,1700
INFY-I,20180131,1164.9,1171,1148.15,1156.6,9126,35392200
INFY-II,20180131,1170,1174.65,1153.55,1161.95,180,187800
INFY-III,20180131,1173.05,1173.05,1162.95,1169.75,5,2400
IOC-I,20180131,400.65,404.4,394.05,396.85,12117,17926500
IOC-II,20180131,400,403,393,395.9,273,459000
IOC-III,20180131,403,404.5,401.25,401.3,6,9000
IRB-I,20180131,243,246,232.55,240.8,1880,16292500
IRB-II,20180131,246.05,246.1,242.9,242.9,11,50000
IRB-III,20180131,0,0,0,248.2,0,0
ITC-I,20180131,276.1,277.5,271.15,272.7,7986,90542400
ITC-II,20180131,277.8,278.15,273,273.85,69,578400
ITC-III,20180131,278.15,278.15,275.05,275.05,4,7200
JETAIRWAYS-I,20180131,764.9,778.6,753.8,758.15,3844,5283600
JETAIRWAYS-II,20180131,768.9,768.9,761.4,761.4,12,31200
JETAIRWAYS-III,20180131,0,0,0,778.95,0,0
JINDALSTEL-I,20180131,267.3,275.65,265.35,267.9,6323,29245500
JINDALSTEL-II,20180131,270.4,276.5,267.2,269.85,53,198000
JINDALSTEL-III,20180131,0,0,0,272.8,0,9000
JISLJALEQS-I,20180131,142.9,145.5,136.95,140.5,5116,54198000
JISLJALEQS-II,20180131,143.55,145.2,137.6,141.35,75,693000
JISLJALEQS-III,20180131,0,0,0,147.6,0,9000
JPASSOCIAT-I,20180131,20.35,21,20,20.4,358,232900000
JPASSOCIAT-II,20180131,20,21,20,20.65,25,1156000
JPASSOCIAT-III,20180131,0,0,0,22.4,0,0
JSWSTEEL-I,20180131,287.9,295.45,282.2,292.25,8396,49146000
JSWSTEEL-II,20180131,288.3,296.35,284,293.45,90,282000
JSWSTEEL-III,20180131,0,0,0,295.8,0,0
JUBLFOOD-I,20180131,2144.9,2159.8,2035.2,2053.1,7141,2441500
JUBLFOOD-II,20180131,2155.8,2162,2049,2054.6,96,39000
JUBLFOOD-III,20180131,2135,2135,2090,2090,4,500
JUSTDIAL-I,20180131,516,531.35,509.5,518.8,6035,3257800
JUSTDIAL-II,20180131,516.55,528.15,509.5,519.05,29,33600
JUSTDIAL-III,20180131,0,0,0,588.8,0,0
KAJARIACER-I,20180131,678.05,678.05,628.05,635,2628,1512800
KAJARIACER-II,20180131,677.45,677.45,625.6,638.9,13,4000
KAJARIACER-III,20180131,0,0,0,707.55,0,0
KOTAKBANK-I,20180131,1096,1118,1092.5,1112.75,4963,11422400
KOTAKBANK-II,20180131,1097.85,1119.8,1097.45,1115.15,102,100000
KOTAKBANK-III,20180131,0,0,0,1111.1,0,0
KPIT-I,20180131,218.25,221.15,210.1,213,3090,15120000
KPIT-II,20180131,221.55,225,211.4,211.4,26,171000
KPIT-III,20180131,0,0,0,215.1,0,0
KSCL-I,20180131,487,518.7,482.9,516.95,1911,3913500
KSCL-II,20180131,478.8,521.95,478.8,521.95,6,30000
KSCL-III,20180131,0,0,0,490,0,1500
KTKBANK-I,20180131,148.65,150.6,145.9,147.95,1851,25121800
KTKBANK-II,20180131,150.55,150.55,147.4,148.5,18,353400
KTKBANK-III,20180131,151,151,149.7,150,3,11400
L&TFH-I,20180131,176.65,178.6,171,173.25,4059,46912500
L&TFH-II,20180131,177.5,179.2,172.45,174.05,73,1264500
L&TFH-III,20180131,0,0,0,179.7,0,0
LICHSGFIN-I,20180131,537.4,543,531.6,537.35,4574,17754000
LICHSGFIN-II,20180131,542.7,545.75,535.1,539.95,58,209000
LICHSGFIN-III,20180131,540,540,540,540,2,2200
LT-I,20180131,1434.2,1440,1416.7,1424.45,6058,13416000
LT-II,20180131,1430.95,1435,1422.75,1427.65,81,96000
LT-III,20180131,1438.4,1438.4,1438.4,1438.4,1,750
LUPIN-I,20180131,898.2,906.2,878.1,886.95,5924,12513000
LUPIN-II,20180131,904.4,908.5,883,891.2,220,204600
LUPIN-III,20180131,909.9,910,889.8,893.65,30,25800
M&M-I,20180131,766.95,772.9,760.1,766.3,2579,12380000
M&M-II,20180131,773,773.8,764.5,768.1,30,53000
M&M-III,20180131,0,0,0,770.8,0,0
M&MFIN-I,20180131,472.15,477.85,448.65,464,6579,7527500
M&MFIN-II,20180131,477.9,477.9,452.35,466.45,19,27500
M&MFIN-III,20180131,0,0,0,490.1,0,0
MANAPPURAM-I,20180131,113.5,115.2,109.25,110.9,1794,32490000
MANAPPURAM-II,20180131,114.35,115.35,109.85,111.2,32,264000
MANAPPURAM-III,20180131,111,111,111,111,2,12000
MARICO-I,20180131,311.65,314.5,306.55,307.45,576,4833400
MARICO-II,20180131,0,0,0,315.25,0,5200
MARICO-III,20180131,0,0,0,312.75,0,0
MARUTI-I,20180131,9581.3,9617.8,9508.45,9548.95,8309,2384175
MARUTI-II,20180131,9650.6,9650.6,9564.15,9593.8,96,33750
MARUTI-III,20180131,9680,9700.1,9600,9645.7,16,2850
MCDOWELL-N-I,20180131,3297,3326.05,3240.5,3290.8,3194,2547000
MCDOWELL-N-II,20180131,3301.6,3340.75,3295.65,3307.65,33,18500
MCDOWELL-N-III,20180131,0,0,0,3326.7,0,750
MCX-I,20180131,783.05,791.6,773.75,778.7,1719,4179500
MCX-II,20180131,781.4,794.15,780,782.85,51,57500
MCX-III,20180131,797.3,797.3,797.3,797.3,1,7000
MFSL-I,20180131,534.5,539,528.6,534.55,740,2838000
MFSL-II,20180131,535.95,539.05,533,533,5,13000
MFSL-III,20180131,0,0,0,546.55,0,0
MGL-I,20180131,1008.1,1016.95,989.3,1012.15,636,1389600
MGL-II,20180131,1010.9,1019.5,1010.9,1019.5,4,19200
MGL-III,20180131,1008.15,1008.15,1008.15,1008.15,1,600
MINDTREE-I,20180131,766,779.9,764,770.2,2632,1878000
MINDTREE-II,20180131,769.95,781.4,768,772,24,15600
MINDTREE-III,20180131,0,0,0,762.4,0,0
MOTHERSUMI-I,20180131,363.65,368.8,361.6,367.2,1600,10624000
MOTHERSUMI-II,20180131,370,370,364,368.3,13,22400
MOTHERSUMI-III,20180131,0,0,0,376.5,0,0
MRF-I,20180131,68517.2,69000,67370,68232.9,929,61035
MRF-II,20180131,68496.8,69091.25,67907.4,67907.4,15,195
MRF-III,20180131,0,0,0,68701.55,0,0
MRPL-I,20180131,129.7,130.3,126.4,129,818,8914500
MRPL-II,20180131,128.75,129,128.75,129,2,18000
MRPL-III,20180131,0,0,0,129.75,0,0
MUTHOOTFIN-I,20180131,421.8,422.7,410,417.15,725,2944500
MUTHOOTFIN-II,20180131,418,418,418,418,1,6000
MUTHOOTFIN-III,20180131,0,0,0,433.25,0,0
NATIONALUM-I,20180131,76,76.6,72.4,73.3,2718,52568000
NATIONALUM-II,20180131,75.6,75.85,73,73.55,123,776000
NATIONALUM-III,20180131,75,75.5,73.4,73.5,8,48000
NBCC-I,20180131,223.05,230.6,223.05,226.6,1690,14106000
NBCC-II,20180131,229.1,231.25,225.3,228.2,51,171000
NBCC-III,20180131,0,0,0,239,0,0
NCC-I,20180131,126.4,127.3,121.65,123.25,1846,29928000
NCC-II,20180131,127.1,127.1,122.25,123.5,29,280000
NCC-III,20180131,0,0,0,130.1,0,0
NESTLEIND-I,20180131,7429.95,7544.6,7429.95,7503.45,188,144300
NESTLEIND-II,20180131,0,0,0,7857.55,0,0
NESTLEIND-III,20180131,0,0,0,7619.2,0,0
NHPC-I,20180131,28.65,28.9,28.3,28.4,194,54702000
NHPC-II,20180131,28.6,28.6,28.5,28.5,2,1215000
NHPC-III,20180131,0,0,0,30.25,0,0
NIITTECH-I,20180131,855,873.9,852.1,860.85,1886,1540500
NIITTECH-II,20180131,867.75,867.75,867.75,867.75,1,18000
NIITTECH-III,20180131,0,0,0,929.8,0,0
NMDC-I,20180131,144.05,144.5,137.3,139.1,2167,40170000
NMDC-II,20180131,142.75,143,136.85,138.35,304,5808000
NMDC-III,20180131,142,142,141,141,2,12000
NTPC-I,20180131,168.1,168.85,166.8,168.4,2366,25480000
NTPC-II,20180131,168.65,169.3,167.75,169.1,20,160000
NTPC-III,20180131,0,0,0,174.9,0,0
OFSS-I,20180131,4143.15,4204.95,4092,4189.9,349,128850
OFSS-II,20180131,0,0,0,4127,0,0
OFSS-III,20180131,0,0,0,4303.35,0,0
OIL-I,20180131,353.25,357.2,351,351.5,253,2692008
OIL-II,20180131,351.9,354.9,351,350.9,10,88374
OIL-III,20180131,0,0,0,388.25,0,0
ONGC-I,20180131,203,205.25,198.7,202.2,5446,40698750
ONGC-II,20180131,201.85,205.2,198.8,203.1,893,2853750
ONGC-III,20180131,203.15,203.75,200.1,203.6,15,48750
ORIENTBANK-I,20180131,112.8,116.8,112.8,115.6,2251,18246000
ORIENTBANK-II,20180131,115.75,116.15,114.15,114.15,13,366000
ORIENTBANK-III,20180131,0,0,0,118,0,12000
PAGEIND-I,20180131,21879.95,21899,21315.5,21599.7,339,40650
PAGEIND-II,20180131,0,0,0,25564.95,0,0
PAGEIND-III,20180131,0,0,0,22332.15,0,0
PCJEWELLER-I,20180131,520,520,479.7,488.55,15617,17656500
PCJEWELLER-II,20180131,515.65,518.3,482.65,490.75,182,217500
PCJEWELLER-III,20180131,510,516,490,490,5,6000
PEL-I,20180131,2769.95,2791,2705.9,2744.1,1001,1492484
PEL-II,20180131,2803.4,2803.45,2741.1,2741.1,7,2114
PEL-III,20180131,0,0,0,2818.75,0,0
PETRONET-I,20180131,255.2,258,248.6,252.75,2206,15957000
PETRONET-II,20180131,256.1,257.45,250.55,253.35,32,96000
PETRONET-III,20180131,0,0,0,248.2,0,0
PFC-I,20180131,117.2,118.3,114.4,116.2,2103,62514000
PFC-II,20180131,116.6,117.2,113.65,115.2,221,1836000
PFC-III,20180131,117,117.05,116.5,116.5,3,24000
PIDILITIND-I,20180131,892.55,901.2,887,897.8,1106,1451000
PIDILITIND-II,20180131,0,0,0,890.2,0,19000
PIDILITIND-III,20180131,0,0,0,892.3,0,0
PNB-I,20180131,172.5,176,169.25,172.2,7601,41396000
PNB-II,20180131,173.95,176.55,170,173.05,87,444000
PNB-III,20180131,0,0,0,179.2,0,4000
POWERGRID-I,20180131,193.35,194.45,191.55,193.1,2669,26388000
POWERGRID-II,20180131,193.5,193.9,192.5,193.5,15,176000
POWERGRID-III,20180131,195.55,195.55,194,194,2,4000
PTC-I,20180131,106.55,107.85,104.7,105.8,601,21216000
PTC-II,20180131,108,108,105.5,106.25,4,232000
PTC-III,20180131,0,0,0,113.75,0,16000
PVR-I,20180131,1430,1482.3,1415.15,1467.9,2358,493200
PVR-II,20180131,0,0,0,1513,0,2000
PVR-III,20180131,0,0,0,1492,0,0
RAMCOCEM-I,20180131,762.05,777.25,757.15,763.4,223,394400
RAMCOCEM-II,20180131,0,0,0,770.6,0,3200
RAMCOCEM-III,20180131,0,0,0,797.65,0,0
RAYMOND-I,20180131,1082,1083.8,1047.2,1056.3,1972,5124000
RAYMOND-II,20180131,1068.1,1070,1057.5,1061.85,15,41600
RAYMOND-III,20180131,0,0,0,1093.2,0,0
RBLBANK-I,20180131,500.75,507.35,500.75,506.1,862,6055000
RBLBANK-II,20180131,506,510,504.4,510,17,64000
RBLBANK-III,20180131,0,0,0,519.15,0,0
RCOM-I,20180131,30.1,31.1,29,29.65,3877,90188000
RCOM-II,20180131,30.8,30.8,29.65,30.1,20,2408000
RCOM-III,20180131,31,31,29.35,29.35,7,168000
RECLTD-I,20180131,151.15,152.6,147.3,149.65,1802,42522000
RECLTD-II,20180131,151.8,152.05,147.3,148.9,54,2562000
RECLTD-III,20180131,152.25,152.25,149,149,3,18000
RELCAPITAL-I,20180131,504.75,513.4,484.3,490.7,10337,13596000
RELCAPITAL-II,20180131,510.5,514.45,488.8,491.8,91,45750
RELCAPITAL-III,20180131,511.65,511.65,507,507,4,4500
RELIANCE-I,20180131,948.65,968.8,945.25,966.4,12137,41227000
RELIANCE-II,20180131,955,972.8,946.6,971.4,278,543000
RELIANCE-III,20180131,963.7,970.55,963.7,970.55,3,3000
RELINFRA-I,20180131,509.3,514.95,493.65,499.2,6608,12066600
RELINFRA-II,20180131,513.05,515.85,496.9,501.4,55,94900
RELINFRA-III,20180131,505,505,505,505,1,1300
REPCOHOME-I,20180131,630.8,640.2,625.1,627.5,256,880200
REPCOHOME-II,20180131,0,0,0,648,0,4500
REPCOHOME-III,20180131,0,0,0,675.25,0,0
RNAVAL-I,20180131,47.35,48.9,45.45,46.3,1365,36378000
RNAVAL-II,20180131,48.3,48.7,46.1,46.5,12,126000
RNAVAL-III,20180131,48.95,48.95,48.95,48.95,1,9000
RPOWER-I,20180131,47.6,47.95,45.3,46,2197,65611000
RPOWER-II,20180131,47.6,47.85,45.7,46.25,50,1144000
RPOWER-III,20180131,47.15,47.15,46.75,46.75,3,143000
SAIL-I,20180131,90.9,91.7,88,89.35,4602,71700000
SAIL-II,20180131,90.75,91.55,88.7,89.9,70,1224000
SAIL-III,20180131,91.2,91.2,89.55,89.55,4,48000
SBIN-I,20180131,313,317.65,308.8,314.1,13784,61797000
SBIN-II,20180131,316.85,318.95,310.45,315.55,226,1224000
SBIN-III,20180131,317.9,317.9,312.4,317,16,18000
SHREECEM-I,20180131,17375.35,17598,17204.7,17304.35,238,67450
SHREECEM-II,20180131,0,0,0,17800,0,200
SHREECEM-III,20180131,0,0,0,18473.2,0,0
SIEMENS-I,20180131,1297.35,1334.8,1280,1302.4,2012,788500
SIEMENS-II,20180131,1290.05,1290.05,1290,1290,3,4500
SIEMENS-III,20180131,0,0,0,1318.35,0,0
SOUTHBANK-I,20180131,30.6,30.75,30,30.3,1460,177702042
SOUTHBANK-II,20180131,30.85,30.85,30.2,30.5,43,3844356
SOUTHBANK-III,20180131,0,0,0,31.05,0,66282
SREINFRA-I,20180131,96,97.7,94.95,96,603,19760000
SREINFRA-II,20180131,96.6,96.6,95.7,96.3,14,75000
SREINFRA-III,20180131,0,0,0,99.55,0,0
SRF-I,20180131,1808.95,1828.85,1775.3,1790.25,929,671500
SRF-II,20180131,1832.75,1832.75,1795,1796,8,4500
SRF-III,20180131,0,0,0,1871.2,0,0
SRTRANSFIN-I,20180131,1372,1408,1360,1383.95,2162,1948200
SRTRANSFIN-II,20180131,1375,1404.1,1375,1387.75,13,13200
SRTRANSFIN-III,20180131,0,0,0,1471,0,0
STAR-I,20180131,780.15,787.7,761,767.65,1868,4749000
STAR-II,20180131,784.35,792.85,766.2,773.45,40,23400
STAR-III,20180131,784.75,784.75,784.75,784.75,1,600
SUNPHARMA-I,20180131,591,596.9,576.6,581.05,10701,50516400
SUNPHARMA-II,20180131,598.6,598.6,580,584.05,212,1620300
SUNPHARMA-III,20180131,590,590,585,585,2,6600
SUNTV-I,20180131,1030,1033,1018.1,1022.6,2375,4339000
SUNTV-II,20180131,1030.5,1034.3,1018.35,1022.05,77,59000
SUNTV-III,20180131,0,0,0,1051.45,0,0
SUZLON-I,20180131,14.65,14.85,14.6,14.7,1118,399595000
SUZLON-II,20180131,14.75,14.95,14.7,14.8,54,11795000
SUZLON-III,20180131,14.9,14.95,14.85,14.9,10,315000
SYNDIBANK-I,20180131,73.1,73.9,72.05,72.8,1321,29916000
SYNDIBANK-II,20180131,73.1,74.05,72.5,73,19,189000
SYNDIBANK-III,20180131,0,0,0,78,0,0
TATACHEM-I,20180131,717,724.85,709.2,721.7,1980,8541000
TATACHEM-II,20180131,725.7,726,712.85,725.6,17,43500
TATACHEM-III,20180131,0,0,0,729.6,0,0
TATACOMM-I,20180131,615.7,627.65,615.45,619.2,2061,8554400
TATACOMM-II,20180131,628.95,628.95,621.4,624,8,52800
TATACOMM-III,20180131,0,0,0,629.9,0,0
TATAELXSI-I,20180131,1086.95,1093,1051.6,1064.6,1296,1773600
TATAELXSI-II,20180131,1092.1,1092.1,1063,1071.7,16,20000
TATAELXSI-III,20180131,0,0,0,1106.35,0,0
TATAGLOBAL-I,20180131,303.7,305.3,286.65,292.3,7511,30685500
TATAGLOBAL-II,20180131,305.5,306,288.1,293.75,128,216000
TATAGLOBAL-III,20180131,0,0,0,309.5,0,0
TATAMOTORS-I,20180131,397.3,402.3,397.25,400.55,8862,57952500
TATAMOTORS-II,20180131,401.65,404.1,399.65,402.4,171,1108500
TATAMOTORS-III,20180131,403,405.65,403,405.65,2,30000
TATAMTRDVR-I,20180131,223.9,226.9,223.9,225.55,1153,27107500
TATAMTRDVR-II,20180131,227.1,227.65,225.95,227.65,15,215000
TATAMTRDVR-III,20180131,229.6,229.6,227.5,228,6,10000
TATAPOWER-I,20180131,91.05,91.4,89.15,89.55,1385,69939000
TATAPOWER-II,20180131,91.3,91.6,89.95,90,9,324000
TATAPOWER-III,20180131,0,0,0,91.5,0,0
TATASTEEL-I,20180131,738.5,746.8,705.25,709.15,27330,20359529
TATASTEEL-II,20180131,744,749.15,708.85,711.45,357,632356
TATASTEEL-III,20180131,736,736,736,736,1,2122
TCS-I,20180131,3150.1,3162.75,3116,3129.2,6697,7134000
TCS-II,20180131,3166.75,3166.8,3130.7,3136.5,72,20750
TCS-III,20180131,3078.05,3192.45,3078.05,3148.5,12,250
TECHM-I,20180131,603.7,626.4,601,613.7,7681,12366000
TECHM-II,20180131,603.3,626.95,603.3,616.3,140,142800
TECHM-III,20180131,0,0,0,608.75,0,0
TITAN-I,20180131,875.9,888.55,863.5,873.7,4846,10423500
TITAN-II,20180131,885,890.35,869,877,45,208500
TITAN-III,20180131,0,0,0,904.05,0,1500
TORNTPHARM-I,20180131,1348.25,1367.05,1340,1359.25,234,341000
TORNTPHARM-II,20180131,0,0,0,1447,0,500
TORNTPHARM-III,20180131,0,0,0,1445.8,0,0
TORNTPOWER-I,20180131,280,286.3,276.25,284.75,1399,4431000
TORNTPOWER-II,20180131,0,0,0,297.45,0,3000
TORNTPOWER-III,20180131,0,0,0,289.15,0,0
TV18BRDCST-I,20180131,59.5,63.7,59.3,62.2,4510,80733000
TV18BRDCST-II,20180131,60.05,63.9,60.05,62.45,43,697000
TV18BRDCST-III,20180131,0,0,0,60.95,0,0
TVSMOTOR-I,20180131,712.35,712.35,685.2,697.05,6557,5766000
TVSMOTOR-II,20180131,702,705,687.45,698,89,71000
TVSMOTOR-III,20180131,695.3,695.3,695.3,695.3,1,2000
UBL-I,20180131,1140,1157,1128.55,1145.4,766,1058400
UBL-II,20180131,1137.5,1137.5,1136.95,1137,16,45500
UBL-III,20180131,0,0,0,1162.35,0,0
UJJIVAN-I,20180131,383.3,387.55,373.4,379.25,1245,6657600
UJJIVAN-II,20180131,381.05,382.6,376,380.35,16,41600
UJJIVAN-III,20180131,0,0,0,400.6,0,0
ULTRACEMCO-I,20180131,4374.2,4412.3,4348.4,4385.6,1559,1628600
ULTRACEMCO-II,20180131,4411.4,4411.4,4376.95,4377,19,5400
ULTRACEMCO-III,20180131,0,0,0,4434.7,0,0
UNIONBANK-I,20180131,135.95,137.7,134.6,136.85,2495,25848000
UNIONBANK-II,20180131,137,138,135.9,137.55,65,436000
UNIONBANK-III,20180131,0,0,0,144.2,0,0
UPL-I,20180131,776.15,780,751.1,756.25,4174,11956800
UPL-II,20180131,777,777,756,760.8,77,87600
UPL-III,20180131,0,0,0,802,0,1200
VEDL-I,20180131,340.05,347.7,336.05,341.35,15033,41450500
VEDL-II,20180131,340.8,345.4,334.65,339.05,146,498750
VEDL-III,20180131,342.25,342.25,330.9,330.9,6,8750
VGUARD-I,20180131,226.3,232.25,224,231.3,1202,2763000
VGUARD-II,20180131,226.5,233,225.15,232,11,45000
VGUARD-III,20180131,0,0,0,234.6,0,0
VOLTAS-I,20180131,611,618.2,603.1,607.8,2842,2258000
VOLTAS-II,20180131,606.6,616.8,606,608.35,27,29000
VOLTAS-III,20180131,0,0,0,625.65,0,0
WIPRO-I,20180131,307.35,309.55,303.05,306.3,1575,36290400
WIPRO-II,20180131,306.5,306.55,303.95,306.55,19,230400
WIPRO-III,20180131,0,0,0,317.3,0,0
WOCKPHARMA-I,20180131,807.85,831.65,798.5,805.05,1957,3571200
WOCKPHARMA-II,20180131,822.6,822.6,818.35,812.3,3,41400
WOCKPHARMA-III,20180131,0,0,0,836.1,0,209700
YESBANK-I,20180131,352.8,358.2,352.1,356.05,7008,41170500
YESBANK-II,20180131,355,359.3,354.1,357.7,82,414750
YESBANK-III,20180131,357.35,357.35,357.35,357.35,1,1750
ZEEL-I,20180131,597.15,609.1,593.15,596.95,2046,7514000
ZEEL-II,20180131,606,611.7,596.65,598.15,29,71500
ZEEL-III,20180131,0,0,0,606.1,0,0
